timestamp,acc_x,acc_y,acc_z,gyro_x,gyro_y,gyro_z
1747679454.1970754,0.09341291,0.1824328,0.95212835,0.09387636,-0.2539322,-0.02210422
1747679454.1976147,0.09341291,0.1824328,0.95212835,0.09387636,-0.2539322,-0.02210422
1747679454.1981401,0.09341291,0.1824328,0.95212835,0.09387636,-0.2539322,-0.02210422
1747679454.1986594,0.09341291,0.1824328,0.95212835,0.09387636,-0.2539322,-0.02210422
1747679454.199178,0.09341291,0.1824328,0.95212835,0.09387636,-0.2539322,-0.02210422
1747679454.199698,0.09341291,0.1824328,0.95212835,0.09387636,-0.2539322,-0.02210422
1747679454.2002182,0.09341291,0.1824328,0.95212835,0.09387636,-0.2539322,-0.02210422
1747679454.2007382,0.12611659,0.19365942,0.95164025,0.09387636,-0.2539322,-0.02210422
1747679454.2012565,0.12611659,0.19365942,0.95164025,0.09387636,-0.2539322,-0.02210422
1747679454.2017756,0.12611659,0.19365942,0.95164025,0.09387636,-0.2539322,-0.02210422
1747679454.2022977,0.12611659,0.19365942,0.95164025,0.09387636,-0.2539322,-0.02210422
1747679454.2028184,0.12611659,0.19365942,0.95164025,0.052331075,-0.2837596,0.037550543
1747679454.2033367,0.12611659,0.19365942,0.95164025,0.052331075,-0.2837596,0.037550543
1747679454.2038693,0.12611659,0.19365942,0.95164025,0.052331075,-0.2837596,0.037550543
1747679454.2044013,0.12611659,0.19365942,0.95164025,0.052331075,-0.2837596,0.037550543
1747679454.2049456,0.12611659,0.19365942,0.95164025,0.052331075,-0.2837596,0.037550543
1747679454.2054925,0.12611659,0.19365942,0.95164025,0.052331075,-0.2837596,0.037550543
1747679454.2060318,0.12611659,0.19365942,0.95164025,0.052331075,-0.2837596,0.037550543
1747679454.2065647,0.12611659,0.19365942,0.95164025,0.052331075,-0.2837596,0.037550543
1747679454.2070842,0.12611659,0.19365942,0.95164025,0.052331075,-0.2837596,0.037550543
1747679454.2076025,0.12611659,0.19365942,0.95164025,0.052331075,-0.2837596,0.037550543
1747679454.2081208,0.12611659,0.19365942,0.95164025,0.052331075,-0.2837596,0.037550543
1747679454.2086856,0.12611659,0.19365942,0.95164025,0.052331075,-0.2837596,0.037550543
1747679454.2092519,0.12611659,0.19365942,0.95164025,0.052331075,-0.2837596,0.037550543
1747679454.209821,0.12611659,0.19365942,0.95164025,0.052331075,-0.2837596,0.037550543
1747679454.2103832,0.12611659,0.19365942,0.95164025,0.010785795,-0.13568796,0.05672529
1747679454.2109404,0.25302637,0.1760873,1.0141189,0.010785795,-0.13568796,0.05672529
1747679454.2114892,0.25302637,0.1760873,1.0141189,0.010785795,-0.13568796,0.05672529
1747679454.2120433,0.25302637,0.1760873,1.0141189,0.010785795,-0.13568796,0.05672529
1747679454.2125962,0.25302637,0.1760873,1.0141189,0.010785795,-0.13568796,0.05672529
1747679454.2131438,0.25302637,0.1760873,1.0141189,0.010785795,-0.13568796,0.05672529
1747679454.2136939,0.25302637,0.1760873,1.0141189,0.010785795,-0.13568796,0.05672529
1747679454.2142365,0.25302637,0.1760873,1.0141189,0.010785795,-0.13568796,0.05672529
1747679454.2147717,0.25302637,0.1760873,1.0141189,0.010785795,-0.13568796,0.05672529
1747679454.2153125,0.25302637,0.1760873,1.0141189,0.010785795,-0.13568796,0.05672529
1747679454.2158487,0.25302637,0.1760873,1.0141189,0.010785795,-0.13568796,0.05672529
1747679454.216374,0.25302637,0.1760873,1.0141189,0.010785795,-0.13568796,0.05672529
1747679454.2168927,0.25302637,0.1760873,1.0141189,0.010785795,-0.13568796,0.05672529
1747679454.2174106,0.25302637,0.1760873,1.0141189,0.010785795,-0.13568796,0.05672529
1747679454.2179286,0.25302637,0.1760873,1.0141189,0.010785795,-0.13568796,0.05672529
1747679454.2184472,0.25302637,0.1760873,1.0141189,0.010785795,-0.13568796,0.05672529
1747679454.2189662,0.25302637,0.1760873,1.0141189,0.010785795,-0.13568796,0.05672529
1747679454.2194843,0.25302637,0.1760873,1.0141189,0.010785795,-0.13568796,0.05672529
1747679454.2200053,0.25302637,0.1760873,1.0141189,0.010785795,-0.13568796,0.05672529
1747679454.2205517,0.25302637,0.1760873,1.0141189,0.010785795,-0.13568796,0.05672529
1747679454.2211065,0.25302637,0.1760873,1.0141189,0.023568958,0.013448954,-0.00079894776
1747679454.2216384,0.25302637,0.1760873,1.0141189,0.023568958,0.013448954,-0.00079894776
1747679454.2221787,0.2945161,0.16827747,1.0600016,0.023568958,0.013448954,-0.00079894776
1747679454.2227385,0.2945161,0.16827747,1.0600016,0.023568958,0.013448954,-0.00079894776
1747679454.2232878,0.2945161,0.16827747,1.0600016,0.023568958,0.013448954,-0.00079894776
1747679454.2238472,0.2945161,0.16827747,1.0600016,0.023568958,0.013448954,-0.00079894776
1747679454.224396,0.2945161,0.16827747,1.0600016,0.023568958,0.013448954,-0.00079894776
1747679454.224924,0.2945161,0.16827747,1.0600016,0.023568958,0.013448954,-0.00079894776
1747679454.2254481,0.2945161,0.16827747,1.0600016,0.023568958,0.013448954,-0.00079894776
1747679454.2259703,0.2945161,0.16827747,1.0600016,0.023568958,0.013448954,-0.00079894776
1747679454.2265246,0.2945161,0.16827747,1.0600016,0.023568958,0.013448954,-0.00079894776
1747679454.2361577,0.2945161,0.16827747,1.0600016,0.023568958,0.013448954,-0.00079894776
1747679454.2367227,0.2945161,0.16827747,1.0600016,0.023568958,0.013448954,-0.00079894776
1747679454.2372713,0.2945161,0.16827747,1.0600016,0.023568958,0.013448954,-0.00079894776
1747679454.2378228,0.2945161,0.16827747,1.0600016,0.023568958,0.013448954,-0.00079894776
1747679454.2383654,0.2945161,0.16827747,1.0600016,0.023568958,0.013448954,-0.00079894776
1747679454.2389069,0.2945161,0.16827747,1.0600016,0.023568958,0.013448954,-0.00079894776
1747679454.2394843,0.28768247,0.17462297,1.0761094,0.023568958,0.013448954,-0.00079894776
1747679454.2400308,0.26718166,0.17706352,1.0980746,0.057657395,0.1263669,-0.05619266
1747679454.240557,0.26718166,0.17706352,1.0980746,0.13009532,0.2584596,-0.11371689
1747679454.241083,0.26718166,0.17706352,1.0980746,0.13009532,0.2584596,-0.11371689
1747679454.2416012,0.26718166,0.17706352,1.0980746,0.13009532,0.2584596,-0.11371689
1747679454.2421198,0.26718166,0.17706352,1.0980746,0.13009532,0.2584596,-0.11371689
1747679454.242638,0.26718166,0.17706352,1.0980746,0.13009532,0.2584596,-0.11371689
1747679454.2431564,0.26718166,0.17706352,1.0980746,0.13009532,0.2584596,-0.11371689
1747679454.2436888,0.26718166,0.17706352,1.0980746,0.13009532,0.2584596,-0.11371689
1747679454.244224,0.26718166,0.17706352,1.0980746,0.13009532,0.2584596,-0.11371689
1747679454.2447445,0.26718166,0.17706352,1.0980746,0.13009532,0.2584596,-0.11371689
1747679454.2452626,0.26718166,0.17706352,1.0980746,0.13009532,0.2584596,-0.11371689
1747679454.245781,0.26718166,0.17706352,1.0980746,0.13009532,0.2584596,-0.11371689
1747679454.246299,0.26718166,0.17706352,1.0980746,0.13009532,0.2584596,-0.11371689
1747679454.2468174,0.26718166,0.17706352,1.0980746,0.13009532,0.2584596,-0.11371689
1747679454.2473404,0.26718166,0.17706352,1.0980746,0.13009532,0.2584596,-0.11371689
1747679454.2478633,0.26718166,0.17706352,1.0980746,0.13009532,0.2584596,-0.11371689
1747679454.2483816,0.26718166,0.17706352,1.0980746,0.13009532,0.2584596,-0.11371689
1747679454.2488997,0.26718166,0.17706352,1.0980746,0.13009532,0.2584596,-0.11371689
1747679454.2494173,0.26718166,0.17706352,1.0980746,0.13009532,0.2584596,-0.11371689
1747679454.2499359,0.25205013,0.15851519,1.0717164,0.13009532,0.2584596,-0.11371689
1747679454.250457,0.25205013,0.15851519,1.0717164,0.13009532,0.2584596,-0.11371689
1747679454.251006,0.25205013,0.15851519,1.0717164,0.13009532,0.2584596,-0.11371689
1747679454.251554,0.25205013,0.15851519,1.0717164,0.13009532,0.2584596,-0.11371689
1747679454.2520907,0.25205013,0.15851519,1.0717164,0.13009532,0.2584596,-0.11371689
1747679454.2526138,0.25205013,0.15851519,1.0717164,0.13009532,0.2584596,-0.11371689
1747679454.253136,0.25205013,0.15851519,1.0717164,0.13009532,0.2584596,-0.11371689
1747679454.2536623,0.25205013,0.15851519,1.0717164,0.13009532,0.2584596,-0.11371689
1747679454.2542398,0.25205013,0.15851519,1.0717164,0.13009532,0.2584596,-0.11371689
1747679454.2548158,0.25205013,0.15851519,1.0717164,0.21425115,0.35646385,-0.15419692
1747679454.255365,0.25205013,0.15851519,1.0717164,0.21425115,0.35646385,-0.15419692
1747679454.2559144,0.25205013,0.15851519,1.0717164,0.21425115,0.35646385,-0.15419692
1747679454.2564645,0.25205013,0.15851519,1.0717164,0.21425115,0.35646385,-0.15419692
1747679454.2570016,0.25205013,0.15851519,1.0717164,0.21425115,0.35646385,-0.15419692
1747679454.2575295,0.25205013,0.15851519,1.0717164,0.21425115,0.35646385,-0.15419692
1747679454.2580564,0.25205013,0.15851519,1.0717164,0.21425115,0.35646385,-0.15419692
1747679454.2585843,0.25205013,0.15851519,1.0717164,0.21425115,0.35646385,-0.15419692
1747679454.2591162,0.25205013,0.15851519,1.0717164,0.21425115,0.35646385,-0.15419692
1747679454.259645,0.25205013,0.15851519,1.0717164,0.21425115,0.35646385,-0.15419692
1747679454.2601755,0.25205013,0.15851519,1.0717164,0.21425115,0.35646385,-0.15419692
1747679454.260723,0.25205013,0.15851519,1.0717164,0.21425115,0.35646385,-0.15419692
1747679454.2612627,0.25205013,0.15851519,1.0717164,0.21425115,0.35646385,-0.15419692
1747679454.2617865,0.25205013,0.15851519,1.0717164,0.21425115,0.35646385,-0.15419692
1747679454.2623076,0.25205013,0.15851519,1.0717164,0.21425115,0.35646385,-0.15419692
1747679454.2628288,0.25205013,0.15851519,1.0717164,0.21425115,0.35646385,-0.15419692
1747679454.2633643,0.25205013,0.15851519,1.0717164,0.21425115,0.35646385,-0.15419692
1747679454.2639034,0.25205013,0.15851519,1.0717164,0.21425115,0.35646385,-0.15419692
1747679454.2644515,0.25205013,0.15851519,1.0717164,0.21425115,0.35646385,-0.15419692
1747679454.2649734,0.25205013,0.15851519,1.0717164,0.21425115,0.35646385,-0.15419692
1747679454.2655034,0.25205013,0.15851519,1.0717164,0.21425115,0.35646385,-0.15419692
1747679454.2660353,0.21690588,0.166325,1.0287622,0.2483396,0.36818174,-0.17337166
1747679454.2665586,0.21690588,0.166325,1.0287622,0.2483396,0.36818174,-0.17337166
1747679454.2671056,0.21690588,0.166325,1.0287622,0.2483396,0.36818174,-0.17337166
1747679454.267659,0.21690588,0.166325,1.0287622,0.2483396,0.36818174,-0.17337166
1747679454.2681997,0.21690588,0.166325,1.0287622,0.2483396,0.36818174,-0.17337166
1747679454.26873,0.21690588,0.166325,1.0287622,0.2483396,0.36818174,-0.17337166
1747679454.2692888,0.21690588,0.166325,1.0287622,0.2483396,0.36818174,-0.17337166
1747679454.269851,0.21690588,0.166325,1.0287622,0.2483396,0.36818174,-0.17337166
1747679454.2703938,0.21690588,0.166325,1.0287622,0.2483396,0.36818174,-0.17337166
1747679454.270925,0.21690588,0.166325,1.0287622,0.2483396,0.36818174,-0.17337166
1747679454.2714446,0.21690588,0.166325,1.0287622,0.2483396,0.36818174,-0.17337166
1747679454.271963,0.13148585,0.18389714,0.9565214,0.2483396,0.36818174,-0.17337166
1747679454.2724814,0.13148585,0.18389714,0.9565214,0.2483396,0.36818174,-0.17337166
1747679454.273,0.13148585,0.18389714,0.9565214,0.25473118,0.26804698,-0.15845796
1747679454.2735376,0.13148585,0.18389714,0.9565214,0.25473118,0.26804698,-0.15845796
1747679454.274071,0.13148585,0.18389714,0.9565214,0.25473118,0.26804698,-0.15845796
1747679454.2745912,0.13148585,0.18389714,0.9565214,0.25473118,0.26804698,-0.15845796
1747679454.2751157,0.13148585,0.18389714,0.9565214,0.25473118,0.26804698,-0.15845796
1747679454.2756343,0.13148585,0.18389714,0.9565214,0.25473118,0.26804698,-0.15845796
1747679454.2761521,0.13148585,0.18389714,0.9565214,0.25473118,0.26804698,-0.15845796
1747679454.2766702,0.13148585,0.18389714,0.9565214,0.25473118,0.26804698,-0.15845796
1747679454.277188,0.13148585,0.18389714,0.9565214,0.25473118,0.26804698,-0.15845796
1747679454.2777057,0.13148585,0.18389714,0.9565214,0.25473118,0.26804698,-0.15845796
1747679454.2782235,0.13148585,0.18389714,0.9565214,0.25473118,0.26804698,-0.15845796
1747679454.2787416,0.13148585,0.18389714,0.9565214,0.25473118,0.26804698,-0.15845796
1747679454.2792597,0.13148585,0.18389714,0.9565214,0.25473118,0.26804698,-0.15845796
1747679454.2797773,0.13148585,0.18389714,0.9565214,0.25473118,0.26804698,-0.15845796
1747679454.2802954,0.13148585,0.18389714,0.9565214,0.25473118,0.26804698,-0.15845796
1747679454.2808135,0.13148585,0.18389714,0.9565214,0.25473118,0.26804698,-0.15845796
1747679454.2813418,0.13148585,0.18389714,0.9565214,0.25473118,0.26804698,-0.15845796
1747679454.2818902,0.13148585,0.18389714,0.9565214,0.25473118,0.26804698,-0.15845796
1747679454.2824461,0.092436686,0.20781474,0.8901378,0.20572904,0.05925529,-0.07643267
1747679454.2830234,0.092436686,0.20781474,0.8901378,0.20572904,0.05925529,-0.07643267
1747679454.2835903,0.092436686,0.20781474,0.8901378,0.20572904,0.05925529,-0.07643267
1747679454.2841482,0.092436686,0.20781474,0.8901378,0.20572904,0.05925529,-0.07643267
1747679454.2847562,0.092436686,0.20781474,0.8901378,0.20572904,0.05925529,-0.07643267
1747679454.2853038,0.092436686,0.20781474,0.8901378,0.20572904,0.05925529,-0.07643267
1747679454.2858398,0.092436686,0.20781474,0.8901378,0.20572904,0.05925529,-0.07643267
1747679454.286363,0.092436686,0.20781474,0.8901378,0.20572904,0.05925529,-0.07643267
1747679454.2869189,0.092436686,0.20781474,0.8901378,0.20572904,0.05925529,-0.07643267
1747679454.2877393,0.092436686,0.20781474,0.8901378,0.20572904,0.05925529,-0.07643267
1747679454.2883074,0.092436686,0.20781474,0.8901378,0.20572904,0.05925529,-0.07643267
1747679454.2888696,0.092436686,0.20781474,0.8901378,0.20572904,0.05925529,-0.07643267
1747679454.2894275,0.092436686,0.20781474,0.8901378,0.20572904,0.05925529,-0.07643267
1747679454.2899745,0.092436686,0.20781474,0.8901378,0.20572904,0.05925529,-0.07643267
1747679454.2905073,0.092436686,0.20781474,0.8901378,0.20572904,0.05925529,-0.07643267
1747679454.2910268,0.092436686,0.20781474,0.8901378,0.20572904,0.05925529,-0.07643267
1747679454.2915452,0.092436686,0.20781474,0.8901378,0.20572904,0.05925529,-0.07643267
1747679454.2920635,0.092436686,0.20781474,0.8901378,0.20572904,0.05925529,-0.07643267
1747679454.2925813,0.092436686,0.20781474,0.8901378,0.20572904,0.05925529,-0.07643267
1747679454.2930994,0.092436686,0.20781474,0.8901378,0.20572904,0.05925529,-0.07643267
1747679454.2936332,0.11537806,0.20146926,0.8427907,0.13009532,-0.11225215,-0.019973693
1747679454.2941754,0.11537806,0.20146926,0.8427907,0.13009532,-0.11225215,-0.019973693
1747679454.2947063,0.11537806,0.20146926,0.8427907,0.13009532,-0.11225215,-0.019973693
1747679454.2952266,0.11537806,0.20146926,0.8427907,0.13009532,-0.11225215,-0.019973693
1747679454.2957454,0.11537806,0.20146926,0.8427907,0.13009532,-0.11225215,-0.019973693
1747679454.2962637,0.11537806,0.20146926,0.8427907,0.13009532,-0.11225215,-0.019973693
1747679454.2967818,0.11537806,0.20146926,0.8427907,0.13009532,-0.11225215,-0.019973693
1747679454.297302,0.11537806,0.20146926,0.8427907,0.13009532,-0.11225215,-0.019973693
1747679454.2978497,0.11537806,0.20146926,0.8427907,0.13009532,-0.11225215,-0.019973693
1747679454.2983906,0.11537806,0.20146926,0.8427907,0.13009532,-0.11225215,-0.019973693
1747679454.2989464,0.11537806,0.20146926,0.8427907,0.13009532,-0.11225215,-0.019973693
1747679454.2994833,0.11537806,0.20146926,0.8427907,0.13009532,-0.11225215,-0.019973693
1747679454.3000565,0.11537806,0.20146926,0.8427907,0.13009532,-0.11225215,-0.019973693
1747679454.3006067,0.11537806,0.20146926,0.8427907,0.13009532,-0.11225215,-0.019973693
1747679454.3011456,0.11537806,0.20146926,0.8427907,0.13009532,-0.11225215,-0.019973693
1747679454.3017116,0.11537806,0.20146926,0.8427907,0.13009532,-0.11225215,-0.019973693
1747679454.3022716,0.13783133,0.19365942,0.83009964,-0.01691106,-0.2017343,0.025832644
1747679454.302825,0.13783133,0.19365942,0.83009964,-0.01691106,-0.2017343,0.025832644
1747679454.3033738,0.13783133,0.19365942,0.83009964,-0.01691106,-0.2017343,0.025832644
1747679454.3039148,0.13783133,0.19365942,0.83009964,-0.01691106,-0.2017343,0.025832644
1747679454.304449,0.13783133,0.19365942,0.83009964,-0.01691106,-0.2017343,0.025832644
1747679454.3049805,0.13783133,0.19365942,0.83009964,-0.01691106,-0.2017343,0.025832644
1747679454.3055124,0.13783133,0.19365942,0.83009964,-0.01691106,-0.2017343,0.025832644
1747679454.3060591,0.13783133,0.19365942,0.83009964,-0.01691106,-0.2017343,0.025832644
1747679454.3066041,0.13783133,0.19365942,0.83009964,-0.01691106,-0.2017343,0.025832644
1747679454.307138,0.13783133,0.19365942,0.83009964,-0.01691106,-0.2017343,0.025832644
1747679454.307658,0.13783133,0.19365942,0.83009964,-0.01691106,-0.2017343,0.025832644
1747679454.3081763,0.13783133,0.19365942,0.83009964,-0.01691106,-0.2017343,0.025832644
1747679454.3086946,0.13783133,0.19365942,0.83009964,-0.01691106,-0.2017343,0.025832644
1747679454.3092127,0.13783133,0.19365942,0.83009964,-0.01691106,-0.2017343,0.025832644
1747679454.3097312,0.17248747,0.19463566,0.86475587,-0.13622059,-0.17403744,0.047137916
1747679454.31025,0.17248747,0.19463566,0.86475587,-0.13622059,-0.17403744,0.047137916
1747679454.3107705,0.17248747,0.19463566,0.86475587,-0.13622059,-0.17403744,0.047137916
1747679454.3112912,0.17248747,0.19463566,0.86475587,-0.13622059,-0.17403744,0.047137916
1747679454.3118095,0.17248747,0.19463566,0.86475587,-0.13622059,-0.17403744,0.047137916
1747679454.3123317,0.17248747,0.19463566,0.86475587,-0.13622059,-0.17403744,0.047137916
1747679454.3128505,0.17248747,0.19463566,0.86475587,-0.13622059,-0.17403744,0.047137916
1747679454.3133717,0.17248747,0.19463566,0.86475587,-0.13622059,-0.17403744,0.047137916
1747679454.3139262,0.17248747,0.19463566,0.86475587,-0.13622059,-0.17403744,0.047137916
1747679454.3144734,0.17248747,0.19463566,0.86475587,-0.13622059,-0.17403744,0.047137916
1747679454.3150406,0.17248747,0.19463566,0.86475587,-0.13622059,-0.17403744,0.047137916
1747679454.315613,0.17248747,0.19463566,0.86475587,-0.13622059,-0.17403744,0.047137916
1747679454.3161652,0.17248747,0.19463566,0.86475587,-0.13622059,-0.17403744,0.047137916
1747679454.3167117,0.17248747,0.19463566,0.86475587,-0.13622059,-0.17403744,0.047137916
1747679454.3172503,0.17248747,0.19463566,0.86475587,-0.13622059,-0.17403744,0.047137916
1747679454.317774,0.17248747,0.19463566,0.86475587,-0.13622059,-0.17403744,0.047137916
1747679454.3190308,0.17248747,0.19463566,0.86475587,-0.13622059,-0.17403744,0.047137916
1747679454.319592,0.17248747,0.19463566,0.86475587,-0.13622059,-0.17403744,0.047137916
1747679454.3201423,0.19494073,0.1897545,0.8969714,-0.13622059,-0.17403744,0.047137916
1747679454.3206751,0.19494073,0.1897545,0.8969714,-0.22463746,-0.13568796,0.042876862
1747679454.3212037,0.19494073,0.1897545,0.8969714,-0.22463746,-0.13568796,0.042876862
1747679454.321734,0.19494073,0.1897545,0.8969714,-0.22463746,-0.13568796,0.042876862
1747679454.322267,0.19494073,0.1897545,0.8969714,-0.22463746,-0.13568796,0.042876862
1747679454.3227978,0.19494073,0.1897545,0.8969714,-0.22463746,-0.13568796,0.042876862
1747679454.323327,0.19494073,0.1897545,0.8969714,-0.22463746,-0.13568796,0.042876862
1747679454.323863,0.19494073,0.1897545,0.8969714,-0.22463746,-0.13568796,0.042876862
1747679454.3244257,0.19494073,0.1897545,0.8969714,-0.22463746,-0.13568796,0.042876862
1747679454.3249836,0.19494073,0.1897545,0.8969714,-0.22463746,-0.13568796,0.042876862
1747679454.3255048,0.19494073,0.1897545,0.8969714,-0.22463746,-0.13568796,0.042876862
1747679454.3260233,0.19494073,0.1897545,0.8969714,-0.22463746,-0.13568796,0.042876862
1747679454.3265421,0.19494073,0.1897545,0.8969714,-0.22463746,-0.13568796,0.042876862
1747679454.3270605,0.19494073,0.1897545,0.8969714,-0.22463746,-0.13568796,0.042876862
1747679454.3275788,0.19494073,0.1897545,0.8969714,-0.22463746,-0.13568796,0.042876862
1747679454.3280969,0.19494073,0.1897545,0.8969714,-0.22463746,-0.13568796,0.042876862
1747679454.328642,0.19494073,0.1897545,0.8969714,-0.22463746,-0.13568796,0.042876862
1747679454.329191,0.19494073,0.1897545,0.8969714,-0.22463746,-0.13568796,0.042876862
1747679454.3297362,0.19494073,0.1897545,0.8969714,-0.22463746,-0.13568796,0.042876862
1747679454.330299,0.19494073,0.1897545,0.8969714,-0.22463746,-0.13568796,0.042876862
1747679454.330871,0.19494073,0.1897545,0.8969714,-0.22463746,-0.13568796,0.042876862
1747679454.3314414,0.19494073,0.1897545,0.8969714,-0.22463746,-0.13568796,0.042876862
1747679454.3319855,0.19494073,0.1897545,0.8969714,-0.22463746,-0.13568796,0.042876862
1747679454.3325057,0.19982187,0.18145657,0.9272345,-0.22463746,-0.13568796,0.042876862
1747679454.333025,0.19982187,0.18145657,0.9272345,-0.28642276,-0.09520794,0.037550543
1747679454.3335562,0.19982187,0.18145657,0.9272345,-0.28642276,-0.09520794,0.037550543
1747679454.3340845,0.19982187,0.18145657,0.9272345,-0.28642276,-0.09520794,0.037550543
1747679454.334605,0.19982187,0.18145657,0.9272345,-0.28642276,-0.09520794,0.037550543
1747679454.3351238,0.19982187,0.18145657,0.9272345,-0.28642276,-0.09520794,0.037550543
1747679454.3356416,0.19982187,0.18145657,0.9272345,-0.28642276,-0.09520794,0.037550543
1747679454.3361595,0.19982187,0.18145657,0.9272345,-0.28642276,-0.09520794,0.037550543
1747679454.336677,0.19982187,0.18145657,0.9272345,-0.28642276,-0.09520794,0.037550543
1747679454.337195,0.19982187,0.18145657,0.9272345,-0.28642276,-0.09520794,0.037550543
1747679454.3377135,0.19982187,0.18145657,0.9272345,-0.28642276,-0.09520794,0.037550543
1747679454.3382316,0.19982187,0.18145657,0.9272345,-0.28642276,-0.09520794,0.037550543
1747679454.3387496,0.19982187,0.18145657,0.9272345,-0.28642276,-0.09520794,0.037550543
1747679454.3392675,0.19982187,0.18145657,0.9272345,-0.28642276,-0.09520794,0.037550543
1747679454.3397858,0.19982187,0.18145657,0.9272345,-0.28642276,-0.09520794,0.037550543
1747679454.3403037,0.19982187,0.18145657,0.9272345,-0.28642276,-0.09520794,0.037550543
1747679454.340822,0.19982187,0.18145657,0.9272345,-0.28642276,-0.09520794,0.037550543
1747679454.3413408,0.19982187,0.18145657,0.9272345,-0.28642276,-0.09520794,0.037550543
1747679454.3418586,0.19982187,0.18145657,0.9272345,-0.28642276,-0.09520794,0.037550543
1747679454.3423767,0.19884564,0.17852788,0.9638431,-0.31838068,-0.05792371,0.030093698
1747679454.342897,0.19884564,0.17852788,0.9638431,-0.31838068,-0.05792371,0.030093698
1747679454.343415,0.19884564,0.17852788,0.9638431,-0.31838068,-0.05792371,0.030093698
1747679454.3439443,0.19884564,0.17852788,0.9638431,-0.31838068,-0.05792371,0.030093698
1747679454.3444867,0.19884564,0.17852788,0.9638431,-0.31838068,-0.05792371,0.030093698
1747679454.3450391,0.19884564,0.17852788,0.9638431,-0.31838068,-0.05792371,0.030093698
1747679454.3455925,0.19884564,0.17852788,0.9638431,-0.31838068,-0.05792371,0.030093698
1747679454.3461523,0.19884564,0.17852788,0.9638431,-0.31838068,-0.05792371,0.030093698
1747679454.3467143,0.19884564,0.17852788,0.9638431,-0.31838068,-0.05792371,0.030093698
1747679454.347256,0.19884564,0.17852788,0.9638431,-0.31838068,-0.05792371,0.030093698
1747679454.3478034,0.19884564,0.17852788,0.9638431,-0.31838068,-0.05792371,0.030093698
1747679454.3483648,0.19884564,0.17852788,0.9638431,-0.31838068,-0.05792371,0.030093698
1747679454.3494916,0.19884564,0.17852788,0.9638431,-0.31838068,-0.05792371,0.030093698
1747679454.3500483,0.19884564,0.17852788,0.9638431,-0.31838068,-0.05792371,0.030093698
1747679454.3505824,0.19884564,0.17852788,0.9638431,-0.31838068,-0.05792371,0.030093698
1747679454.3511019,0.19884564,0.17852788,0.9638431,-0.31838068,-0.05792371,0.030093698
1747679454.3516333,0.19884564,0.17852788,0.9638431,-0.31838068,-0.05792371,0.030093698
1747679454.3521547,0.19884564,0.17852788,0.9638431,-0.31838068,-0.05792371,0.030093698
1747679454.3526733,0.19884564,0.17852788,0.9638431,-0.31838068,-0.05792371,0.030093698
1747679454.353192,0.2271563,0.17022994,1.0297385,-0.3119891,0.020905798,0.029028434
1747679454.353713,0.2271563,0.17022994,1.0297385,-0.3119891,0.020905798,0.029028434
1747679454.35425,0.2271563,0.17022994,1.0297385,-0.3119891,0.020905798,0.029028434
1747679454.354789,0.2271563,0.17022994,1.0297385,-0.3119891,0.020905798,0.029028434
1747679454.3553116,0.2271563,0.17022994,1.0297385,-0.3119891,0.020905798,0.029028434
1747679454.3558323,0.2271563,0.17022994,1.0297385,-0.3119891,0.020905798,0.029028434
1747679454.3563535,0.2271563,0.17022994,1.0297385,-0.3119891,0.020905798,0.029028434
1747679454.3568745,0.2271563,0.17022994,1.0297385,-0.3119891,0.020905798,0.029028434
1747679454.3573952,0.2271563,0.17022994,1.0297385,-0.3119891,0.020905798,0.029028434
1747679454.3579166,0.2271563,0.17022994,1.0297385,-0.3119891,0.020905798,0.029028434
1747679454.3584373,0.2271563,0.17022994,1.0297385,-0.3119891,0.020905798,0.029028434
1747679454.358958,0.2271563,0.17022994,1.0297385,-0.3119891,0.020905798,0.029028434
1747679454.3594787,0.2271563,0.17022994,1.0297385,-0.3119891,0.020905798,0.029028434
1747679454.3599997,0.2271563,0.17022994,1.0297385,-0.3119891,0.020905798,0.029028434
1747679454.3605227,0.2271563,0.17022994,1.0297385,-0.3119891,0.020905798,0.029028434
1747679454.3610816,0.2271563,0.17022994,1.0297385,-0.3119891,0.020905798,0.029028434
1747679454.3616416,0.2271563,0.17022994,1.0297385,-0.3119891,0.020905798,0.029028434
1747679454.3621893,0.2271563,0.17022994,1.0297385,-0.3119891,0.020905798,0.029028434
1747679454.36273,0.2271563,0.17022994,1.0297385,-0.3119891,0.020905798,0.029028434
1747679454.3632572,0.2271563,0.17022994,1.0297385,-0.3119891,0.020905798,0.029028434
1747679454.3638053,0.2271563,0.17022994,1.0297385,-0.3119891,0.020905798,0.029028434
1747679454.3643832,0.24521652,0.16339633,1.0619541,-0.27257434,0.058190025,0.011984216
1747679454.3649273,0.24521652,0.16339633,1.0619541,-0.27257434,0.058190025,0.011984216
1747679454.3654635,0.24521652,0.16339633,1.0619541,-0.27257434,0.058190025,0.011984216
1747679454.3659859,0.24521652,0.16339633,1.0619541,-0.27257434,0.058190025,0.011984216
1747679454.3665066,0.24521652,0.16339633,1.0619541,-0.27257434,0.058190025,0.011984216
1747679454.3670282,0.24521652,0.16339633,1.0619541,-0.27257434,0.058190025,0.011984216
1747679454.367549,0.24521652,0.16339633,1.0619541,-0.27257434,0.058190025,0.011984216
1747679454.3680694,0.24521652,0.16339633,1.0619541,-0.27257434,0.058190025,0.011984216
1747679454.368593,0.24521652,0.16339633,1.0619541,-0.27257434,0.058190025,0.011984216
1747679454.3691008,0.24521652,0.16339633,1.0619541,-0.27257434,0.058190025,0.011984216
1747679454.36962,0.24521652,0.16339633,1.0619541,-0.27257434,0.058190025,0.011984216
1747679454.3701384,0.24521652,0.16339633,1.0619541,-0.27257434,0.058190025,0.011984216
1747679454.3706565,0.24521652,0.16339633,1.0619541,-0.27257434,0.058190025,0.011984216
1747679454.3711743,0.24521652,0.16339633,1.0619541,-0.27257434,0.058190025,0.011984216
1747679454.3716922,0.24521652,0.16339633,1.0619541,-0.27257434,0.058190025,0.011984216
1747679454.372211,0.24521652,0.16339633,1.0619541,-0.27257434,0.058190025,0.011984216
1747679454.3727405,0.24765708,0.16486067,1.0687877,-0.22357221,0.07097319,-0.014647375
1747679454.3732595,0.24765708,0.16486067,1.0687877,-0.22357221,0.07097319,-0.014647375
1747679454.3737779,0.24765708,0.16486067,1.0687877,-0.22357221,0.07097319,-0.014647375
1747679454.374308,0.24765708,0.16486067,1.0687877,-0.22357221,0.07097319,-0.014647375
1747679454.374837,0.24765708,0.16486067,1.0687877,-0.22357221,0.07097319,-0.014647375
1747679454.3753576,0.24765708,0.16486067,1.0687877,-0.22357221,0.07097319,-0.014647375
1747679454.3759353,0.24765708,0.16486067,1.0687877,-0.22357221,0.07097319,-0.014647375
1747679454.3764973,0.24765708,0.16486067,1.0687877,-0.22357221,0.07097319,-0.014647375
1747679454.377056,0.24765708,0.16486067,1.0687877,-0.22357221,0.07097319,-0.014647375
1747679454.3775952,0.24765708,0.16486067,1.0687877,-0.22357221,0.07097319,-0.014647375
1747679454.3781264,0.24765708,0.16486067,1.0687877,-0.22357221,0.07097319,-0.014647375
1747679454.3786576,0.24765708,0.16486067,1.0687877,-0.22357221,0.07097319,-0.014647375
1747679454.3792121,0.24765708,0.16486067,1.0687877,-0.22357221,0.07097319,-0.014647375
1747679454.3797643,0.24765708,0.16486067,1.0687877,-0.22357221,0.07097319,-0.014647375
1747679454.380304,0.24765708,0.16486067,1.0687877,-0.22357221,0.07097319,-0.014647375
1747679454.3808377,0.24765708,0.16486067,1.0687877,-0.22357221,0.07097319,-0.014647375
1747679454.3813572,0.24765708,0.16486067,1.0687877,-0.22357221,0.07097319,-0.014647375
1747679454.3818762,0.24765708,0.16486067,1.0687877,-0.22357221,0.07097319,-0.014647375
1747679454.382394,0.24765708,0.16486067,1.0687877,-0.22357221,0.07097319,-0.014647375
1747679454.3829124,0.24765708,0.16486067,1.0687877,-0.22357221,0.07097319,-0.014647375
1747679454.3834395,0.24765708,0.16486067,1.0687877,-0.22357221,0.07097319,-0.014647375
1747679454.3839693,0.24765708,0.16486067,1.0687877,-0.22357221,0.07097319,-0.014647375
1747679454.3844898,0.24765708,0.16486067,1.0687877,-0.14793849,0.04860265,-0.05619266
1747679454.385009,0.2271563,0.1721824,1.0512156,-0.14793849,0.04860265,-0.05619266
1747679454.3855274,0.2271563,0.1721824,1.0512156,-0.14793849,0.04860265,-0.05619266
1747679454.386046,0.2271563,0.1721824,1.0512156,-0.14793849,0.04860265,-0.05619266
1747679454.386564,0.2271563,0.1721824,1.0512156,-0.14793849,0.04860265,-0.05619266
1747679454.3870826,0.2271563,0.1721824,1.0512156,-0.14793849,0.04860265,-0.05619266
1747679454.3876004,0.2271563,0.1721824,1.0512156,-0.14793849,0.04860265,-0.05619266
1747679454.3881185,0.2271563,0.1721824,1.0512156,-0.14793849,0.04860265,-0.05619266
1747679454.3886364,0.2271563,0.1721824,1.0512156,-0.14793849,0.04860265,-0.05619266
1747679454.3891547,0.2271563,0.1721824,1.0512156,-0.14793849,0.04860265,-0.05619266
1747679454.3896728,0.2271563,0.1721824,1.0512156,-0.14793849,0.04860265,-0.05619266
1747679454.3901908,0.2271563,0.1721824,1.0512156,-0.14793849,0.04860265,-0.05619266
1747679454.390709,0.2271563,0.1721824,1.0512156,-0.14793849,0.04860265,-0.05619266
1747679454.3912678,0.2271563,0.1721824,1.0512156,-0.14793849,0.04860265,-0.05619266
1747679454.391821,0.2271563,0.1721824,1.0512156,-0.14793849,0.04860265,-0.05619266
1747679454.3923647,0.2271563,0.1721824,1.0512156,-0.14793849,0.04860265,-0.05619266
1747679454.3929048,0.2271563,0.1721824,1.0512156,-0.14793849,0.04860265,-0.05619266
1747679454.393436,0.19201204,0.16486067,1.0263216,-0.109588996,0.0070573715,-0.07217161
1747679454.3939729,0.19201204,0.16486067,1.0263216,-0.109588996,0.0070573715,-0.07217161
1747679454.3945067,0.19201204,0.16486067,1.0263216,-0.109588996,0.0070573715,-0.07217161
1747679454.395029,0.19201204,0.16486067,1.0263216,-0.109588996,0.0070573715,-0.07217161
1747679454.3955488,0.19201204,0.16486067,1.0263216,-0.109588996,0.0070573715,-0.07217161
1747679454.3961062,0.19201204,0.16486067,1.0263216,-0.109588996,0.0070573715,-0.07217161
1747679454.3966248,0.19201204,0.16486067,1.0263216,-0.109588996,0.0070573715,-0.07217161
1747679454.3971434,0.19201204,0.16486067,1.0263216,-0.109588996,0.0070573715,-0.07217161
1747679454.3976612,0.19201204,0.16486067,1.0263216,-0.109588996,0.0070573715,-0.07217161
1747679454.3981788,0.19201204,0.16486067,1.0263216,-0.109588996,0.0070573715,-0.07217161
1747679454.398697,0.19201204,0.16486067,1.0263216,-0.109588996,0.0070573715,-0.07217161
1747679454.3992152,0.19201204,0.16486067,1.0263216,-0.109588996,0.0070573715,-0.07217161
1747679454.3997328,0.19201204,0.16486067,1.0263216,-0.109588996,0.0070573715,-0.07217161
1747679454.400251,0.19201204,0.16486067,1.0263216,-0.109588996,0.0070573715,-0.07217161
1747679454.4007688,0.19201204,0.16486067,1.0263216,-0.109588996,0.0070573715,-0.07217161
1747679454.4012864,0.19201204,0.16486067,1.0263216,-0.109588996,0.0070573715,-0.07217161
1747679454.4018044,0.19201204,0.16486067,1.0263216,-0.109588996,0.0070573715,-0.07217161
1747679454.4023225,0.19201204,0.16486067,1.0263216,-0.109588996,0.0070573715,-0.07217161
1747679454.4028406,0.19201204,0.16486067,1.0263216,-0.109588996,0.0070573715,-0.07217161
1747679454.4033585,0.19201204,0.16486067,1.0263216,-0.109588996,0.0070573715,-0.07217161
1747679454.4038785,0.19201204,0.16486067,1.0263216,-0.109588996,0.0070573715,-0.07217161
1747679454.4044108,0.19201204,0.16486067,1.0263216,-0.109588996,0.0070573715,-0.07217161
1747679454.4049404,0.19201204,0.16486067,1.0263216,-0.109588996,0.0070573715,-0.07217161
1747679454.4054615,0.19201204,0.16486067,1.0263216,-0.0946753,-0.041944757,-0.06471477
1747679454.4059799,0.19201204,0.16486067,1.0263216,-0.0946753,-0.041944757,-0.06471477
1747679454.4065368,0.14759362,0.16388445,1.0180237,-0.0946753,-0.041944757,-0.06471477
1747679454.4071054,0.14759362,0.16388445,1.0180237,-0.0946753,-0.041944757,-0.06471477
1747679454.4076445,0.14759362,0.16388445,1.0180237,-0.0946753,-0.041944757,-0.06471477
1747679454.4081733,0.14759362,0.16388445,1.0180237,-0.0946753,-0.041944757,-0.06471477
1747679454.4087315,0.14759362,0.16388445,1.0180237,-0.0946753,-0.041944757,-0.06471477
1747679454.409274,0.14759362,0.16388445,1.0180237,-0.0946753,-0.041944757,-0.06471477
1747679454.4098072,0.14759362,0.16388445,1.0180237,-0.0946753,-0.041944757,-0.06471477
1747679454.4103274,0.14759362,0.16388445,1.0180237,-0.0946753,-0.041944757,-0.06471477
1747679454.4108467,0.14759362,0.16388445,1.0180237,-0.0946753,-0.041944757,-0.06471477
1747679454.411366,0.10805635,0.15509838,1.0219287,-0.0946753,-0.041944757,-0.06471477
1747679454.4118843,0.10805635,0.15509838,1.0219287,-0.0946753,-0.041944757,-0.06471477
1747679454.4124024,0.10805635,0.15509838,1.0219287,-0.0946753,-0.041944757,-0.06471477
1747679454.4129205,0.10805635,0.15509838,1.0219287,-0.0946753,-0.041944757,-0.06471477
1747679454.413457,0.10805635,0.15509838,1.0219287,-0.0946753,-0.041944757,-0.06471477
1747679454.4139905,0.10805635,0.15509838,1.0219287,-0.0946753,-0.041944757,-0.06471477
1747679454.4145112,0.10805635,0.15509838,1.0219287,-0.0946753,-0.041944757,-0.06471477
1747679454.4150324,0.10805635,0.15509838,1.0219287,-0.076565824,-0.08562057,-0.013582111
1747679454.415551,0.10805635,0.15509838,1.0219287,-0.076565824,-0.08562057,-0.013582111
1747679454.4160697,0.10805635,0.15509838,1.0219287,-0.076565824,-0.08562057,-0.013582111
1747679454.416588,0.10805635,0.15509838,1.0219287,-0.076565824,-0.08562057,-0.013582111
1747679454.4171062,0.10805635,0.15509838,1.0219287,-0.076565824,-0.08562057,-0.013582111
1747679454.4176242,0.10805635,0.15509838,1.0219287,-0.076565824,-0.08562057,-0.013582111
1747679454.4181426,0.10805635,0.15509838,1.0219287,-0.076565824,-0.08562057,-0.013582111
1747679454.4186606,0.10805635,0.15509838,1.0219287,-0.076565824,-0.08562057,-0.013582111
1747679454.4191906,0.10805635,0.15509838,1.0219287,-0.076565824,-0.08562057,-0.013582111
1747679454.419718,0.10805635,0.15509838,1.0219287,-0.076565824,-0.08562057,-0.013582111
1747679454.4202373,0.10805635,0.15509838,1.0219287,-0.076565824,-0.08562057,-0.013582111
1747679454.4207695,0.10805635,0.15509838,1.0219287,-0.076565824,-0.08562057,-0.013582111
1747679454.4213226,0.10805635,0.15509838,1.0219287,-0.076565824,-0.08562057,-0.013582111
1747679454.4218626,0.10805635,0.15509838,1.0219287,-0.076565824,-0.08562057,-0.013582111
1747679454.4224072,0.105127655,0.15412214,1.0209525,-0.06378266,-0.11331742,0.030093698
1747679454.4229581,0.105127655,0.15412214,1.0209525,-0.06378266,-0.11331742,0.030093698
1747679454.4235258,0.105127655,0.15412214,1.0209525,-0.06378266,-0.11331742,0.030093698
1747679454.4240882,0.105127655,0.15412214,1.0209525,-0.06378266,-0.11331742,0.030093698
1747679454.4246168,0.105127655,0.15412214,1.0209525,-0.06378266,-0.11331742,0.030093698
1747679454.4251356,0.105127655,0.15412214,1.0209525,-0.06378266,-0.11331742,0.030093698
1747679454.4256537,0.105127655,0.15412214,1.0209525,-0.06378266,-0.11331742,0.030093698
1747679454.426172,0.105127655,0.15412214,1.0209525,-0.06378266,-0.11331742,0.030093698
1747679454.4266906,0.105127655,0.15412214,1.0209525,-0.06378266,-0.11331742,0.030093698
1747679454.4272084,0.105127655,0.15412214,1.0209525,-0.06378266,-0.11331742,0.030093698
1747679454.427726,0.105127655,0.15412214,1.0209525,-0.06378266,-0.11331742,0.030093698
1747679454.4282436,0.105127655,0.15412214,1.0209525,-0.06378266,-0.11331742,0.030093698
1747679454.428761,0.105127655,0.15412214,1.0209525,-0.06378266,-0.11331742,0.030093698
1747679454.429279,0.105127655,0.15412214,1.0209525,-0.06378266,-0.11331742,0.030093698
1747679454.4297972,0.105127655,0.15412214,1.0209525,-0.06378266,-0.11331742,0.030093698
1747679454.4303155,0.105127655,0.15412214,1.0209525,-0.06378266,-0.11331742,0.030093698
1747679454.4308343,0.105127655,0.15412214,1.0209525,-0.06378266,-0.11331742,0.030093698
1747679454.431353,0.105127655,0.15412214,1.0209525,-0.050999496,-0.1431448,0.09294425
1747679454.431873,0.105127655,0.15412214,1.0209525,-0.050999496,-0.1431448,0.09294425
1747679454.4323933,0.11781863,0.15509838,1.0092378,-0.050999496,-0.1431448,0.09294425
1747679454.4329114,0.11781863,0.15509838,1.0092378,-0.050999496,-0.1431448,0.09294425
1747679454.4334295,0.11781863,0.15509838,1.0092378,-0.050999496,-0.1431448,0.09294425
1747679454.4339602,0.11781863,0.15509838,1.0092378,-0.050999496,-0.1431448,0.09294425
1747679454.4344876,0.11781863,0.15509838,1.0092378,-0.050999496,-0.1431448,0.09294425
1747679454.4350069,0.11781863,0.15509838,1.0092378,-0.050999496,-0.1431448,0.09294425
1747679454.4355252,0.11781863,0.15509838,1.0092378,-0.050999496,-0.1431448,0.09294425
1747679454.4360435,0.11781863,0.15509838,1.0092378,-0.050999496,-0.1431448,0.09294425
1747679454.4365838,0.11781863,0.15509838,1.0092378,-0.050999496,-0.1431448,0.09294425
1747679454.4371433,0.11781863,0.15509838,1.0092378,-0.050999496,-0.1431448,0.09294425
1747679454.4376822,0.11781863,0.15509838,1.0092378,-0.050999496,-0.1431448,0.09294425
1747679454.4382393,0.11781863,0.15509838,1.0092378,-0.050999496,-0.1431448,0.09294425
1747679454.4388096,0.11781863,0.15509838,1.0092378,-0.050999496,-0.1431448,0.09294425
1747679454.4393532,0.11781863,0.15509838,1.0092378,-0.050999496,-0.1431448,0.09294425
1747679454.439886,0.11781863,0.15509838,1.0092378,-0.050999496,-0.1431448,0.09294425
1747679454.4404411,0.11781863,0.15509838,1.0092378,-0.050999496,-0.1431448,0.09294425
1747679454.4409626,0.11781863,0.15509838,1.0092378,-0.050999496,-0.1431448,0.09294425
1747679454.441487,0.11781863,0.15509838,1.0092378,-0.06165213,-0.13355742,0.11744532
1747679454.442008,0.14564116,0.15997952,0.9945943,-0.06165213,-0.13355742,0.11744532
1747679454.442527,0.14564116,0.15997952,0.9945943,-0.06165213,-0.13355742,0.11744532
1747679454.4430454,0.14564116,0.15997952,0.9945943,-0.06165213,-0.13355742,0.11744532
1747679454.443563,0.14564116,0.15997952,0.9945943,-0.06165213,-0.13355742,0.11744532
1747679454.4440918,0.14564116,0.15997952,0.9945943,-0.06165213,-0.13355742,0.11744532
1747679454.4446218,0.14564116,0.15997952,0.9945943,-0.06165213,-0.13355742,0.11744532
1747679454.4451418,0.14564116,0.15997952,0.9945943,-0.06165213,-0.13355742,0.11744532
1747679454.4456604,0.14564116,0.15997952,0.9945943,-0.06165213,-0.13355742,0.11744532
1747679454.4461782,0.14564116,0.15997952,0.9945943,-0.06165213,-0.13355742,0.11744532
1747679454.4466965,0.14564116,0.15997952,0.9945943,-0.06165213,-0.13355742,0.11744532
1747679454.4472146,0.14564116,0.15997952,0.9945943,-0.06165213,-0.13355742,0.11744532
1747679454.4477324,0.14564116,0.15997952,0.9945943,-0.06165213,-0.13355742,0.11744532
1747679454.4482503,0.14564116,0.15997952,0.9945943,-0.06165213,-0.13355742,0.11744532
1747679454.4487686,0.14564116,0.15997952,0.9945943,-0.06165213,-0.13355742,0.11744532
1747679454.4492862,0.14564116,0.15997952,0.9945943,-0.06165213,-0.13355742,0.11744532
1747679454.449804,0.14564116,0.15997952,0.9945943,-0.06165213,-0.13355742,0.11744532
1747679454.450322,0.14564116,0.15997952,0.9945943,-0.06165213,-0.13355742,0.11744532
1747679454.4508765,0.14564116,0.15997952,0.9945943,-0.06165213,-0.13355742,0.11744532
1747679454.451397,0.14564116,0.15997952,0.9945943,-0.06165213,-0.13355742,0.11744532
1747679454.4519522,0.18224975,0.17022994,0.9906894,-0.06165213,-0.13355742,0.11744532
1747679454.4524965,0.18224975,0.17022994,0.9906894,-0.0946753,-0.103730045,0.121706374
1747679454.4530218,0.18224975,0.17022994,0.9906894,-0.0946753,-0.103730045,0.121706374
1747679454.4535458,0.18224975,0.17022994,0.9906894,-0.0946753,-0.103730045,0.121706374
1747679454.4540803,0.18224975,0.17022994,0.9906894,-0.0946753,-0.103730045,0.121706374
1747679454.4546435,0.18224975,0.17022994,0.9906894,-0.0946753,-0.103730045,0.121706374
1747679454.4552026,0.18224975,0.17022994,0.9906894,-0.0946753,-0.103730045,0.121706374
1747679454.455738,0.18224975,0.17022994,0.9906894,-0.0946753,-0.103730045,0.121706374
1747679454.4562604,0.18224975,0.17022994,0.9906894,-0.0946753,-0.103730045,0.121706374
1747679454.4567814,0.18224975,0.17022994,0.9906894,-0.0946753,-0.103730045,0.121706374
1747679454.4573054,0.18224975,0.17022994,0.9906894,-0.0946753,-0.103730045,0.121706374
1747679454.4578297,0.18224975,0.17022994,0.9906894,-0.0946753,-0.103730045,0.121706374
1747679454.458351,0.18224975,0.17022994,0.9906894,-0.0946753,-0.103730045,0.121706374
1747679454.4588716,0.18224975,0.17022994,0.9906894,-0.0946753,-0.103730045,0.121706374
1747679454.459392,0.18224975,0.17022994,0.9906894,-0.0946753,-0.103730045,0.121706374
1747679454.4599128,0.18224975,0.17022994,0.9906894,-0.0946753,-0.103730045,0.121706374
1747679454.4604342,0.18224975,0.17022994,0.9906894,-0.0946753,-0.103730045,0.121706374
1747679454.4609554,0.21690588,0.1795041,0.9945943,-0.0946753,-0.103730045,0.121706374
1747679454.461479,0.21690588,0.1795041,0.9945943,-0.15006901,-0.047271073,0.10253163
1747679454.462,0.21690588,0.1795041,0.9945943,-0.15006901,-0.047271073,0.10253163
1747679454.4625206,0.21690588,0.1795041,0.9945943,-0.15006901,-0.047271073,0.10253163
1747679454.4630418,0.21690588,0.1795041,0.9945943,-0.15006901,-0.047271073,0.10253163
1747679454.4635625,0.21690588,0.1795041,0.9945943,-0.15006901,-0.047271073,0.10253163
1747679454.46409,0.21690588,0.1795041,0.9945943,-0.15006901,-0.047271073,0.10253163
1747679454.464622,0.21690588,0.1795041,0.9945943,-0.15006901,-0.047271073,0.10253163
1747679454.4651444,0.21690588,0.1795041,0.9945943,-0.15006901,-0.047271073,0.10253163
1747679454.465665,0.21690588,0.1795041,0.9945943,-0.15006901,-0.047271073,0.10253163
1747679454.4661856,0.21690588,0.1795041,0.9945943,-0.15006901,-0.047271073,0.10253163
1747679454.4667084,0.21690588,0.1795041,0.9945943,-0.15006901,-0.047271073,0.10253163
1747679454.467332,0.21690588,0.1795041,0.9945943,-0.15006901,-0.047271073,0.10253163
1747679454.4678905,0.21690588,0.1795041,0.9945943,-0.15006901,-0.047271073,0.10253163
1747679454.4684272,0.21690588,0.1795041,0.9945943,-0.15006901,-0.047271073,0.10253163
1747679454.4689484,0.21690588,0.1795041,0.9945943,-0.15006901,-0.047271073,0.10253163
1747679454.4694817,0.21690588,0.1795041,0.9945943,-0.15006901,-0.047271073,0.10253163
1747679454.470034,0.21690588,0.1795041,0.9945943,-0.15006901,-0.047271073,0.10253163
1747679454.470592,0.21690588,0.1795041,0.9945943,-0.15006901,-0.047271073,0.10253163
1747679454.47115,0.23887102,0.18389714,1.0204643,-0.18735324,0.0038615807,0.07376951
1747679454.4717116,0.23887102,0.18389714,1.0204643,-0.18735324,0.0038615807,0.07376951
1747679454.4722342,0.23887102,0.18389714,1.0204643,-0.18735324,0.0038615807,0.07376951
1747679454.472753,0.23887102,0.18389714,1.0204643,-0.18735324,0.0038615807,0.07376951
1747679454.4732718,0.23887102,0.18389714,1.0204643,-0.18735324,0.0038615807,0.07376951
1747679454.4737902,0.23887102,0.18389714,1.0204643,-0.18735324,0.0038615807,0.07376951
1747679454.4743192,0.23887102,0.18389714,1.0204643,-0.18735324,0.0038615807,0.07376951
1747679454.4748487,0.23887102,0.18389714,1.0204643,-0.18735324,0.0038615807,0.07376951
1747679454.4753687,0.23887102,0.18389714,1.0204643,-0.18735324,0.0038615807,0.07376951
1747679454.4758868,0.23887102,0.18389714,1.0204643,-0.18735324,0.0038615807,0.07376951
1747679454.4764056,0.23887102,0.18389714,1.0204643,-0.18735324,0.0038615807,0.07376951
1747679454.4769263,0.23887102,0.18389714,1.0204643,-0.18735324,0.0038615807,0.07376951
1747679454.4774446,0.23887102,0.18389714,1.0204643,-0.18735324,0.0038615807,0.07376951
1747679454.4779625,0.23887102,0.18389714,1.0204643,-0.18735324,0.0038615807,0.07376951
1747679454.4784803,0.23887102,0.18389714,1.0204643,-0.18735324,0.0038615807,0.07376951
1747679454.4789984,0.23887102,0.18389714,1.0204643,-0.18735324,0.0038615807,0.07376951
1747679454.4795167,0.23887102,0.18389714,1.0204643,-0.18735324,0.0038615807,0.07376951
1747679454.4800348,0.23887102,0.18389714,1.0204643,-0.18735324,0.0038615807,0.07376951
1747679454.4805527,0.23887102,0.18389714,1.0204643,-0.18735324,0.0038615807,0.07376951
1747679454.4810708,0.23887102,0.18389714,1.0204643,-0.18735324,0.0038615807,0.07376951
1747679454.4815884,0.23887102,0.18389714,1.0204643,-0.18735324,0.0038615807,0.07376951
1747679454.4821074,0.23887102,0.18389714,1.0204643,-0.20013641,0.029427908,0.054594763
1747679454.4826527,0.2447284,0.18731394,1.0424296,-0.20013641,0.029427908,0.054594763
1747679454.4832022,0.2447284,0.18731394,1.0424296,-0.20013641,0.029427908,0.054594763
1747679454.4837506,0.2447284,0.18731394,1.0424296,-0.20013641,0.029427908,0.054594763
1747679454.4842932,0.2447284,0.18731394,1.0424296,-0.20013641,0.029427908,0.054594763
1747679454.4848804,0.2447284,0.18731394,1.0424296,-0.20013641,0.029427908,0.054594763
1747679454.4854286,0.2447284,0.18731394,1.0424296,-0.20013641,0.029427908,0.054594763
1747679454.485992,0.2447284,0.18731394,1.0424296,-0.20013641,0.029427908,0.054594763
1747679454.4865253,0.2447284,0.18731394,1.0424296,-0.20013641,0.029427908,0.054594763
1747679454.4870446,0.2447284,0.18731394,1.0424296,-0.20013641,0.029427908,0.054594763
1747679454.4875634,0.2447284,0.18731394,1.0424296,-0.20013641,0.029427908,0.054594763
1747679454.4880815,0.2447284,0.18731394,1.0424296,-0.20013641,0.029427908,0.054594763
1747679454.4885995,0.2447284,0.18731394,1.0424296,-0.20013641,0.029427908,0.054594763
1747679454.489118,0.2447284,0.18731394,1.0424296,-0.20013641,0.029427908,0.054594763
1747679454.4896367,0.2447284,0.18731394,1.0424296,-0.20013641,0.029427908,0.054594763
1747679454.4901545,0.2447284,0.18731394,1.0424296,-0.20013641,0.029427908,0.054594763
1747679454.4906723,0.2447284,0.18731394,1.0424296,-0.20013641,0.029427908,0.054594763
1747679454.4911902,0.2447284,0.18731394,1.0424296,-0.20013641,0.029427908,0.054594763
1747679454.4917083,0.2447284,0.18731394,1.0424296,-0.20013641,0.029427908,0.054594763
1747679454.4922264,0.2447284,0.18731394,1.0424296,-0.20013641,0.029427908,0.054594763
1747679454.4927447,0.2447284,0.18731394,1.0424296,-0.20013641,0.029427908,0.054594763
1747679454.4932628,0.2447284,0.18731394,1.0424296,-0.20013641,0.029427908,0.054594763
1747679454.4937944,0.2447284,0.18731394,1.0424296,-0.20013641,0.029427908,0.054594763
1747679454.4943283,0.2447284,0.18731394,1.0424296,-0.20013641,0.029427908,0.054594763
1747679454.494849,0.24424028,0.19756435,1.0902647,-0.19907114,0.037950017,0.0087884255
1747679454.4953682,0.24424028,0.19756435,1.0902647,-0.19907114,0.037950017,0.0087884255
1747679454.4958868,0.24424028,0.19756435,1.0902647,-0.19907114,0.037950017,0.0087884255
1747679454.496405,0.24424028,0.19756435,1.0902647,-0.19907114,0.037950017,0.0087884255
1747679454.496923,0.24424028,0.19756435,1.0902647,-0.19907114,0.037950017,0.0087884255
1747679454.497441,0.24424028,0.19756435,1.0902647,-0.19907114,0.037950017,0.0087884255
1747679454.4980285,0.24424028,0.19756435,1.0902647,-0.19907114,0.037950017,0.0087884255
1747679454.49859,0.24424028,0.19756435,1.0902647,-0.19907114,0.037950017,0.0087884255
1747679454.4991286,0.24424028,0.19756435,1.0902647,-0.19907114,0.037950017,0.0087884255
1747679454.4996643,0.24424028,0.19756435,1.0902647,-0.19907114,0.037950017,0.0087884255
1747679454.5001972,0.24424028,0.19756435,1.0902647,-0.19907114,0.037950017,0.0087884255
1747679454.5007322,0.24424028,0.19756435,1.0902647,-0.19907114,0.037950017,0.0087884255
1747679454.501298,0.24424028,0.19756435,1.0902647,-0.19907114,0.037950017,0.0087884255
1747679454.5018423,0.24424028,0.19756435,1.0902647,-0.19907114,0.037950017,0.0087884255
1747679454.502375,0.24424028,0.19756435,1.0902647,-0.19907114,0.037950017,0.0087884255
1747679454.5028949,0.24424028,0.19756435,1.0902647,-0.19907114,0.037950017,0.0087884255
1747679454.5034134,0.24424028,0.19756435,1.0902647,-0.19907114,0.037950017,0.0087884255
1747679454.5039456,0.24424028,0.19756435,1.0902647,-0.19907114,0.037950017,0.0087884255
1747679454.5044842,0.24424028,0.19756435,1.0902647,-0.19907114,0.037950017,0.0087884255
1747679454.5050068,0.24424028,0.19756435,1.0902647,-0.19907114,0.037950017,0.0087884255
1747679454.5055263,0.23496611,0.20732662,1.1522553,-0.19907114,0.037950017,0.0087884255
1747679454.506045,0.23496611,0.20732662,1.1522553,-0.19907114,0.037950017,0.0087884255
1747679454.5065641,0.23496611,0.20732662,1.1522553,-0.19907114,0.037950017,0.0087884255
1747679454.5070825,0.23496611,0.20732662,1.1522553,-0.19907114,0.037950017,0.0087884255
1747679454.5076015,0.23496611,0.20732662,1.1522553,-0.19907114,0.037950017,0.0087884255
1747679454.5081215,0.23496611,0.20732662,1.1522553,-0.19907114,0.037950017,0.0087884255
1747679454.5086417,0.23496611,0.20732662,1.1522553,-0.19907114,0.037950017,0.0087884255
1747679454.50916,0.23496611,0.20732662,1.1522553,-0.19907114,0.037950017,0.0087884255
1747679454.5096781,0.23496611,0.20732662,1.1522553,-0.19907114,0.037950017,0.0087884255
1747679454.510196,0.23496611,0.20732662,1.1522553,-0.19907114,0.037950017,0.0087884255
1747679454.510714,0.23496611,0.20732662,1.1522553,-0.19907114,0.037950017,0.0087884255
1747679454.511232,0.23496611,0.20732662,1.1522553,-0.19907114,0.037950017,0.0087884255
1747679454.5117502,0.23496611,0.20732662,1.1522553,-0.19907114,0.037950017,0.0087884255
1747679454.5122678,0.23496611,0.20732662,1.1522553,-0.19907114,0.037950017,0.0087884255
1747679454.512786,0.23496611,0.20732662,1.1522553,-0.19907114,0.037950017,0.0087884255
1747679454.5133429,0.23496611,0.20732662,1.1522553,-0.19907114,0.037950017,0.0087884255
1747679454.5138867,0.23496611,0.20732662,1.1522553,-0.19907114,0.037950017,0.0087884255
1747679454.5144217,0.23496611,0.20732662,1.1522553,-0.11171953,-0.05792371,-0.04447476
1747679454.5149558,0.22569194,0.21855327,1.2571999,-0.11171953,-0.05792371,-0.04447476
1747679454.515477,0.22569194,0.21855327,1.2571999,-0.11171953,-0.05792371,-0.04447476
1747679454.5159957,0.22569194,0.21855327,1.2571999,-0.11171953,-0.05792371,-0.04447476
1747679454.5165415,0.22569194,0.21855327,1.2571999,-0.11171953,-0.05792371,-0.04447476
1747679454.5170844,0.22569194,0.21855327,1.2571999,-0.11171953,-0.05792371,-0.04447476
1747679454.517648,0.22569194,0.21855327,1.2571999,-0.11171953,-0.05792371,-0.04447476
1747679454.518181,0.22569194,0.21855327,1.2571999,-0.11171953,-0.05792371,-0.04447476
1747679454.518701,0.22569194,0.21855327,1.2571999,-0.11171953,-0.05792371,-0.04447476
1747679454.5192196,0.22569194,0.21855327,1.2571999,-0.11171953,-0.05792371,-0.04447476
1747679454.519738,0.22569194,0.21855327,1.2571999,-0.11171953,-0.05792371,-0.04447476
1747679454.520257,0.22569194,0.21855327,1.2571999,-0.11171953,-0.05792371,-0.04447476
1747679454.520778,0.22569194,0.21855327,1.2571999,-0.11171953,-0.05792371,-0.04447476
1747679454.5212965,0.22569194,0.21855327,1.2571999,-0.11171953,-0.05792371,-0.04447476
1747679454.5218148,0.22569194,0.21855327,1.2571999,-0.11171953,-0.05792371,-0.04447476
1747679454.5223327,0.22569194,0.21855327,1.2571999,-0.11171953,-0.05792371,-0.04447476
1747679454.5228891,0.21544152,0.22782744,1.3084519,-0.03715107,-0.12823111,-0.05619266
1747679454.5234082,0.21544152,0.22782744,1.3084519,-0.03715107,-0.12823111,-0.05619266
1747679454.5239365,0.21544152,0.22782744,1.3084519,-0.03715107,-0.12823111,-0.05619266
1747679454.5244706,0.21544152,0.22782744,1.3084519,-0.03715107,-0.12823111,-0.05619266
1747679454.5249908,0.21544152,0.22782744,1.3084519,-0.03715107,-0.12823111,-0.05619266
1747679454.5255086,0.21544152,0.22782744,1.3084519,-0.03715107,-0.12823111,-0.05619266
1747679454.526027,0.21544152,0.22782744,1.3084519,-0.03715107,-0.12823111,-0.05619266
1747679454.5265446,0.21544152,0.22782744,1.3084519,-0.03715107,-0.12823111,-0.05619266
1747679454.5270634,0.21544152,0.22782744,1.3084519,-0.03715107,-0.12823111,-0.05619266
1747679454.5275817,0.21544152,0.22782744,1.3084519,-0.03715107,-0.12823111,-0.05619266
1747679454.5280998,0.21544152,0.22782744,1.3084519,-0.03715107,-0.12823111,-0.05619266
1747679454.5286453,0.21544152,0.22782744,1.3084519,-0.03715107,-0.12823111,-0.05619266
1747679454.5292053,0.21544152,0.22782744,1.3084519,-0.03715107,-0.12823111,-0.05619266
1747679454.5297534,0.21544152,0.22782744,1.3084519,-0.03715107,-0.12823111,-0.05619266
1747679454.5302937,0.21544152,0.22782744,1.3084519,-0.03715107,-0.12823111,-0.05619266
1747679454.5308268,0.21544152,0.22782744,1.3084519,-0.03715107,-0.12823111,-0.05619266
1747679454.5313463,0.21544152,0.22782744,1.3084519,-0.03715107,-0.12823111,-0.05619266
1747679454.5318656,0.21641776,0.2463758,1.3689781,0.050200548,-0.20066904,-0.059388448
1747679454.5324147,0.21641776,0.2463758,1.3689781,0.050200548,-0.20066904,-0.059388448
1747679454.5329688,0.21641776,0.2463758,1.3689781,0.050200548,-0.20066904,-0.059388448
1747679454.533525,0.21641776,0.2463758,1.3689781,0.050200548,-0.20066904,-0.059388448
1747679454.5340679,0.21641776,0.2463758,1.3689781,0.050200548,-0.20066904,-0.059388448
1747679454.5346258,0.21641776,0.2463758,1.3689781,0.050200548,-0.20066904,-0.059388448
1747679454.5351498,0.21641776,0.2463758,1.3689781,0.050200548,-0.20066904,-0.059388448
1747679454.5356688,0.21641776,0.2463758,1.3689781,0.050200548,-0.20066904,-0.059388448
1747679454.5361874,0.21641776,0.2463758,1.3689781,0.050200548,-0.20066904,-0.059388448
1747679454.5367055,0.21641776,0.2463758,1.3689781,0.050200548,-0.20066904,-0.059388448
1747679454.537224,0.21641776,0.2463758,1.3689781,0.050200548,-0.20066904,-0.059388448
1747679454.537742,0.21641776,0.2463758,1.3689781,0.050200548,-0.20066904,-0.059388448
1747679454.5382602,0.21641776,0.2463758,1.3689781,0.050200548,-0.20066904,-0.059388448
1747679454.5387783,0.21641776,0.2463758,1.3689781,0.050200548,-0.20066904,-0.059388448
1747679454.539296,0.21641776,0.2463758,1.3689781,0.050200548,-0.20066904,-0.059388448
1747679454.5398147,0.21641776,0.2463758,1.3689781,0.050200548,-0.20066904,-0.059388448
1747679454.5403411,0.21641776,0.2463758,1.3689781,0.1396827,-0.20279956,-0.06791056
1747679454.5408618,0.21641776,0.2463758,1.3689781,0.1396827,-0.20279956,-0.06791056
1747679454.5413811,0.21641776,0.2463758,1.3689781,0.1396827,-0.20279956,-0.06791056
1747679454.5418997,0.23643047,0.27517456,1.4295043,0.1396827,-0.20279956,-0.06791056
1747679454.5424182,0.23643047,0.27517456,1.4295043,0.1396827,-0.20279956,-0.06791056
1747679454.5429363,0.23643047,0.27517456,1.4295043,0.1396827,-0.20279956,-0.06791056
1747679454.543478,0.23643047,0.27517456,1.4295043,0.1396827,-0.20279956,-0.06791056
1747679454.5440414,0.23643047,0.27517456,1.4295043,0.1396827,-0.20279956,-0.06791056
1747679454.54461,0.23643047,0.27517456,1.4295043,0.1396827,-0.20279956,-0.06791056
1747679454.545156,0.23643047,0.27517456,1.4295043,0.1396827,-0.20279956,-0.06791056
1747679454.5456831,0.23643047,0.27517456,1.4295043,0.1396827,-0.20279956,-0.06791056
1747679454.5462027,0.23643047,0.27517456,1.4295043,0.1396827,-0.20279956,-0.06791056
1747679454.546721,0.23643047,0.27517456,1.4295043,0.1396827,-0.20279956,-0.06791056
1747679454.5472512,0.23643047,0.27517456,1.4295043,0.1396827,-0.20279956,-0.06791056
1747679454.5478065,0.23643047,0.27517456,1.4295043,0.1396827,-0.20279956,-0.06791056
1747679454.5483658,0.23643047,0.27517456,1.4295043,0.1396827,-0.20279956,-0.06791056
1747679454.548925,0.23643047,0.27517456,1.4295043,0.1396827,-0.20279956,-0.06791056
1747679454.5494661,0.23643047,0.27517456,1.4295043,0.1396827,-0.20279956,-0.06791056
1747679454.5499988,0.23643047,0.27517456,1.4295043,0.1396827,-0.20279956,-0.06791056
1747679454.5505185,0.23643047,0.27517456,1.4295043,0.1396827,-0.20279956,-0.06791056
1747679454.5510404,0.23643047,0.27517456,1.4295043,0.1396827,-0.20279956,-0.06791056
1747679454.5515594,0.23643047,0.27517456,1.4295043,0.1396827,-0.20279956,-0.06791056
1747679454.5520842,0.26278865,0.28249624,1.4578149,0.24727432,-0.11331742,-0.10199899
1747679454.5526032,0.26278865,0.28249624,1.4578149,0.24727432,-0.11331742,-0.10199899
1747679454.553121,0.26278865,0.28249624,1.4578149,0.24727432,-0.11331742,-0.10199899
1747679454.5536475,0.26278865,0.28249624,1.4578149,0.24727432,-0.11331742,-0.10199899
1747679454.554178,0.26278865,0.28249624,1.4578149,0.24727432,-0.11331742,-0.10199899
1747679454.5547004,0.26278865,0.28249624,1.4578149,0.24727432,-0.11331742,-0.10199899
1747679454.5552216,0.26278865,0.28249624,1.4578149,0.24727432,-0.11331742,-0.10199899
1747679454.5557425,0.26278865,0.28249624,1.4578149,0.24727432,-0.11331742,-0.10199899
1747679454.5562634,0.26278865,0.28249624,1.4578149,0.24727432,-0.11331742,-0.10199899
1747679454.5567842,0.26278865,0.28249624,1.4578149,0.24727432,-0.11331742,-0.10199899
1747679454.5573046,0.26278865,0.28249624,1.4578149,0.24727432,-0.11331742,-0.10199899
1747679454.5578256,0.26278865,0.28249624,1.4578149,0.24727432,-0.11331742,-0.10199899
1747679454.5583465,0.26278865,0.28249624,1.4578149,0.24727432,-0.11331742,-0.10199899
1747679454.5588846,0.26278865,0.28249624,1.4578149,0.24727432,-0.11331742,-0.10199899
1747679454.559447,0.26278865,0.28249624,1.4578149,0.24727432,-0.11331742,-0.10199899
1747679454.5599945,0.26278865,0.28249624,1.4578149,0.24727432,-0.11331742,-0.10199899
1747679454.5605211,0.26278865,0.28249624,1.4578149,0.24727432,-0.11331742,-0.10199899
1747679454.561042,0.26278865,0.28249624,1.4578149,0.24727432,-0.11331742,-0.10199899
1747679454.5615637,0.26278865,0.28249624,1.4578149,0.24727432,-0.11331742,-0.10199899
1747679454.5620847,0.26278865,0.28249624,1.4578149,0.24727432,-0.11331742,-0.10199899
1747679454.5626054,0.26278865,0.28249624,1.4578149,0.24727432,-0.11331742,-0.10199899
1747679454.563135,0.26278865,0.28249624,1.4578149,0.3442133,0.0049268445,-0.13715269
1747679454.5637429,0.26278865,0.28249624,1.4578149,0.3442133,0.0049268445,-0.13715269
1747679454.5643096,0.26766977,0.28835365,1.483685,0.3442133,0.0049268445,-0.13715269
1747679454.5648575,0.26766977,0.28835365,1.483685,0.3442133,0.0049268445,-0.13715269
1747679454.5654318,0.26766977,0.28835365,1.483685,0.3442133,0.0049268445,-0.13715269
1747679454.5659542,0.26766977,0.28835365,1.483685,0.3442133,0.0049268445,-0.13715269
1747679454.5664756,0.26766977,0.28835365,1.483685,0.3442133,0.0049268445,-0.13715269
1747679454.5669966,0.26766977,0.28835365,1.483685,0.3442133,0.0049268445,-0.13715269
1747679454.5675175,0.26766977,0.28835365,1.483685,0.3442133,0.0049268445,-0.13715269
1747679454.5680382,0.26766977,0.28835365,1.483685,0.3442133,0.0049268445,-0.13715269
1747679454.5685613,0.26766977,0.28835365,1.483685,0.3442133,0.0049268445,-0.13715269
1747679454.5690699,0.26766977,0.28835365,1.483685,0.3442133,0.0049268445,-0.13715269
1747679454.5695884,0.26766977,0.28835365,1.483685,0.3442133,0.0049268445,-0.13715269
1747679454.570107,0.26766977,0.28835365,1.483685,0.3442133,0.0049268445,-0.13715269
1747679454.570625,0.26766977,0.28835365,1.483685,0.3442133,0.0049268445,-0.13715269
1747679454.571143,0.26766977,0.28835365,1.483685,0.3442133,0.0049268445,-0.13715269
1747679454.5716612,0.26766977,0.28835365,1.483685,0.3442133,0.0049268445,-0.13715269
1747679454.5721796,0.26766977,0.28835365,1.483685,0.3442133,0.0049268445,-0.13715269
1747679454.5726998,0.26766977,0.28835365,1.483685,0.3442133,0.0049268445,-0.13715269
1747679454.573221,0.26766977,0.28835365,1.483685,0.42623863,0.099735305,-0.16804534
1747679454.5737395,0.26766977,0.28835365,1.483685,0.42623863,0.099735305,-0.16804534
1747679454.574287,0.26718166,0.2976278,1.5041858,0.42623863,0.099735305,-0.16804534
1747679454.574837,0.26718166,0.2976278,1.5041858,0.42623863,0.099735305,-0.16804534
1747679454.5753615,0.26718166,0.2976278,1.5041858,0.42623863,0.099735305,-0.16804534
1747679454.5758803,0.26718166,0.2976278,1.5041858,0.42623863,0.099735305,-0.16804534
1747679454.5763986,0.26718166,0.2976278,1.5041858,0.42623863,0.099735305,-0.16804534
1747679454.576917,0.26718166,0.2976278,1.5041858,0.42623863,0.099735305,-0.16804534
1747679454.5774355,0.26718166,0.2976278,1.5041858,0.42623863,0.099735305,-0.16804534
1747679454.5779538,0.26718166,0.2976278,1.5041858,0.42623863,0.099735305,-0.16804534
1747679454.5785036,0.26718166,0.2976278,1.5041858,0.42623863,0.099735305,-0.16804534
1747679454.5790534,0.26718166,0.2976278,1.5041858,0.42623863,0.099735305,-0.16804534
1747679454.5796173,0.26718166,0.2976278,1.5041858,0.42623863,0.099735305,-0.16804534
1747679454.580151,0.26718166,0.2976278,1.5041858,0.42623863,0.099735305,-0.16804534
1747679454.5806713,0.26718166,0.2976278,1.5041858,0.42623863,0.099735305,-0.16804534
1747679454.5811923,0.26718166,0.2976278,1.5041858,0.42623863,0.099735305,-0.16804534
1747679454.581713,0.26718166,0.2976278,1.5041858,0.42623863,0.099735305,-0.16804534
1747679454.5822318,0.26718166,0.2976278,1.5041858,0.42623863,0.099735305,-0.16804534
1747679454.5827553,0.25693128,0.3078782,1.5442113,0.42623863,0.099735305,-0.16804534
1747679454.5832763,0.25693128,0.3078782,1.5442113,0.5849629,0.17963009,-0.20639484
1747679454.583803,0.25693128,0.3078782,1.5442113,0.5849629,0.17963009,-0.20639484
1747679454.5843382,0.25693128,0.3078782,1.5442113,0.5849629,0.17963009,-0.20639484
1747679454.58486,0.25693128,0.3078782,1.5442113,0.5849629,0.17963009,-0.20639484
1747679454.5853786,0.25693128,0.3078782,1.5442113,0.5849629,0.17963009,-0.20639484
1747679454.5858965,0.25693128,0.3078782,1.5442113,0.5849629,0.17963009,-0.20639484
1747679454.5864146,0.25693128,0.3078782,1.5442113,0.5849629,0.17963009,-0.20639484
1747679454.5869327,0.25693128,0.3078782,1.5442113,0.5849629,0.17963009,-0.20639484
1747679454.5874507,0.25693128,0.3078782,1.5442113,0.5849629,0.17963009,-0.20639484
1747679454.5879688,0.25693128,0.3078782,1.5442113,0.5849629,0.17963009,-0.20639484
1747679454.588487,0.25693128,0.3078782,1.5442113,0.5849629,0.17963009,-0.20639484
1747679454.5890048,0.25693128,0.3078782,1.5442113,0.5849629,0.17963009,-0.20639484
1747679454.5895452,0.25693128,0.3078782,1.5442113,0.5849629,0.17963009,-0.20639484
1747679454.5900943,0.25693128,0.3078782,1.5442113,0.5849629,0.17963009,-0.20639484
1747679454.5906303,0.25693128,0.3078782,1.5442113,0.5849629,0.17963009,-0.20639484
1747679454.5911639,0.23935914,0.3176405,1.569105,0.72131664,0.17217323,-0.2245043
1747679454.591689,0.23935914,0.3176405,1.569105,0.72131664,0.17217323,-0.2245043
1747679454.5922081,0.23935914,0.3176405,1.569105,0.72131664,0.17217323,-0.2245043
1747679454.592727,0.23935914,0.3176405,1.569105,0.72131664,0.17217323,-0.2245043
1747679454.5932455,0.23935914,0.3176405,1.569105,0.72131664,0.17217323,-0.2245043
1747679454.5937636,0.23935914,0.3176405,1.569105,0.72131664,0.17217323,-0.2245043
1747679454.5943038,0.23935914,0.3176405,1.569105,0.72131664,0.17217323,-0.2245043
1747679454.5948725,0.23935914,0.3176405,1.569105,0.72131664,0.17217323,-0.2245043
1747679454.5954216,0.23935914,0.3176405,1.569105,0.72131664,0.17217323,-0.2245043
1747679454.5959544,0.23935914,0.3176405,1.569105,0.72131664,0.17217323,-0.2245043
1747679454.5964744,0.23935914,0.3176405,1.569105,0.72131664,0.17217323,-0.2245043
1747679454.596993,0.23935914,0.3176405,1.569105,0.72131664,0.17217323,-0.2245043
1747679454.5975115,0.23935914,0.3176405,1.569105,0.72131664,0.17217323,-0.2245043
1747679454.59803,0.23935914,0.3176405,1.569105,0.72131664,0.17217323,-0.2245043
1747679454.5985484,0.23935914,0.3176405,1.569105,0.72131664,0.17217323,-0.2245043
1747679454.5990663,0.23935914,0.3176405,1.569105,0.72131664,0.17217323,-0.2245043
1747679454.5995846,0.23935914,0.3176405,1.569105,0.72131664,0.17217323,-0.2245043
1747679454.6001027,0.23935914,0.3176405,1.569105,0.72131664,0.17217323,-0.2245043
1747679454.6006205,0.23935914,0.3176405,1.569105,0.72131664,0.17217323,-0.2245043
1747679454.6011386,0.23935914,0.3176405,1.569105,0.72131664,0.17217323,-0.2245043
1747679454.6016567,0.23935914,0.3176405,1.569105,0.72131664,0.17217323,-0.2245043
1747679454.6021752,0.23935914,0.3176405,1.569105,0.72131664,0.17217323,-0.2245043
1747679454.6026938,0.22618006,0.33570072,1.5671526,0.90454197,0.08908267,-0.23835275
1747679454.6032128,0.22618006,0.33570072,1.5671526,0.90454197,0.08908267,-0.23835275
1747679454.603741,0.22618006,0.33570072,1.5671526,0.90454197,0.08908267,-0.23835275
1747679454.6042755,0.22618006,0.33570072,1.5671526,0.90454197,0.08908267,-0.23835275
1747679454.6048307,0.22618006,0.33570072,1.5671526,0.90454197,0.08908267,-0.23835275
1747679454.6053815,0.22618006,0.33570072,1.5671526,0.90454197,0.08908267,-0.23835275
1747679454.6059072,0.22618006,0.33570072,1.5671526,0.90454197,0.08908267,-0.23835275
1747679454.6064267,0.22618006,0.33570072,1.5671526,0.90454197,0.08908267,-0.23835275
1747679454.6069448,0.22618006,0.33570072,1.5671526,0.90454197,0.08908267,-0.23835275
1747679454.6074626,0.22618006,0.33570072,1.5671526,0.90454197,0.08908267,-0.23835275
1747679454.6079803,0.22618006,0.33570072,1.5671526,0.90454197,0.08908267,-0.23835275
1747679454.6084979,0.22618006,0.33570072,1.5671526,0.90454197,0.08908267,-0.23835275
1747679454.6090155,0.22618006,0.33570072,1.5671526,0.90454197,0.08908267,-0.23835275
1747679454.609533,0.22618006,0.33570072,1.5671526,0.90454197,0.08908267,-0.23835275
1747679454.610063,0.22618006,0.33570072,1.5671526,0.90454197,0.08908267,-0.23835275
1747679454.6106253,0.22618006,0.33570072,1.5671526,0.90454197,0.08908267,-0.23835275
1747679454.6111708,0.22618006,0.33570072,1.5671526,0.90454197,0.08908267,-0.23835275
1747679454.6117213,0.22618006,0.33570072,1.5671526,0.90454197,0.08908267,-0.23835275
1747679454.6122408,0.22618006,0.33570072,1.5671526,0.90454197,0.08908267,-0.23835275
1747679454.6127596,0.22618006,0.33570072,1.5671526,0.90454197,0.08908267,-0.23835275
1747679454.6132777,0.22618006,0.33570072,1.5671526,0.90454197,0.08908267,-0.23835275
1747679454.6138053,0.22618006,0.33570072,1.5671526,1.0749842,0.011318427,-0.25539696
1747679454.6143348,0.22618006,0.33570072,1.5671526,1.0749842,0.011318427,-0.25539696
1747679454.614857,0.23350178,0.35913023,1.5627596,1.0749842,0.011318427,-0.25539696
1747679454.615375,0.23350178,0.35913023,1.5627596,1.0749842,0.011318427,-0.25539696
1747679454.615893,0.23350178,0.35913023,1.5627596,1.0749842,0.011318427,-0.25539696
1747679454.616411,0.23350178,0.35913023,1.5627596,1.0749842,0.011318427,-0.25539696
1747679454.6169288,0.23350178,0.35913023,1.5627596,1.0749842,0.011318427,-0.25539696
1747679454.617447,0.23350178,0.35913023,1.5627596,1.0749842,0.011318427,-0.25539696
1747679454.617965,0.23350178,0.35913023,1.5627596,1.0749842,0.011318427,-0.25539696
1747679454.6184835,0.23350178,0.35913023,1.5627596,1.0749842,0.011318427,-0.25539696
1747679454.6190014,0.23350178,0.35913023,1.5627596,1.0749842,0.011318427,-0.25539696
1747679454.6195195,0.23350178,0.35913023,1.5627596,1.0749842,0.011318427,-0.25539696
1747679454.620057,0.23350178,0.35913023,1.5627596,1.0749842,0.011318427,-0.25539696
1747679454.620646,0.23350178,0.35913023,1.5627596,1.0749842,0.011318427,-0.25539696
1747679454.6211958,0.23350178,0.35913023,1.5627596,1.0749842,0.011318427,-0.25539696
1747679454.6217396,0.23350178,0.35913023,1.5627596,1.0749842,0.011318427,-0.25539696
1747679454.622273,0.23350178,0.35913023,1.5627596,1.0749842,0.011318427,-0.25539696
1747679454.6227925,0.23350178,0.35913023,1.5627596,1.0749842,0.011318427,-0.25539696
1747679454.6233106,0.23350178,0.35913023,1.5627596,1.0749842,0.011318427,-0.25539696
1747679454.6238434,0.23350178,0.35913023,1.5627596,1.0749842,0.011318427,-0.25539696
1747679454.6243804,0.23350178,0.35913023,1.5627596,1.0749842,0.011318427,-0.25539696
1747679454.6249,0.23350178,0.35913023,1.5627596,1.0749842,0.011318427,-0.25539696
1747679454.625418,0.23350178,0.35913023,1.5627596,1.0749842,0.011318427,-0.25539696
1747679454.625966,0.268646,0.36645198,1.5534854,1.0749842,0.011318427,-0.25539696
1747679454.6265192,0.268646,0.36645198,1.5534854,1.0749842,0.011318427,-0.25539696
1747679454.627083,0.268646,0.36645198,1.5534854,1.2283821,-0.021704746,-0.27989802
1747679454.627653,0.268646,0.36645198,1.5534854,1.2283821,-0.021704746,-0.27989802
1747679454.628176,0.268646,0.36645198,1.5534854,1.2283821,-0.021704746,-0.27989802
1747679454.628695,0.268646,0.36645198,1.5534854,1.2283821,-0.021704746,-0.27989802
1747679454.6292133,0.268646,0.36645198,1.5534854,1.2283821,-0.021704746,-0.27989802
1747679454.6297321,0.268646,0.36645198,1.5534854,1.2283821,-0.021704746,-0.27989802
1747679454.6302502,0.268646,0.36645198,1.5534854,1.2283821,-0.021704746,-0.27989802
1747679454.6307712,0.268646,0.36645198,1.5534854,1.2283821,-0.021704746,-0.27989802
1747679454.631292,0.32721975,0.37670237,1.5564141,1.3881717,-0.00785632,-0.35872754
1747679454.631811,0.32721975,0.37670237,1.5564141,1.3881717,-0.00785632,-0.35872754
1747679454.632329,0.32721975,0.37670237,1.5564141,1.3881717,-0.00785632,-0.35872754
1747679454.6328473,0.32721975,0.37670237,1.5564141,1.3881717,-0.00785632,-0.35872754
1747679454.6333654,0.32721975,0.37670237,1.5564141,1.3881717,-0.00785632,-0.35872754
1747679454.6338937,0.32721975,0.37670237,1.5564141,1.3881717,-0.00785632,-0.35872754
1747679454.6344278,0.32721975,0.37670237,1.5564141,1.3881717,-0.00785632,-0.35872754
1747679454.6349478,0.32721975,0.37670237,1.5564141,1.3881717,-0.00785632,-0.35872754
1747679454.6354883,0.32721975,0.37670237,1.5564141,1.3881717,-0.00785632,-0.35872754
1747679454.6360369,0.32721975,0.37670237,1.5564141,1.3881717,-0.00785632,-0.35872754
1747679454.6365604,0.32721975,0.37670237,1.5564141,1.3881717,-0.00785632,-0.35872754
1747679454.637124,0.32721975,0.37670237,1.5564141,1.3881717,-0.00785632,-0.35872754
1747679454.637644,0.32721975,0.37670237,1.5564141,1.3881717,-0.00785632,-0.35872754
1747679454.638162,0.32721975,0.37670237,1.5564141,1.3881717,-0.00785632,-0.35872754
1747679454.6386797,0.32721975,0.37670237,1.5564141,1.3881717,-0.00785632,-0.35872754
1747679454.6391976,0.32721975,0.37670237,1.5564141,1.3881717,-0.00785632,-0.35872754
1747679454.6397183,0.32721975,0.37670237,1.5564141,1.3881717,-0.00785632,-0.35872754
1747679454.640239,0.32721975,0.37670237,1.5564141,1.5351781,0.039015282,-0.46312338
1747679454.640758,0.32721975,0.37670237,1.5564141,1.5351781,0.039015282,-0.46312338
1747679454.641279,0.3560185,0.3742618,1.5656883,1.5351781,0.039015282,-0.46312338
1747679454.6418262,0.3560185,0.3742618,1.5656883,1.5351781,0.039015282,-0.46312338
1747679454.6423762,0.3560185,0.3742618,1.5656883,1.5351781,0.039015282,-0.46312338
1747679454.6429286,0.3560185,0.3742618,1.5656883,1.5351781,0.039015282,-0.46312338
1747679454.6434681,0.3560185,0.3742618,1.5656883,1.5351781,0.039015282,-0.46312338
1747679454.6440039,0.3560185,0.3742618,1.5656883,1.5351781,0.039015282,-0.46312338
1747679454.6445613,0.3560185,0.3742618,1.5656883,1.5351781,0.039015282,-0.46312338
1747679454.645085,0.3560185,0.3742618,1.5656883,1.5351781,0.039015282,-0.46312338
1747679454.6456041,0.3560185,0.3742618,1.5656883,1.5351781,0.039015282,-0.46312338
1747679454.6461225,0.3560185,0.3742618,1.5656883,1.5351781,0.039015282,-0.46312338
1747679454.6466405,0.3560185,0.3742618,1.5656883,1.5351781,0.039015282,-0.46312338
1747679454.6471589,0.3560185,0.3742618,1.5656883,1.5351781,0.039015282,-0.46312338
1747679454.647677,0.3560185,0.3742618,1.5656883,1.5351781,0.039015282,-0.46312338
1747679454.6481948,0.3560185,0.3742618,1.5656883,1.5351781,0.039015282,-0.46312338
1747679454.6487129,0.3560185,0.3742618,1.5656883,1.5351781,0.039015282,-0.46312338
1747679454.649231,0.3560185,0.3742618,1.5656883,1.5351781,0.039015282,-0.46312338
1747679454.6497495,0.3560185,0.3742618,1.5656883,1.5351781,0.039015282,-0.46312338
1747679454.6502676,0.3560185,0.3742618,1.5656883,1.5351781,0.039015282,-0.46312338
1747679454.650843,0.3560185,0.3742618,1.5656883,1.5351781,0.039015282,-0.46312338
1747679454.6514013,0.3560185,0.3742618,1.5656883,1.5351781,0.039015282,-0.46312338
1747679454.6519518,0.3560185,0.3742618,1.5656883,1.6811192,0.11571426,-0.570715
1747679454.6525097,0.3560185,0.3742618,1.5656883,1.6811192,0.11571426,-0.570715
1747679454.6530488,0.35650662,0.36986876,1.5583665,1.6811192,0.11571426,-0.570715
1747679454.6535845,0.35650662,0.36986876,1.5583665,1.6811192,0.11571426,-0.570715
1747679454.6541164,0.35650662,0.36986876,1.5583665,1.6811192,0.11571426,-0.570715
1747679454.654649,0.35650662,0.36986876,1.5583665,1.6811192,0.11571426,-0.570715
1747679454.6551716,0.35650662,0.36986876,1.5583665,1.6811192,0.11571426,-0.570715
1747679454.6556923,0.35650662,0.36986876,1.5583665,1.6811192,0.11571426,-0.570715
1747679454.6562133,0.35650662,0.36986876,1.5583665,1.6811192,0.11571426,-0.570715
1747679454.6567478,0.35650662,0.36986876,1.5583665,1.6811192,0.11571426,-0.570715
1747679454.6573148,0.35650662,0.36986876,1.5583665,1.6811192,0.11571426,-0.570715
1747679454.6578662,0.35650662,0.36986876,1.5583665,1.6811192,0.11571426,-0.570715
1747679454.6584017,0.35650662,0.36986876,1.5583665,1.6811192,0.11571426,-0.570715
1747679454.6589236,0.35650662,0.36986876,1.5583665,1.6811192,0.11571426,-0.570715
1747679454.6594446,0.35650662,0.36986876,1.5583665,1.6811192,0.11571426,-0.570715
1747679454.6599655,0.35650662,0.36986876,1.5583665,1.6811192,0.11571426,-0.570715
1747679454.6604862,0.35650662,0.36986876,1.5583665,1.6811192,0.11571426,-0.570715
1747679454.6610074,0.35650662,0.36986876,1.5583665,1.6811192,0.11571426,-0.570715
1747679454.6615307,0.35650662,0.36986876,1.5583665,1.7887108,0.19347851,-0.65380555
1747679454.6620514,0.35650662,0.36986876,1.5583665,1.7887108,0.19347851,-0.65380555
1747679454.6625726,0.35650662,0.36986876,1.5583665,1.7887108,0.19347851,-0.65380555
1747679454.6630933,0.35650662,0.36986876,1.5583665,1.7887108,0.19347851,-0.65380555
1747679454.6636143,0.35650662,0.36986876,1.5583665,1.7887108,0.19347851,-0.65380555
1747679454.664142,0.35699475,0.36694008,1.5495806,1.7887108,0.19347851,-0.65380555
1747679454.6647234,0.35699475,0.36694008,1.5495806,1.7887108,0.19347851,-0.65380555
1747679454.6652603,0.35699475,0.36694008,1.5495806,1.7887108,0.19347851,-0.65380555
1747679454.6657858,0.35699475,0.36694008,1.5495806,1.7887108,0.19347851,-0.65380555
1747679454.6663325,0.35699475,0.36694008,1.5495806,1.7887108,0.19347851,-0.65380555
1747679454.6668851,0.35699475,0.36694008,1.5495806,1.7887108,0.19347851,-0.65380555
1747679454.6674132,0.35699475,0.36694008,1.5495806,1.7887108,0.19347851,-0.65380555
1747679454.6679344,0.35699475,0.36694008,1.5495806,1.7887108,0.19347851,-0.65380555
1747679454.6684577,0.35699475,0.36694008,1.5495806,1.7887108,0.19347851,-0.65380555
1747679454.6689656,0.35699475,0.36694008,1.5495806,1.7887108,0.19347851,-0.65380555
1747679454.6694846,0.35699475,0.36694008,1.5495806,1.7887108,0.19347851,-0.65380555
1747679454.6700027,0.35699475,0.36694008,1.5495806,1.7887108,0.19347851,-0.65380555
1747679454.6705205,0.35699475,0.36694008,1.5495806,1.7887108,0.19347851,-0.65380555
1747679454.6710384,0.35699475,0.36694008,1.5495806,1.7887108,0.19347851,-0.65380555
1747679454.6715567,0.35699475,0.36694008,1.5495806,1.7887108,0.19347851,-0.65380555
1747679454.6720746,0.35699475,0.36694008,1.5495806,1.7887108,0.19347851,-0.65380555
1747679454.6726067,0.35699475,0.36694008,1.5495806,1.7887108,0.19347851,-0.65380555
1747679454.673164,0.35699475,0.36694008,1.5495806,1.7887108,0.19347851,-0.65380555
1747679454.6737113,0.35699475,0.36694008,1.5495806,1.7887108,0.19347851,-0.65380555
1747679454.6742585,0.35699475,0.36694008,1.5495806,1.7887108,0.19347851,-0.65380555
1747679454.6747978,0.35699475,0.36694008,1.5495806,1.7887108,0.19347851,-0.65380555
1747679454.6753182,0.35699475,0.36694008,1.5495806,1.7887108,0.19347851,-0.65380555
1747679454.675837,0.35699475,0.36694008,1.5495806,1.7887108,0.19347851,-0.65380555
1747679454.6763551,0.35699475,0.36694008,1.5495806,1.7887108,0.19347851,-0.65380555
1747679454.6768734,0.35699475,0.36694008,1.5495806,1.7887108,0.19347851,-0.65380555
1747679454.6773922,0.35357794,0.36108267,1.5495806,1.8973677,0.30000487,-0.72943926
1747679454.6779106,0.35357794,0.36108267,1.5495806,1.8973677,0.30000487,-0.72943926
1747679454.6784286,0.35357794,0.36108267,1.5495806,1.8973677,0.30000487,-0.72943926
1747679454.678947,0.35357794,0.36108267,1.5495806,1.8973677,0.30000487,-0.72943926
1747679454.6794653,0.35357794,0.36108267,1.5495806,1.8973677,0.30000487,-0.72943926
1747679454.6799836,0.35357794,0.36108267,1.5495806,1.8973677,0.30000487,-0.72943926
1747679454.6805017,0.35357794,0.36108267,1.5495806,1.8973677,0.30000487,-0.72943926
1747679454.68102,0.35357794,0.36108267,1.5495806,1.8973677,0.30000487,-0.72943926
1747679454.6816216,0.35357794,0.36108267,1.5495806,1.8973677,0.30000487,-0.72943926
1747679454.682178,0.35357794,0.36108267,1.5495806,1.8973677,0.30000487,-0.72943926
1747679454.682719,0.34430376,0.34595114,1.5544616,1.8973677,0.30000487,-0.72943926
1747679454.6832585,0.34430376,0.34595114,1.5544616,2.0422435,0.47151232,-0.8082688
1747679454.6838057,0.34430376,0.34595114,1.5544616,2.0422435,0.47151232,-0.8082688
1747679454.6843584,0.34430376,0.34595114,1.5544616,2.0422435,0.47151232,-0.8082688
1747679454.684883,0.34430376,0.34595114,1.5544616,2.0422435,0.47151232,-0.8082688
1747679454.6854022,0.34430376,0.34595114,1.5544616,2.0422435,0.47151232,-0.8082688
1747679454.6859205,0.34430376,0.34595114,1.5544616,2.0422435,0.47151232,-0.8082688
1747679454.6864388,0.34430376,0.34595114,1.5544616,2.0422435,0.47151232,-0.8082688
1747679454.6869571,0.34430376,0.34595114,1.5544616,2.0422435,0.47151232,-0.8082688
1747679454.6874752,0.34430376,0.34595114,1.5544616,2.0422435,0.47151232,-0.8082688
1747679454.6879933,0.34430376,0.34595114,1.5544616,2.0422435,0.47151232,-0.8082688
1747679454.6885436,0.34430376,0.34595114,1.5544616,2.0422435,0.47151232,-0.8082688
1747679454.6890976,0.34430376,0.34595114,1.5544616,2.0422435,0.47151232,-0.8082688
1747679454.6896684,0.34430376,0.34595114,1.5544616,2.0422435,0.47151232,-0.8082688
1747679454.6902018,0.34430376,0.34595114,1.5544616,2.0422435,0.47151232,-0.8082688
1747679454.6907218,0.34430376,0.34595114,1.5544616,2.0422435,0.47151232,-0.8082688
1747679454.6912408,0.34430376,0.34595114,1.5544616,2.0422435,0.47151232,-0.8082688
1747679454.6917596,0.33307713,0.33911756,1.5412825,2.0422435,0.47151232,-0.8082688
1747679454.6922789,0.33307713,0.33911756,1.5412825,2.0422435,0.47151232,-0.8082688
1747679454.6927974,0.33307713,0.33911756,1.5412825,2.2606225,0.61958396,-0.90094674
1747679454.6933167,0.33307713,0.33911756,1.5412825,2.2606225,0.61958396,-0.90094674
1747679454.693835,0.33307713,0.33911756,1.5412825,2.2606225,0.61958396,-0.90094674
1747679454.6943636,0.33307713,0.33911756,1.5412825,2.2606225,0.61958396,-0.90094674
1747679454.6948981,0.33307713,0.33911756,1.5412825,2.2606225,0.61958396,-0.90094674
1747679454.6954181,0.33307713,0.33911756,1.5412825,2.2606225,0.61958396,-0.90094674
1747679454.6959364,0.33307713,0.33911756,1.5412825,2.2606225,0.61958396,-0.90094674
1747679454.6964548,0.33307713,0.33911756,1.5412825,2.2606225,0.61958396,-0.90094674
1747679454.697005,0.33307713,0.33911756,1.5412825,2.2606225,0.61958396,-0.90094674
1747679454.6975574,0.33307713,0.33911756,1.5412825,2.2606225,0.61958396,-0.90094674
1747679454.6980839,0.33307713,0.33911756,1.5412825,2.2606225,0.61958396,-0.90094674
1747679454.6986027,0.33307713,0.33911756,1.5412825,2.2606225,0.61958396,-0.90094674
1747679454.699121,0.33307713,0.33911756,1.5412825,2.2606225,0.61958396,-0.90094674
1747679454.699639,0.33307713,0.33911756,1.5412825,2.2606225,0.61958396,-0.90094674
1747679454.7001572,0.33307713,0.33911756,1.5412825,2.2606225,0.61958396,-0.90094674
1747679454.700675,0.33307713,0.33911756,1.5412825,2.2606225,0.61958396,-0.90094674
1747679454.7011929,0.33307713,0.33911756,1.5412825,2.2606225,0.61958396,-0.90094674
1747679454.7017112,0.33307713,0.33911756,1.5412825,2.2606225,0.61958396,-0.90094674
1747679454.702229,0.33307713,0.33911756,1.5412825,2.2606225,0.61958396,-0.90094674
1747679454.7027702,0.33307713,0.33911756,1.5412825,2.2606225,0.61958396,-0.90094674
1747679454.7032914,0.33307713,0.33911756,1.5412825,2.2606225,0.61958396,-0.90094674
1747679454.7038202,0.33307713,0.33911756,1.5412825,2.2606225,0.61958396,-0.90094674
1747679454.7043803,0.32917222,0.34497494,1.5295677,2.3543658,0.6025397,-0.942492
1747679454.7049186,0.32917222,0.34497494,1.5295677,2.3543658,0.6025397,-0.942492
1747679454.7054756,0.32917222,0.34497494,1.5295677,2.3543658,0.6025397,-0.942492
1747679454.706046,0.32917222,0.34497494,1.5295677,2.3543658,0.6025397,-0.942492
1747679454.7065792,0.32917222,0.34497494,1.5295677,2.3543658,0.6025397,-0.942492
1747679454.707099,0.32917222,0.34497494,1.5295677,2.3543658,0.6025397,-0.942492
1747679454.7076175,0.32917222,0.34497494,1.5295677,2.3543658,0.6025397,-0.942492
1747679454.7081358,0.32917222,0.34497494,1.5295677,2.3543658,0.6025397,-0.942492
1747679454.7086542,0.32917222,0.34497494,1.5295677,2.3543658,0.6025397,-0.942492
1747679454.7091725,0.32917222,0.34497494,1.5295677,2.3543658,0.6025397,-0.942492
1747679454.7096906,0.32917222,0.34497494,1.5295677,2.3543658,0.6025397,-0.942492
1747679454.7102087,0.32917222,0.34497494,1.5295677,2.3543658,0.6025397,-0.942492
1747679454.710727,0.32917222,0.34497494,1.5295677,2.3543658,0.6025397,-0.942492
1747679454.711245,0.32917222,0.34497494,1.5295677,2.3543658,0.6025397,-0.942492
1747679454.711763,0.32917222,0.34497494,1.5295677,2.3543658,0.6025397,-0.942492
1747679454.7123184,0.32917222,0.34497494,1.5295677,2.3543658,0.6025397,-0.942492
1747679454.7129023,0.32917222,0.34497494,1.5295677,2.3543658,0.6025397,-0.942492
1747679454.7134497,0.31062385,0.3479036,1.4988166,2.5301342,0.45340285,-1.0159951
1747679454.714002,0.31062385,0.3479036,1.4988166,2.5301342,0.45340285,-1.0159951
1747679454.7145462,0.31062385,0.3479036,1.4988166,2.5301342,0.45340285,-1.0159951
1747679454.7150712,0.31062385,0.3479036,1.4988166,2.5301342,0.45340285,-1.0159951
1747679454.7155902,0.31062385,0.3479036,1.4988166,2.5301342,0.45340285,-1.0159951
1747679454.7161083,0.31062385,0.3479036,1.4988166,2.5301342,0.45340285,-1.0159951
1747679454.7166262,0.31062385,0.3479036,1.4988166,2.5301342,0.45340285,-1.0159951
1747679454.7171443,0.31062385,0.3479036,1.4988166,2.5301342,0.45340285,-1.0159951
1747679454.7176626,0.31062385,0.3479036,1.4988166,2.5301342,0.45340285,-1.0159951
1747679454.7181804,0.31062385,0.3479036,1.4988166,2.5301342,0.45340285,-1.0159951
1747679454.7186985,0.31062385,0.3479036,1.4988166,2.5301342,0.45340285,-1.0159951
1747679454.7192168,0.31062385,0.3479036,1.4988166,2.5301342,0.45340285,-1.0159951
1747679454.7197511,0.31062385,0.3479036,1.4988166,2.5301342,0.45340285,-1.0159951
1747679454.7203116,0.31062385,0.3479036,1.4988166,2.5301342,0.45340285,-1.0159951
1747679454.720852,0.31062385,0.3479036,1.4988166,2.5301342,0.45340285,-1.0159951
1747679454.7213879,0.31062385,0.3479036,1.4988166,2.5301342,0.45340285,-1.0159951
1747679454.7219107,0.31062385,0.3479036,1.4988166,2.5301342,0.45340285,-1.0159951
1747679454.722433,0.31062385,0.3479036,1.4988166,2.5301342,0.45340285,-1.0159951
1747679454.7229548,0.31062385,0.3479036,1.4988166,2.5301342,0.45340285,-1.0159951
1747679454.723477,0.31062385,0.3479036,1.4988166,2.5301342,0.45340285,-1.0159951
1747679454.7240617,0.31062385,0.3479036,1.4988166,2.5301342,0.45340285,-1.0159951
1747679454.724617,0.29012305,0.33277205,1.4914949,2.646248,0.34474593,-1.059671
1747679454.7251577,0.29012305,0.33277205,1.4914949,2.646248,0.34474593,-1.059671
1747679454.7256901,0.29012305,0.33277205,1.4914949,2.646248,0.34474593,-1.059671
1747679454.7262096,0.29012305,0.33277205,1.4914949,2.646248,0.34474593,-1.059671
1747679454.7267282,0.29012305,0.33277205,1.4914949,2.646248,0.34474593,-1.059671
1747679454.7272465,0.29012305,0.33277205,1.4914949,2.646248,0.34474593,-1.059671
1747679454.727787,0.29012305,0.33277205,1.4914949,2.646248,0.34474593,-1.059671
1747679454.7283354,0.29012305,0.33277205,1.4914949,2.646248,0.34474593,-1.059671
1747679454.7288623,0.29012305,0.33277205,1.4914949,2.646248,0.34474593,-1.059671
1747679454.729381,0.29012305,0.33277205,1.4914949,2.646248,0.34474593,-1.059671
1747679454.7298992,0.29012305,0.33277205,1.4914949,2.646248,0.34474593,-1.059671
1747679454.7304175,0.29012305,0.33277205,1.4914949,2.646248,0.34474593,-1.059671
1747679454.7309353,0.29012305,0.33277205,1.4914949,2.646248,0.34474593,-1.059671
1747679454.7314534,0.29012305,0.33277205,1.4914949,2.646248,0.34474593,-1.059671
1747679454.731971,0.29012305,0.33277205,1.4914949,2.646248,0.34474593,-1.059671
1747679454.7324896,0.29012305,0.33277205,1.4914949,2.646248,0.34474593,-1.059671
1747679454.7330074,0.29012305,0.33277205,1.4914949,2.646248,0.34474593,-1.059671
1747679454.733525,0.29012305,0.33277205,1.4914949,2.646248,0.34474593,-1.059671
1747679454.734043,0.29012305,0.33277205,1.4914949,2.646248,0.34474593,-1.059671
1747679454.7345693,0.29012305,0.33277205,1.4914949,2.646248,0.34474593,-1.059671
1747679454.7351258,0.29012305,0.33277205,1.4914949,2.646248,0.34474593,-1.059671
1747679454.73567,0.268646,0.31227124,1.5036978,2.646248,0.34474593,-1.059671
1747679454.7362163,0.268646,0.31227124,1.5036978,2.7868629,0.3074617,-1.0905637
1747679454.7367597,0.268646,0.31227124,1.5036978,2.7868629,0.3074617,-1.0905637
1747679454.7372968,0.268646,0.31227124,1.5036978,2.7868629,0.3074617,-1.0905637
1747679454.7378216,0.268646,0.31227124,1.5036978,2.7868629,0.3074617,-1.0905637
1747679454.7383444,0.268646,0.31227124,1.5036978,2.7868629,0.3074617,-1.0905637
1747679454.7388668,0.268646,0.31227124,1.5036978,2.7868629,0.3074617,-1.0905637
1747679454.739394,0.268646,0.31227124,1.5036978,2.9157598,0.36498594,-1.0948247
1747679454.7399182,0.268646,0.31227124,1.5036978,2.9157598,0.36498594,-1.0948247
1747679454.7404413,0.268646,0.31227124,1.5036978,2.9157598,0.36498594,-1.0948247
1747679454.7409642,0.268646,0.31227124,1.5036978,2.9157598,0.36498594,-1.0948247
1747679454.7414906,0.25937185,0.28347248,1.500769,2.9157598,0.36498594,-1.0948247
1747679454.7420166,0.25937185,0.28347248,1.500769,2.9157598,0.36498594,-1.0948247
1747679454.7426946,0.25937185,0.28347248,1.500769,2.9157598,0.36498594,-1.0948247
1747679454.7432492,0.25937185,0.28347248,1.500769,2.9157598,0.36498594,-1.0948247
1747679454.7437942,0.25937185,0.28347248,1.500769,2.9157598,0.36498594,-1.0948247
1747679454.7443352,0.25937185,0.28347248,1.500769,2.9157598,0.36498594,-1.0948247
1747679454.7448623,0.25937185,0.28347248,1.500769,2.9157598,0.36498594,-1.0948247
1747679454.7454185,0.25937185,0.28347248,1.500769,2.9157598,0.36498594,-1.0948247
1747679454.7459526,0.25937185,0.28347248,1.500769,2.9157598,0.36498594,-1.0948247
1747679454.7464724,0.25937185,0.28347248,1.500769,2.9157598,0.36498594,-1.0948247
1747679454.746991,0.25937185,0.28347248,1.500769,2.9157598,0.36498594,-1.0948247
1747679454.747509,0.25937185,0.28347248,1.500769,2.9157598,0.36498594,-1.0948247
1747679454.7480268,0.25937185,0.28347248,1.500769,2.9157598,0.36498594,-1.0948247
1747679454.748545,0.25937185,0.28347248,1.500769,2.9157598,0.36498594,-1.0948247
1747679454.7490633,0.25937185,0.28347248,1.500769,2.9157598,0.36498594,-1.0948247
1747679454.749581,0.25937185,0.28347248,1.500769,2.9157598,0.36498594,-1.0948247
1747679454.7500992,0.25937185,0.28347248,1.500769,2.9157598,0.36498594,-1.0948247
1747679454.7506173,0.25937185,0.28347248,1.500769,2.9157598,0.36498594,-1.0948247
1747679454.751166,0.25937185,0.28347248,1.500769,2.9157598,0.36498594,-1.0948247
1747679454.751721,0.25937185,0.28347248,1.500769,2.9157598,0.36498594,-1.0948247
1747679454.7522695,0.25937185,0.28347248,1.500769,2.9157598,0.36498594,-1.0948247
1747679454.7528338,0.25937185,0.28347248,1.500769,3.0201557,0.42677125,-1.0980206
1747679454.7533686,0.25937185,0.28347248,1.500769,3.0201557,0.42677125,-1.0980206
1747679454.7538967,0.25937185,0.28347248,1.500769,3.0201557,0.42677125,-1.0980206
1747679454.7544308,0.25937185,0.28347248,1.500769,3.0201557,0.42677125,-1.0980206
1747679454.754957,0.26327676,0.25760242,1.4817326,3.0201557,0.42677125,-1.0980206
1747679454.7554786,0.26327676,0.25760242,1.4817326,3.0201557,0.42677125,-1.0980206
1747679454.7559998,0.26327676,0.25760242,1.4817326,3.0201557,0.42677125,-1.0980206
1747679454.7565207,0.26327676,0.25760242,1.4817326,3.0201557,0.42677125,-1.0980206
1747679454.7570415,0.26327676,0.25760242,1.4817326,3.0201557,0.42677125,-1.0980206
1747679454.7575622,0.26327676,0.25760242,1.4817326,3.0201557,0.42677125,-1.0980206
1747679454.758118,0.26327676,0.25760242,1.4817326,3.0201557,0.42677125,-1.0980206
1747679454.758673,0.26327676,0.25760242,1.4817326,3.0201557,0.42677125,-1.0980206
1747679454.7592077,0.26327676,0.25760242,1.4817326,3.0201557,0.42677125,-1.0980206
1747679454.7597294,0.26327676,0.25760242,1.4817326,3.0201557,0.42677125,-1.0980206
1747679454.7602503,0.26327676,0.25760242,1.4817326,3.0201557,0.42677125,-1.0980206
1747679454.7607713,0.26327676,0.25760242,1.4817326,3.0201557,0.42677125,-1.0980206
1747679454.7612934,0.26327676,0.25760242,1.4817326,3.0201557,0.42677125,-1.0980206
1747679454.7618148,0.25546694,0.24881637,1.4524457,3.0201557,0.42677125,-1.0980206
1747679454.7623358,0.25546694,0.24881637,1.4524457,3.0201557,0.42677125,-1.0980206
1747679454.762856,0.25546694,0.24881637,1.4524457,3.0201557,0.42677125,-1.0980206
1747679454.763377,0.25546694,0.24881637,1.4524457,3.1490524,0.50347024,-1.1033468
1747679454.763898,0.25546694,0.24881637,1.4524457,3.1490524,0.50347024,-1.1033468
1747679454.7644255,0.25546694,0.24881637,1.4524457,3.1490524,0.50347024,-1.1033468
1747679454.7649581,0.25546694,0.24881637,1.4524457,3.1490524,0.50347024,-1.1033468
1747679454.7654803,0.25546694,0.24881637,1.4524457,3.1490524,0.50347024,-1.1033468
1747679454.7660015,0.25546694,0.24881637,1.4524457,3.1490524,0.50347024,-1.1033468
1747679454.7665324,0.25546694,0.24881637,1.4524457,3.1490524,0.50347024,-1.1033468
1747679454.7670984,0.25546694,0.24881637,1.4524457,3.1490524,0.50347024,-1.1033468
1747679454.7676604,0.25546694,0.24881637,1.4524457,3.1490524,0.50347024,-1.1033468
1747679454.7682023,0.25546694,0.24881637,1.4524457,3.1490524,0.50347024,-1.1033468
1747679454.769211,0.25546694,0.24881637,1.4524457,3.1490524,0.50347024,-1.1033468
1747679454.769733,0.25546694,0.24881637,1.4524457,3.1490524,0.50347024,-1.1033468
1747679454.7702518,0.25546694,0.24881637,1.4524457,3.1490524,0.50347024,-1.1033468
1747679454.7707698,0.25546694,0.24881637,1.4524457,3.1490524,0.50347024,-1.1033468
1747679454.7712882,0.25546694,0.24881637,1.4524457,3.1490524,0.50347024,-1.1033468
1747679454.771806,0.25546694,0.24881637,1.4524457,3.1490524,0.50347024,-1.1033468
1747679454.772324,0.25546694,0.24881637,1.4524457,3.1490524,0.50347024,-1.1033468
1747679454.7728658,0.25546694,0.24881637,1.4524457,3.1490524,0.50347024,-1.1033468
1747679454.7734306,0.25546694,0.24881637,1.4524457,3.1490524,0.50347024,-1.1033468
1747679454.7739732,0.25546694,0.24881637,1.4524457,3.1490524,0.50347024,-1.1033468
1747679454.7745044,0.25546694,0.24881637,1.4524457,3.1490524,0.50347024,-1.1033468
1747679454.7750285,0.25546694,0.24881637,1.4524457,3.1490524,0.50347024,-1.1033468
1747679454.7755475,0.25546694,0.24881637,1.4524457,3.1490524,0.50347024,-1.1033468
1747679454.7760653,0.25546694,0.24881637,1.4524457,3.1490524,0.50347024,-1.1033468
1747679454.7765834,0.25546694,0.24881637,1.4524457,3.1490524,0.50347024,-1.1033468
1747679454.777102,0.25205013,0.25125694,1.385574,3.2790146,0.57058185,-1.1033468
1747679454.7776206,0.25205013,0.25125694,1.385574,3.2790146,0.57058185,-1.1033468
1747679454.7781389,0.25205013,0.25125694,1.385574,3.2790146,0.57058185,-1.1033468
1747679454.7786567,0.25205013,0.25125694,1.385574,3.2790146,0.57058185,-1.1033468
1747679454.7791743,0.25205013,0.25125694,1.385574,3.2790146,0.57058185,-1.1033468
1747679454.7796922,0.25205013,0.25125694,1.385574,3.2790146,0.57058185,-1.1033468
1747679454.7802105,0.25205013,0.25125694,1.385574,3.38128,0.57697344,-1.1108036
1747679454.7807293,0.25205013,0.25125694,1.385574,3.38128,0.57697344,-1.1108036
1747679454.7812471,0.25205013,0.25125694,1.385574,3.38128,0.57697344,-1.1108036
1747679454.781778,0.25205013,0.25125694,1.385574,3.38128,0.57697344,-1.1108036
1747679454.7823462,0.27987266,0.2634598,1.278677,3.38128,0.57697344,-1.1108036
1747679454.7829056,0.27987266,0.2634598,1.278677,3.38128,0.57697344,-1.1108036
1747679454.7834468,0.27987266,0.2634598,1.278677,3.38128,0.57697344,-1.1108036
1747679454.7839794,0.27987266,0.2634598,1.278677,3.38128,0.57697344,-1.1108036
1747679454.7845056,0.27987266,0.2634598,1.278677,3.38128,0.57697344,-1.1108036
1747679454.7850318,0.27987266,0.2634598,1.278677,3.38128,0.57697344,-1.1108036
1747679454.7855515,0.27987266,0.2634598,1.278677,3.38128,0.57697344,-1.1108036
1747679454.7860703,0.27987266,0.2634598,1.278677,3.38128,0.57697344,-1.1108036
1747679454.7865884,0.27987266,0.2634598,1.278677,3.38128,0.57697344,-1.1108036
1747679454.7871065,0.27987266,0.2634598,1.278677,3.38128,0.57697344,-1.1108036
1747679454.7876246,0.27987266,0.2634598,1.278677,3.38128,0.57697344,-1.1108036
1747679454.7881796,0.27987266,0.2634598,1.278677,3.38128,0.57697344,-1.1108036
1747679454.7887313,0.27987266,0.2634598,1.278677,3.38128,0.57697344,-1.1108036
1747679454.7892687,0.27987266,0.2634598,1.278677,3.38128,0.57697344,-1.1108036
1747679454.7897925,0.27987266,0.2634598,1.278677,3.38128,0.57697344,-1.1108036
1747679454.7903183,0.27987266,0.2634598,1.278677,3.38128,0.57697344,-1.1108036
1747679454.7908416,0.27987266,0.2634598,1.278677,3.38128,0.57697344,-1.1108036
1747679454.7913628,0.27987266,0.2634598,1.278677,3.38128,0.57697344,-1.1108036
1747679454.7918813,0.30769518,0.27517456,1.214734,3.410042,0.57058185,-1.1491531
1747679454.7924638,0.30769518,0.27517456,1.214734,3.410042,0.57058185,-1.1491531
1747679454.7929826,0.30769518,0.27517456,1.214734,3.410042,0.57058185,-1.1491531
1747679454.7935007,0.30769518,0.27517456,1.214734,3.410042,0.57058185,-1.1491531
1747679454.7940273,0.30769518,0.27517456,1.214734,3.410042,0.57058185,-1.1491531
1747679454.7945552,0.30769518,0.27517456,1.214734,3.410042,0.57058185,-1.1491531
1747679454.7950745,0.30769518,0.27517456,1.214734,3.410042,0.57058185,-1.1491531
1747679454.795593,0.30769518,0.27517456,1.214734,3.410042,0.57058185,-1.1491531
1747679454.796111,0.30769518,0.27517456,1.214734,3.410042,0.57058185,-1.1491531
1747679454.7966285,0.30769518,0.27517456,1.214734,3.410042,0.57058185,-1.1491531
1747679454.7971468,0.30769518,0.27517456,1.214734,3.410042,0.57058185,-1.1491531
1747679454.7976642,0.30769518,0.27517456,1.214734,3.410042,0.57058185,-1.1491531
1747679454.798214,0.30769518,0.27517456,1.214734,3.410042,0.57058185,-1.1491531
1747679454.7987761,0.30769518,0.27517456,1.214734,3.410042,0.57058185,-1.1491531
1747679454.7993274,0.30769518,0.27517456,1.214734,3.410042,0.57058185,-1.1491531
1747679454.7998915,0.30769518,0.27517456,1.214734,3.410042,0.57058185,-1.1491531
1747679454.800425,0.30769518,0.27517456,1.214734,3.410042,0.57058185,-1.1491531
1747679454.8009446,0.30769518,0.27517456,1.214734,3.410042,0.57058185,-1.1491531
1747679454.8014631,0.30769518,0.27517456,1.214734,3.410042,0.57058185,-1.1491531
1747679454.801982,0.30769518,0.27517456,1.214734,3.410042,0.57058185,-1.1491531
1747679454.8025007,0.30769518,0.27517456,1.214734,3.4228253,0.5801692,-1.1917636
1747679454.8030193,0.30769518,0.27517456,1.214734,3.4228253,0.5801692,-1.1917636
1747679454.8036044,0.3350296,0.27615076,1.1590889,3.4228253,0.5801692,-1.1917636
1747679454.8041716,0.3350296,0.27615076,1.1590889,3.4228253,0.5801692,-1.1917636
1747679454.804723,0.3350296,0.27615076,1.1590889,3.4228253,0.5801692,-1.1917636
1747679454.806333,0.3350296,0.27615076,1.1590889,3.4228253,0.5801692,-1.1917636
1747679454.806879,0.3350296,0.27615076,1.1590889,3.4228253,0.5801692,-1.1917636
1747679454.8073993,0.3350296,0.27615076,1.1590889,3.4228253,0.5801692,-1.1917636
1747679454.807917,0.3350296,0.27615076,1.1590889,3.4228253,0.5801692,-1.1917636
1747679454.8084352,0.3350296,0.27615076,1.1590889,3.4228253,0.5801692,-1.1917636
1747679454.8089533,0.3350296,0.27615076,1.1590889,3.4228253,0.5801692,-1.1917636
1747679454.8094711,0.3350296,0.27615076,1.1590889,3.4228253,0.5801692,-1.1917636
1747679454.8099895,0.3350296,0.27615076,1.1590889,3.4228253,0.5801692,-1.1917636
1747679454.8105075,0.3350296,0.27615076,1.1590889,3.4228253,0.5801692,-1.1917636
1747679454.8110251,0.3350296,0.27615076,1.1590889,3.4228253,0.5801692,-1.1917636
1747679454.8115432,0.3350296,0.27615076,1.1590889,3.4228253,0.5801692,-1.1917636
1747679454.812061,0.3350296,0.27615076,1.1590889,3.4228253,0.5801692,-1.1917636
1747679454.8125792,0.3350296,0.27615076,1.1590889,3.4228253,0.5801692,-1.1917636
1747679454.8130972,0.3350296,0.27615076,1.1590889,3.4228253,0.5801692,-1.1917636
1747679454.8136382,0.3350296,0.27615076,1.1590889,3.4228253,0.5801692,-1.1917636
1747679454.8142173,0.3350296,0.27615076,1.1590889,3.4228253,0.5801692,-1.1917636
1747679454.8147776,0.3389345,0.272734,1.0931934,3.4228253,0.5801692,-1.1917636
1747679454.8153224,0.3389345,0.272734,1.0931934,3.4228253,0.5801692,-1.1917636
1747679454.8158565,0.3389345,0.272734,1.0931934,3.446261,0.5375587,-1.29829
1747679454.8163774,0.3389345,0.272734,1.0931934,3.446261,0.5375587,-1.29829
1747679454.8168955,0.3389345,0.272734,1.0931934,3.446261,0.5375587,-1.29829
1747679454.8174148,0.3389345,0.272734,1.0931934,3.446261,0.5375587,-1.29829
1747679454.817933,0.3389345,0.272734,1.0931934,3.446261,0.5375587,-1.29829
1747679454.8185146,0.3389345,0.272734,1.0931934,3.446261,0.5375587,-1.29829
1747679454.819073,0.3389345,0.272734,1.0931934,3.446261,0.5375587,-1.29829
1747679454.8196127,0.3389345,0.272734,1.0931934,3.446261,0.5375587,-1.29829
1747679454.8201368,0.3389345,0.272734,1.0931934,3.446261,0.5375587,-1.29829
1747679454.8206553,0.3389345,0.272734,1.0931934,3.446261,0.5375587,-1.29829
1747679454.821174,0.3389345,0.272734,1.0931934,3.446261,0.5375587,-1.29829
1747679454.8216925,0.3389345,0.272734,1.0931934,3.446261,0.5375587,-1.29829
1747679454.8222108,0.3389345,0.272734,1.0931934,3.446261,0.5375587,-1.29829
1747679454.8227284,0.3389345,0.272734,1.0931934,3.446261,0.5375587,-1.29829
1747679454.8232465,0.3389345,0.272734,1.0931934,3.446261,0.5375587,-1.29829
1747679454.823774,0.3389345,0.272734,1.0931934,3.446261,0.5375587,-1.29829
1747679454.8243012,0.3389345,0.272734,1.0931934,3.446261,0.5375587,-1.29829
1747679454.8248222,0.28231323,0.2668766,1.0175357,3.4611747,0.40546596,-1.4186648
1747679454.8253415,0.28231323,0.2668766,1.0175357,3.4611747,0.40546596,-1.4186648
1747679454.8258626,0.28231323,0.2668766,1.0175357,3.4611747,0.40546596,-1.4186648
1747679454.8263836,0.28231323,0.2668766,1.0175357,3.4611747,0.40546596,-1.4186648
1747679454.826902,0.28231323,0.2668766,1.0175357,3.4611747,0.40546596,-1.4186648
1747679454.82742,0.28231323,0.2668766,1.0175357,3.4611747,0.40546596,-1.4186648
1747679454.8279388,0.28231323,0.2668766,1.0175357,3.4611747,0.40546596,-1.4186648
1747679454.8284574,0.28231323,0.2668766,1.0175357,3.4611747,0.40546596,-1.4186648
1747679454.829004,0.28231323,0.2668766,1.0175357,3.4611747,0.40546596,-1.4186648
1747679454.829554,0.28231323,0.2668766,1.0175357,3.4611747,0.40546596,-1.4186648
1747679454.8301072,0.28231323,0.2668766,1.0175357,3.4611747,0.40546596,-1.4186648
1747679454.8306735,0.28231323,0.2668766,1.0175357,3.4611747,0.40546596,-1.4186648
1747679454.8312068,0.28231323,0.2668766,1.0175357,3.4611747,0.40546596,-1.4186648
1747679454.8317263,0.28231323,0.2668766,1.0175357,3.4611747,0.40546596,-1.4186648
1747679454.8322446,0.28231323,0.2668766,1.0175357,3.4611747,0.40546596,-1.4186648
1747679454.8327634,0.28231323,0.2668766,1.0175357,3.4611747,0.40546596,-1.4186648
1747679454.8332849,0.21983455,0.26199543,0.9716529,3.4611747,0.40546596,-1.4186648
1747679454.8339727,0.21983455,0.26199543,0.9716529,3.4675663,0.36498594,-1.463406
1747679454.8345346,0.21983455,0.26199543,0.9716529,3.4675663,0.36498594,-1.463406
1747679454.8350909,0.21983455,0.26199543,0.9716529,3.4675663,0.36498594,-1.463406
1747679454.8356378,0.21983455,0.26199543,0.9716529,3.4675663,0.36498594,-1.463406
1747679454.836178,0.21983455,0.26199543,0.9716529,3.4675663,0.36498594,-1.463406
1747679454.8367202,0.21983455,0.26199543,0.9716529,3.4675663,0.36498594,-1.463406
1747679454.8372817,0.21983455,0.26199543,0.9716529,3.4675663,0.36498594,-1.463406
1747679454.837819,0.21983455,0.26199543,0.9716529,3.4675663,0.36498594,-1.463406
1747679454.838342,0.21983455,0.26199543,0.9716529,3.4675663,0.36498594,-1.463406
1747679454.838865,0.21983455,0.26199543,0.9716529,3.4675663,0.36498594,-1.463406
1747679454.8393862,0.21983455,0.26199543,0.9716529,3.4675663,0.36498594,-1.463406
1747679454.839905,0.21983455,0.26199543,0.9716529,3.4675663,0.36498594,-1.463406
1747679454.8404245,0.21983455,0.26199543,0.9716529,3.4675663,0.36498594,-1.463406
1747679454.840944,0.21983455,0.26199543,0.9716529,3.4675663,0.36498594,-1.463406
1747679454.8414624,0.21983455,0.26199543,0.9716529,3.4675663,0.36498594,-1.463406
1747679454.8419805,0.21983455,0.26199543,0.9716529,3.4675663,0.36498594,-1.463406
1747679454.8424988,0.21983455,0.26199543,0.9716529,3.4675663,0.36498594,-1.463406
1747679454.8430169,0.21983455,0.26199543,0.9716529,3.4675663,0.36498594,-1.463406
1747679454.843536,0.21983455,0.26199543,0.9716529,3.4675663,0.36498594,-1.463406
1747679454.844068,0.21983455,0.26199543,0.9716529,3.4675663,0.36498594,-1.463406
1747679454.8446236,0.21983455,0.26199543,0.9716529,3.4601095,0.44701126,-1.4612755
1747679454.8451724,0.21983455,0.26199543,0.9716529,3.4601095,0.44701126,-1.4612755
1747679454.8457522,0.21983455,0.26199543,0.9716529,3.4601095,0.44701126,-1.4612755
1747679454.846332,0.17297557,0.24881637,0.9042931,3.4601095,0.44701126,-1.4612755
1747679454.8468654,0.17297557,0.24881637,0.9042931,3.4601095,0.44701126,-1.4612755
1747679454.847385,0.17297557,0.24881637,0.9042931,3.4601095,0.44701126,-1.4612755
1747679454.8479033,0.17297557,0.24881637,0.9042931,3.4601095,0.44701126,-1.4612755
1747679454.8484256,0.17297557,0.24881637,0.9042931,3.4601095,0.44701126,-1.4612755
1747679454.8489647,0.17297557,0.24881637,0.9042931,3.4601095,0.44701126,-1.4612755
1747679454.849508,0.17297557,0.24881637,0.9042931,3.4601095,0.44701126,-1.4612755
1747679454.8500395,0.17297557,0.24881637,0.9042931,3.4601095,0.44701126,-1.4612755
1747679454.850559,0.17297557,0.24881637,0.9042931,3.4601095,0.44701126,-1.4612755
1747679454.851078,0.17297557,0.24881637,0.9042931,3.4601095,0.44701126,-1.4612755
1747679454.8515968,0.17297557,0.24881637,0.9042931,3.4601095,0.44701126,-1.4612755
1747679454.8521154,0.14076002,0.24003032,0.8222898,3.4313474,0.6110619,-1.4282522
1747679454.852635,0.14076002,0.24003032,0.8222898,3.4313474,0.6110619,-1.4282522
1747679454.8531535,0.14076002,0.24003032,0.8222898,3.4313474,0.6110619,-1.4282522
1747679454.8536747,0.14076002,0.24003032,0.8222898,3.4313474,0.6110619,-1.4282522
1747679454.854203,0.14076002,0.24003032,0.8222898,3.4313474,0.6110619,-1.4282522
1747679454.8547356,0.14076002,0.24003032,0.8222898,3.4313474,0.6110619,-1.4282522
1747679454.8552575,0.14076002,0.24003032,0.8222898,3.4313474,0.6110619,-1.4282522
1747679454.855779,0.14076002,0.24003032,0.8222898,3.4313474,0.6110619,-1.4282522
1747679454.8562999,0.14076002,0.24003032,0.8222898,3.4313474,0.6110619,-1.4282522
1747679454.8568208,0.14076002,0.24003032,0.8222898,3.4313474,0.6110619,-1.4282522
1747679454.8573415,0.14076002,0.24003032,0.8222898,3.4313474,0.6110619,-1.4282522
1747679454.8578622,0.14076002,0.24003032,0.8222898,3.4313474,0.6110619,-1.4282522
1747679454.8583822,0.14076002,0.24003032,0.8222898,3.4313474,0.6110619,-1.4282522
1747679454.8589034,0.14076002,0.24003032,0.8222898,3.4313474,0.6110619,-1.4282522
1747679454.8594244,0.14076002,0.24003032,0.8222898,3.4313474,0.6110619,-1.4282522
1747679454.8599594,0.14076002,0.24003032,0.8222898,3.3834105,0.8965525,-1.3760543
1747679454.8605187,0.14076002,0.24003032,0.8222898,3.3834105,0.8965525,-1.3760543
1747679454.861075,0.1197711,0.23807785,0.74712026,3.3834105,0.8965525,-1.3760543
1747679454.8616257,0.1197711,0.23807785,0.74712026,3.3834105,0.8965525,-1.3760543
1747679454.8621614,0.1197711,0.23807785,0.74712026,3.3834105,0.8965525,-1.3760543
1747679454.862683,0.1197711,0.23807785,0.74712026,3.3834105,0.8965525,-1.3760543
1747679454.863204,0.1197711,0.23807785,0.74712026,3.3834105,0.8965525,-1.3760543
1747679454.8637295,0.1197711,0.23807785,0.74712026,3.3834105,0.8965525,-1.3760543
1747679454.8642752,0.1197711,0.23807785,0.74712026,3.3834105,0.8965525,-1.3760543
1747679454.8648348,0.1197711,0.23807785,0.74712026,3.3834105,0.8965525,-1.3760543
1747679454.8653698,0.1197711,0.23807785,0.74712026,3.3834105,0.8965525,-1.3760543
1747679454.865898,0.1197711,0.23807785,0.74712026,3.3834105,0.8965525,-1.3760543
1747679454.8664389,0.1197711,0.23807785,0.74712026,3.3834105,0.8965525,-1.3760543
1747679454.8669744,0.1197711,0.23807785,0.74712026,3.3834105,0.8965525,-1.3760543
1747679454.8674965,0.1197711,0.23807785,0.74712026,3.3834105,0.8965525,-1.3760543
1747679454.8680177,0.1197711,0.23807785,0.74712026,3.3834105,0.8965525,-1.3760543
1747679454.8685412,0.1197711,0.23807785,0.74712026,3.3834105,0.8965525,-1.3760543
1747679454.8690493,0.1197711,0.23807785,0.74712026,3.3834105,0.8965525,-1.3760543
1747679454.8695683,0.1197711,0.23807785,0.74712026,3.3834105,0.8965525,-1.3760543
1747679454.8701556,0.1197711,0.23807785,0.74712026,3.3834105,0.8965525,-1.3760543
1747679454.8706746,0.117330514,0.23612538,0.6665814,3.3834105,0.8965525,-1.3760543
1747679454.8711958,0.117330514,0.23612538,0.6665814,3.3834105,0.8965525,-1.3760543
1747679454.8717213,0.117330514,0.23612538,0.6665814,3.3301473,1.2321105,-1.3110732
1747679454.8722417,0.117330514,0.23612538,0.6665814,3.3301473,1.2321105,-1.3110732
1747679454.8727598,0.117330514,0.23612538,0.6665814,3.3301473,1.2321105,-1.3110732
1747679454.873278,0.117330514,0.23612538,0.6665814,3.3301473,1.2321105,-1.3110732
1747679454.8738072,0.117330514,0.23612538,0.6665814,3.3301473,1.2321105,-1.3110732
1747679454.8743415,0.117330514,0.23612538,0.6665814,3.3301473,1.2321105,-1.3110732
1747679454.8748612,0.117330514,0.23612538,0.6665814,3.3301473,1.2321105,-1.3110732
1747679454.8754108,0.117330514,0.23612538,0.6665814,3.3301473,1.2321105,-1.3110732
1747679454.8759654,0.117330514,0.23612538,0.6665814,3.3301473,1.2321105,-1.3110732
1747679454.8765216,0.117330514,0.23612538,0.6665814,3.3301473,1.2321105,-1.3110732
1747679454.8770847,0.117330514,0.23612538,0.6665814,3.3301473,1.2321105,-1.3110732
1747679454.877618,0.117330514,0.23612538,0.6665814,3.3301473,1.2321105,-1.3110732
1747679454.878138,0.117330514,0.23612538,0.6665814,3.3301473,1.2321105,-1.3110732
1747679454.8786566,0.117330514,0.23612538,0.6665814,3.3301473,1.2321105,-1.3110732
1747679454.879175,0.117330514,0.23612538,0.6665814,3.3301473,1.2321105,-1.3110732
1747679454.879721,0.117330514,0.23612538,0.6665814,3.3301473,1.2321105,-1.3110732
1747679454.8802726,0.117330514,0.23612538,0.6665814,3.3301473,1.2321105,-1.3110732
1747679454.8808048,0.117330514,0.23612538,0.6665814,3.3301473,1.2321105,-1.3110732
1747679454.8813248,0.117330514,0.23612538,0.6665814,3.3301473,1.2321105,-1.3110732
1747679454.8818438,0.105615765,0.24442334,0.59629285,3.2715578,1.4504896,-1.25781
1747679454.8823621,0.105615765,0.24442334,0.59629285,3.2715578,1.4504896,-1.25781
1747679454.8828807,0.105615765,0.24442334,0.59629285,3.2715578,1.4504896,-1.25781
1747679454.8833995,0.105615765,0.24442334,0.59629285,3.2715578,1.4504896,-1.25781
1747679454.8839262,0.105615765,0.24442334,0.59629285,3.2715578,1.4504896,-1.25781
1747679454.8844552,0.105615765,0.24442334,0.59629285,3.2715578,1.4504896,-1.25781
1747679454.8849745,0.105615765,0.24442334,0.59629285,3.2715578,1.4504896,-1.25781
1747679454.8854928,0.105615765,0.24442334,0.59629285,3.2715578,1.4504896,-1.25781
1747679454.886011,0.105615765,0.24442334,0.59629285,3.2715578,1.4504896,-1.25781
1747679454.8865292,0.105615765,0.24442334,0.59629285,3.2715578,1.4504896,-1.25781
1747679454.8870468,0.105615765,0.24442334,0.59629285,3.2715578,1.4504896,-1.25781
1747679454.8875654,0.105615765,0.24442334,0.59629285,3.2715578,1.4504896,-1.25781
1747679454.888083,0.105615765,0.24442334,0.59629285,3.2715578,1.4504896,-1.25781
1747679454.8886006,0.105615765,0.24442334,0.59629285,3.2715578,1.4504896,-1.25781
1747679454.8891187,0.105615765,0.24442334,0.59629285,3.2715578,1.4504896,-1.25781
1747679454.8896365,0.105615765,0.24442334,0.59629285,3.2715578,1.4504896,-1.25781
1747679454.8901548,0.105615765,0.24442334,0.59629285,3.2715578,1.4504896,-1.25781
1747679454.8906727,0.105615765,0.24442334,0.59629285,3.2715578,1.4504896,-1.25781
1747679454.8911908,0.105615765,0.24442334,0.59629285,3.2715578,1.4504896,-1.25781
1747679454.8917356,0.105615765,0.24442334,0.59629285,3.2715578,1.4504896,-1.25781
1747679454.8922853,0.105615765,0.24442334,0.59629285,3.2257514,1.5761907,-1.2045468
1747679454.8928623,0.105615765,0.24442334,0.59629285,3.2257514,1.5761907,-1.2045468
1747679454.893394,0.06314981,0.25906676,0.51819456,3.2257514,1.5761907,-1.2045468
1747679454.8939133,0.06314981,0.25906676,0.51819456,3.2257514,1.5761907,-1.2045468
1747679454.8944454,0.06314981,0.25906676,0.51819456,3.2257514,1.5761907,-1.2045468
1747679454.8949957,0.06314981,0.25906676,0.51819456,3.2257514,1.5761907,-1.2045468
1747679454.8955615,0.06314981,0.25906676,0.51819456,3.2257514,1.5761907,-1.2045468
1747679454.8961132,0.06314981,0.25906676,0.51819456,3.2257514,1.5761907,-1.2045468
1747679454.896658,0.06314981,0.25906676,0.51819456,3.2257514,1.5761907,-1.2045468
1747679454.8971908,0.06314981,0.25906676,0.51819456,3.2257514,1.5761907,-1.2045468
1747679454.8977103,0.06314981,0.25906676,0.51819456,3.2257514,1.5761907,-1.2045468
1747679454.898229,0.06314981,0.25906676,0.51819456,3.2257514,1.5761907,-1.2045468
1747679454.8987474,0.06314981,0.25906676,0.51819456,3.2257514,1.5761907,-1.2045468
1747679454.8992653,0.06314981,0.25906676,0.51819456,3.2257514,1.5761907,-1.2045468
1747679454.8997834,0.06314981,0.25906676,0.51819456,3.2257514,1.5761907,-1.2045468
1747679454.9003015,0.06314981,0.25906676,0.51819456,3.2257514,1.5761907,-1.2045468
1747679454.9008198,0.06314981,0.25906676,0.51819456,3.2257514,1.5761907,-1.2045468
1747679454.9013376,0.06314981,0.25906676,0.51819456,3.2257514,1.5761907,-1.2045468
1747679454.9018555,0.06314981,0.25906676,0.51819456,3.2257514,1.5761907,-1.2045468
1747679454.9023738,0.06314981,0.25906676,0.51819456,3.2257514,1.5761907,-1.2045468
1747679454.9028926,0.06314981,0.25906676,0.51819456,3.2257514,1.5761907,-1.2045468
1747679454.9034107,0.06314981,0.25906676,0.51819456,3.2257514,1.5761907,-1.2045468
1747679454.9039392,0.03825597,0.2844487,0.45034662,3.2257514,1.5761907,-1.2045468
1747679454.9044693,0.03825597,0.2844487,0.45034662,3.1810105,1.5793865,-1.1544795
1747679454.9049897,0.03825597,0.2844487,0.45034662,3.1810105,1.5793865,-1.1544795
1747679454.905508,0.03825597,0.2844487,0.45034662,3.1810105,1.5793865,-1.1544795
1747679454.9060268,0.03825597,0.2844487,0.45034662,3.1810105,1.5793865,-1.1544795
1747679454.9065573,0.03825597,0.2844487,0.45034662,3.1810105,1.5793865,-1.1544795
1747679454.907125,0.03825597,0.2844487,0.45034662,3.1810105,1.5793865,-1.1544795
1747679454.9076798,0.03825597,0.2844487,0.45034662,3.1810105,1.5793865,-1.1544795
1747679454.9082258,0.03825597,0.2844487,0.45034662,3.1810105,1.5793865,-1.1544795
1747679454.908759,0.03825597,0.2844487,0.45034662,3.1810105,1.5793865,-1.1544795
1747679454.9092786,0.03825597,0.2844487,0.45034662,3.1810105,1.5793865,-1.1544795
1747679454.9097974,0.03825597,0.2844487,0.45034662,3.1810105,1.5793865,-1.1544795
1747679454.9103382,0.03825597,0.2844487,0.45034662,3.1810105,1.5793865,-1.1544795
1747679454.910881,0.03825597,0.2844487,0.45034662,3.1810105,1.5793865,-1.1544795
1747679454.911405,0.03825597,0.2844487,0.45034662,3.1810105,1.5793865,-1.1544795
1747679454.911924,0.03825597,0.2844487,0.45034662,3.1810105,1.5793865,-1.1544795
1747679454.9124422,0.03825597,0.2844487,0.45034662,3.1810105,1.5793865,-1.1544795
1747679454.9129605,0.03825597,0.2844487,0.45034662,3.1810105,1.5793865,-1.1544795
1747679454.9134781,0.03825597,0.2844487,0.45034662,3.1810105,1.5793865,-1.1544795
1747679454.9140036,0.03825597,0.2844487,0.45034662,3.1810105,1.5793865,-1.1544795
1747679454.9145305,0.03825597,0.2844487,0.45034662,3.1810105,1.5793865,-1.1544795
1747679454.9150507,0.016290821,0.3244741,0.3820106,3.0915282,1.4835128,-1.0852374
1747679454.91557,0.016290821,0.3244741,0.3820106,3.0915282,1.4835128,-1.0852374
1747679454.9160886,0.016290821,0.3244741,0.3820106,3.0915282,1.4835128,-1.0852374
1747679454.9166067,0.016290821,0.3244741,0.3820106,3.0915282,1.4835128,-1.0852374
1747679454.9171245,0.016290821,0.3244741,0.3820106,3.0915282,1.4835128,-1.0852374
1747679454.9176428,0.016290821,0.3244741,0.3820106,3.0915282,1.4835128,-1.0852374
1747679454.9181607,0.016290821,0.3244741,0.3820106,3.0915282,1.4835128,-1.0852374
1747679454.9186788,0.016290821,0.3244741,0.3820106,3.0915282,1.4835128,-1.0852374
1747679454.9191968,0.016290821,0.3244741,0.3820106,3.0915282,1.4835128,-1.0852374
1747679454.919715,0.016290821,0.3244741,0.3820106,3.0915282,1.4835128,-1.0852374
1747679454.9202325,0.016290821,0.3244741,0.3820106,3.0915282,1.4835128,-1.0852374
1747679454.9207504,0.016290821,0.3244741,0.3820106,3.0915282,1.4835128,-1.0852374
1747679454.9212685,0.016290821,0.3244741,0.3820106,3.0915282,1.4835128,-1.0852374
1747679454.9217863,0.016290821,0.3244741,0.3820106,3.0915282,1.4835128,-1.0852374
1747679454.9223042,0.016290821,0.3244741,0.3820106,3.0915282,1.4835128,-1.0852374
1747679454.9228501,0.016290821,0.3244741,0.3820106,3.0915282,1.4835128,-1.0852374
1747679454.9233906,0.016290821,0.3244741,0.3820106,2.9807408,1.3780516,-1.0127994
1747679454.9239323,0.016290821,0.3244741,0.3820106,2.9807408,1.3780516,-1.0127994
1747679454.9244652,0.016290821,0.3244741,0.3820106,2.9807408,1.3780516,-1.0127994
1747679454.9250014,0.009945333,0.34302247,0.3273418,2.9807408,1.3780516,-1.0127994
1747679454.925557,0.009945333,0.34302247,0.3273418,2.9807408,1.3780516,-1.0127994
1747679454.926116,0.009945333,0.34302247,0.3273418,2.9807408,1.3780516,-1.0127994
1747679454.9266655,0.009945333,0.34302247,0.3273418,2.9807408,1.3780516,-1.0127994
1747679454.9272215,0.009945333,0.34302247,0.3273418,2.9807408,1.3780516,-1.0127994
1747679454.9277716,0.009945333,0.34302247,0.3273418,2.9807408,1.3780516,-1.0127994
1747679454.9283168,0.009945333,0.34302247,0.3273418,2.9807408,1.3780516,-1.0127994
1747679454.9288495,0.009945333,0.34302247,0.3273418,2.9807408,1.3780516,-1.0127994
1747679454.9293852,0.009945333,0.34302247,0.3273418,2.9807408,1.3780516,-1.0127994
1747679454.9299166,0.009945333,0.34302247,0.3273418,2.9807408,1.3780516,-1.0127994
1747679454.9304483,0.009945333,0.34302247,0.3273418,2.9807408,1.3780516,-1.0127994
1747679454.9309814,0.009945333,0.34302247,0.3273418,2.9807408,1.3780516,-1.0127994
1747679454.931515,0.009945333,0.34302247,0.3273418,2.9807408,1.3780516,-1.0127994
1747679454.9320471,0.009945333,0.34302247,0.3273418,2.9807408,1.3780516,-1.0127994
1747679454.9325795,0.009945333,0.34302247,0.3273418,2.9807408,1.3780516,-1.0127994
1747679454.9331117,0.009945333,0.34302247,0.3273418,2.9807408,1.3780516,-1.0127994
1747679454.9336498,0.009945333,0.34302247,0.3273418,2.9807408,1.3780516,-1.0127994
1747679454.9341958,0.009945333,0.34302247,0.3273418,2.9807408,1.3780516,-1.0127994
1747679454.934731,0.009945333,0.34302247,0.3273418,2.9807408,1.3780516,-1.0127994
1747679454.9352672,0.009945333,0.34302247,0.3273418,2.8475828,1.2789822,-0.95634043
1747679454.9358022,0.0016473864,0.35864213,0.28878075,2.8475828,1.2789822,-0.95634043
1747679454.9363348,0.0016473864,0.35864213,0.28878075,2.8475828,1.2789822,-0.95634043
1747679454.9368696,0.0016473864,0.35864213,0.28878075,2.8475828,1.2789822,-0.95634043
1747679454.9374027,0.0016473864,0.35864213,0.28878075,2.8475828,1.2789822,-0.95634043
1747679454.937935,0.0016473864,0.35864213,0.28878075,2.8475828,1.2789822,-0.95634043
1747679454.9384701,0.0016473864,0.35864213,0.28878075,2.8475828,1.2789822,-0.95634043
1747679454.939029,0.0016473864,0.35864213,0.28878075,2.8475828,1.2789822,-0.95634043
1747679454.9395912,0.0016473864,0.35864213,0.28878075,2.8475828,1.2789822,-0.95634043
1747679454.940138,0.0016473864,0.35864213,0.28878075,2.8475828,1.2789822,-0.95634043
1747679454.9406931,0.0016473864,0.35864213,0.28878075,2.8475828,1.2789822,-0.95634043
1747679454.9412482,0.0016473864,0.35864213,0.28878075,2.8475828,1.2789822,-0.95634043
1747679454.9417882,0.0016473864,0.35864213,0.28878075,2.8475828,1.2789822,-0.95634043
1747679454.942321,0.0016473864,0.35864213,0.28878075,2.8475828,1.2789822,-0.95634043
1747679454.9428523,0.0016473864,0.35864213,0.28878075,2.8475828,1.2789822,-0.95634043
1747679454.943381,0.0016473864,0.35864213,0.28878075,2.8475828,1.2789822,-0.95634043
1747679454.9439147,0.0016473864,0.35864213,0.28878075,2.8475828,1.2789822,-0.95634043
1747679454.9444675,0.0016473864,0.35864213,0.28878075,2.8475828,1.2789822,-0.95634043
1747679454.9449909,0.0016473864,0.35864213,0.28878075,2.8475828,1.2789822,-0.95634043
1747679454.9455101,0.0016473864,0.35864213,0.28878075,2.8475828,1.2789822,-0.95634043
1747679454.9460287,-0.00030507156,0.37328556,0.26095822,2.7122943,1.2917653,-0.9041425
1747679454.9465473,-0.00030507156,0.37328556,0.26095822,2.7122943,1.2917653,-0.9041425
1747679454.947066,-0.00030507156,0.37328556,0.26095822,2.7122943,1.2917653,-0.9041425
1747679454.947584,-0.00030507156,0.37328556,0.26095822,2.7122943,1.2917653,-0.9041425
1747679454.9481022,-0.00030507156,0.37328556,0.26095822,2.7122943,1.2917653,-0.9041425
1747679454.9486203,-0.00030507156,0.37328556,0.26095822,2.7122943,1.2917653,-0.9041425
1747679454.9491384,-0.00030507156,0.37328556,0.26095822,2.7122943,1.2917653,-0.9041425
1747679454.9496572,-0.00030507156,0.37328556,0.26095822,2.7122943,1.2917653,-0.9041425
1747679454.9501753,-0.00030507156,0.37328556,0.26095822,2.7122943,1.2917653,-0.9041425
1747679454.9506934,-0.00030507156,0.37328556,0.26095822,2.7122943,1.2917653,-0.9041425
1747679454.951212,-0.00030507156,0.37328556,0.26095822,2.7122943,1.2917653,-0.9041425
1747679454.9517307,-0.00030507156,0.37328556,0.26095822,2.7122943,1.2917653,-0.9041425
1747679454.9522488,-0.00030507156,0.37328556,0.26095822,2.7122943,1.2917653,-0.9041425
1747679454.9527674,-0.0037218733,0.38011914,0.21898036,2.7122943,1.2917653,-0.9041425
1747679454.9532878,-0.0037218733,0.38011914,0.21898036,2.7122943,1.2917653,-0.9041425
1747679454.9538205,-0.0037218733,0.38011914,0.21898036,2.7122943,1.2917653,-0.9041425
1747679454.9544277,-0.0037218733,0.38011914,0.21898036,2.7122943,1.2917653,-0.9041425
1747679454.9550555,-0.0037218733,0.38011914,0.21898036,2.7122943,1.2917653,-0.9041425
1747679454.9555833,-0.0037218733,0.38011914,0.21898036,2.7122943,1.2917653,-0.9041425
1747679454.956129,-0.0037218733,0.38011914,0.21898036,2.7122943,1.2917653,-0.9041425
1747679454.9566896,-0.0037218733,0.38011914,0.21898036,2.7122943,1.2917653,-0.9041425
1747679454.9572246,-0.0037218733,0.38011914,0.21898036,2.7122943,1.2917653,-0.9041425
1747679454.9577556,-0.0037218733,0.38011914,0.21898036,2.7122943,1.2917653,-0.9041425
1747679454.958294,-0.0037218733,0.38011914,0.21898036,2.7122943,1.2917653,-0.9041425
1747679454.9588294,-0.0037218733,0.38011914,0.21898036,2.7122943,1.2917653,-0.9041425
1747679454.959351,-0.0037218733,0.38011914,0.21898036,2.7122943,1.2917653,-0.9041425
1747679454.959872,-0.0037218733,0.38011914,0.21898036,2.7122943,1.2917653,-0.9041425
1747679454.960393,-0.0037218733,0.38011914,0.21898036,2.7122943,1.2917653,-0.9041425
1747679454.9609146,-0.0037218733,0.38011914,0.21898036,2.7122943,1.2917653,-0.9041425
1747679454.9614356,-0.0037218733,0.38011914,0.21898036,2.7122943,1.2917653,-0.9041425
1747679454.9619575,-0.0037218733,0.38011914,0.21898036,2.4214773,1.5037528,-0.82318246
1747679454.9624789,-0.0037218733,0.38011914,0.21898036,2.4214773,1.5037528,-0.82318246
1747679454.9629993,-0.0037218733,0.38011914,0.21898036,2.4214773,1.5037528,-0.82318246
1747679454.9635272,-0.0037218733,0.38011914,0.21898036,2.4214773,1.5037528,-0.82318246
1747679454.9640613,-0.008114903,0.39232203,0.19213407,2.4214773,1.5037528,-0.82318246
1747679454.9645836,-0.008114903,0.39232203,0.19213407,2.4214773,1.5037528,-0.82318246
1747679454.9651046,-0.008114903,0.39232203,0.19213407,2.4214773,1.5037528,-0.82318246
1747679454.965625,-0.008114903,0.39232203,0.19213407,2.4214773,1.5037528,-0.82318246
1747679454.9661458,-0.008114903,0.39232203,0.19213407,2.4214773,1.5037528,-0.82318246
1747679454.9666662,-0.008114903,0.39232203,0.19213407,2.4214773,1.5037528,-0.82318246
1747679454.9671872,-0.008114903,0.39232203,0.19213407,2.4214773,1.5037528,-0.82318246
1747679454.9677076,-0.008114903,0.39232203,0.19213407,2.4214773,1.5037528,-0.82318246
1747679454.968228,-0.008114903,0.39232203,0.19213407,2.4214773,1.5037528,-0.82318246
1747679454.9687622,-0.008114903,0.39232203,0.19213407,2.4214773,1.5037528,-0.82318246
1747679454.9692807,-0.008114903,0.39232203,0.19213407,2.4214773,1.5037528,-0.82318246
1747679454.9698346,-0.022270223,0.4079417,0.18237178,2.4214773,1.5037528,-0.82318246
1747679454.9703767,-0.022270223,0.4079417,0.18237178,2.4214773,1.5037528,-0.82318246
1747679454.9709225,-0.022270223,0.4079417,0.18237178,2.3011026,1.6560855,-0.7997467
1747679454.971475,-0.022270223,0.4079417,0.18237178,2.3011026,1.6560855,-0.7997467
1747679454.972046,-0.022270223,0.4079417,0.18237178,2.3011026,1.6560855,-0.7997467
1747679454.9725752,-0.022270223,0.4079417,0.18237178,2.3011026,1.6560855,-0.7997467
1747679454.9730952,-0.022270223,0.4079417,0.18237178,2.3011026,1.6560855,-0.7997467
1747679454.9736266,-0.022270223,0.4079417,0.18237178,2.3011026,1.6560855,-0.7997467
1747679454.9741635,-0.022270223,0.4079417,0.18237178,2.3011026,1.6560855,-0.7997467
1747679454.974684,-0.022270223,0.4079417,0.18237178,2.3011026,1.6560855,-0.7997467
1747679454.9752026,-0.022270223,0.4079417,0.18237178,2.3011026,1.6560855,-0.7997467
1747679454.9757206,-0.022270223,0.4079417,0.18237178,2.3011026,1.6560855,-0.7997467
1747679454.9762392,-0.022270223,0.4079417,0.18237178,2.3011026,1.6560855,-0.7997467
1747679454.9767575,-0.022270223,0.4079417,0.18237178,2.3011026,1.6560855,-0.7997467
1747679454.9772758,-0.022270223,0.4079417,0.18237178,2.3011026,1.6560855,-0.7997467
1747679454.9777944,-0.022270223,0.4079417,0.18237178,2.3011026,1.6560855,-0.7997467
1747679454.9783123,-0.022270223,0.4079417,0.18237178,2.3011026,1.6560855,-0.7997467
1747679454.9788303,-0.022270223,0.4079417,0.18237178,2.3011026,1.6560855,-0.7997467
1747679454.9793484,-0.022270223,0.4079417,0.18237178,2.3011026,1.6560855,-0.7997467
1747679454.9798663,-0.022270223,0.4079417,0.18237178,2.3011026,1.6560855,-0.7997467
1747679454.9803846,-0.022270223,0.4079417,0.18237178,2.3011026,1.6560855,-0.7997467
1747679454.9809027,-0.022270223,0.4079417,0.18237178,2.3011026,1.6560855,-0.7997467
1747679454.9814203,-0.022270223,0.4079417,0.18237178,2.3011026,1.6560855,-0.7997467
1747679454.9819388,-0.034473088,0.40891793,0.17358571,2.213751,1.8052224,-0.7816372
1747679454.9824572,-0.034473088,0.40891793,0.17358571,2.213751,1.8052224,-0.7816372
1747679454.9829752,-0.034473088,0.40891793,0.17358571,2.213751,1.8052224,-0.7816372
1747679454.9834933,-0.034473088,0.40891793,0.17358571,2.213751,1.8052224,-0.7816372
1747679454.9840217,-0.034473088,0.40891793,0.17358571,2.213751,1.8052224,-0.7816372
1747679454.9845545,-0.034473088,0.40891793,0.17358571,2.213751,1.8052224,-0.7816372
1747679454.9851007,-0.034473088,0.40891793,0.17358571,2.213751,1.8052224,-0.7816372
1747679454.985649,-0.034473088,0.40891793,0.17358571,2.213751,1.8052224,-0.7816372
1747679454.9862046,-0.034473088,0.40891793,0.17358571,2.213751,1.8052224,-0.7816372
1747679454.9868193,-0.034473088,0.40891793,0.17358571,2.213751,1.8052224,-0.7816372
1747679454.987368,-0.034473088,0.40891793,0.17358571,2.213751,1.8052224,-0.7816372
1747679454.9879053,-0.034473088,0.40891793,0.17358571,2.213751,1.8052224,-0.7816372
1747679454.9884624,-0.034473088,0.40891793,0.17358571,2.213751,1.8052224,-0.7816372
1747679454.9889963,-0.034473088,0.40891793,0.17358571,2.213751,1.8052224,-0.7816372
1747679454.9895163,-0.034473088,0.40891793,0.17358571,2.213751,1.8052224,-0.7816372
1747679454.990034,-0.034473088,0.40891793,0.17358571,2.213751,1.8052224,-0.7816372
1747679454.9905524,-0.034473088,0.40891793,0.17358571,2.213751,1.8052224,-0.7816372
1747679454.9910703,-0.034473088,0.40891793,0.17358571,2.213751,1.8052224,-0.7816372
1747679454.9915884,-0.034473088,0.40891793,0.17358571,2.213751,1.8052224,-0.7816372
1747679454.9921062,-0.034473088,0.40891793,0.17358571,2.213751,1.8052224,-0.7816372
1747679454.992624,-0.034473088,0.40891793,0.17358571,2.213751,1.8052224,-0.7816372
1747679454.9931428,-0.034473088,0.40891793,0.17358571,2.213751,1.8052224,-0.7816372
1747679454.9936612,-0.034473088,0.40891793,0.17358571,2.213751,1.8052224,-0.7816372
1747679454.9941897,-0.034473088,0.40891793,0.17358571,2.213751,1.8052224,-0.7816372
1747679454.9947221,-0.034473088,0.40891793,0.17358571,2.213751,1.8052224,-0.7816372
1747679454.9952447,-0.034473088,0.40891793,0.17358571,2.213751,1.8052224,-0.7816372
1747679454.9957638,-0.08670134,0.38255972,0.13111974,2.213751,1.8052224,-0.7816372
1747679454.9962828,-0.08670134,0.38255972,0.13111974,2.137052,1.9479678,-0.7432877
1747679454.9968011,-0.08670134,0.38255972,0.13111974,2.137052,1.9479678,-0.7432877
1747679454.997319,-0.08670134,0.38255972,0.13111974,2.137052,1.9479678,-0.7432877
1747679454.997837,-0.08670134,0.38255972,0.13111974,2.137052,1.9479678,-0.7432877
1747679454.9983554,-0.08670134,0.38255972,0.13111974,2.137052,1.9479678,-0.7432877
1747679454.998873,-0.08670134,0.38255972,0.13111974,2.137052,1.9479678,-0.7432877
1747679454.999391,-0.08670134,0.38255972,0.13111974,2.137052,1.9479678,-0.7432877
1747679454.9999092,-0.08670134,0.38255972,0.13111974,2.137052,1.9479678,-0.7432877
1747679455.0004394,-0.08670134,0.38255972,0.13111974,2.137052,1.9479678,-0.7432877
1747679455.0010078,-0.08670134,0.38255972,0.13111974,2.137052,1.9479678,-0.7432877
1747679455.001563,-0.08670134,0.38255972,0.13111974,2.137052,1.9479678,-0.7432877
1747679455.0021417,-0.08670134,0.38255972,0.13111974,2.137052,1.9479678,-0.7432877
1747679455.0026972,-0.08670134,0.38255972,0.13111974,2.137052,1.9479678,-0.7432877
1747679455.0032458,-0.08670134,0.38255972,0.13111974,2.137052,1.9479678,-0.7432877
1747679455.0037885,-0.08670134,0.38255972,0.13111974,2.137052,1.9479678,-0.7432877
1747679455.004326,-0.11550009,0.39281014,0.091582485,2.0667446,2.066212,-0.68043715
1747679455.0048563,-0.11550009,0.39281014,0.091582485,2.0667446,2.066212,-0.68043715
1747679455.0053835,-0.11550009,0.39281014,0.091582485,2.0667446,2.066212,-0.68043715
1747679455.00591,-0.11550009,0.39281014,0.091582485,2.0667446,2.066212,-0.68043715
1747679455.0064366,-0.11550009,0.39281014,0.091582485,2.0667446,2.066212,-0.68043715
1747679455.0069728,-0.11550009,0.39281014,0.091582485,2.0667446,2.066212,-0.68043715
1747679455.0075018,-0.11550009,0.39281014,0.091582485,2.0667446,2.066212,-0.68043715
1747679455.0080304,-0.11550009,0.39281014,0.091582485,2.0667446,2.066212,-0.68043715
1747679455.0085614,-0.11550009,0.39281014,0.091582485,2.0667446,2.066212,-0.68043715
1747679455.0090895,-0.11550009,0.39281014,0.091582485,2.0667446,2.066212,-0.68043715
1747679455.0096204,-0.11550009,0.39281014,0.091582485,2.0667446,2.066212,-0.68043715
1747679455.0101483,-0.11550009,0.39281014,0.091582485,2.0667446,2.066212,-0.68043715
1747679455.0106866,-0.11550009,0.39281014,0.091582485,2.0667446,2.066212,-0.68043715
1747679455.0112278,-0.11550009,0.39281014,0.091582485,2.0667446,2.066212,-0.68043715
1747679455.0117536,-0.11550009,0.39281014,0.091582485,2.0667446,2.066212,-0.68043715
1747679455.0122721,-0.11550009,0.39281014,0.091582485,2.0667446,2.066212,-0.68043715
1747679455.01279,-0.11550009,0.39281014,0.091582485,2.0667446,2.066212,-0.68043715
1747679455.0133157,-0.11550009,0.39281014,0.091582485,1.9591529,2.171673,-0.60054237
1747679455.013842,-0.11550009,0.39281014,0.091582485,1.9591529,2.171673,-0.60054237
1747679455.0143619,-0.11550009,0.39281014,0.091582485,1.9591529,2.171673,-0.60054237
1747679455.0148804,-0.14478697,0.46065807,0.014460391,1.9591529,2.171673,-0.60054237
1747679455.015399,-0.14478697,0.46065807,0.014460391,1.9591529,2.171673,-0.60054237
1747679455.015917,-0.14478697,0.46065807,0.014460391,1.9591529,2.171673,-0.60054237
1747679455.0164351,-0.14478697,0.46065807,0.014460391,1.9591529,2.171673,-0.60054237
1747679455.0169632,-0.14478697,0.46065807,0.014460391,1.9591529,2.171673,-0.60054237
1747679455.0175967,-0.14478697,0.46065807,0.014460391,1.9591529,2.171673,-0.60054237
1747679455.018161,-0.14478697,0.46065807,0.014460391,1.9591529,2.171673,-0.60054237
1747679455.0187123,-0.14478697,0.46065807,0.014460391,1.9591529,2.171673,-0.60054237
1747679455.0192487,-0.14478697,0.46065807,0.014460391,1.9591529,2.171673,-0.60054237
1747679455.019783,-0.14478697,0.46065807,0.014460391,1.9591529,2.171673,-0.60054237
1747679455.0203156,-0.14478697,0.46065807,0.014460391,1.9591529,2.171673,-0.60054237
1747679455.0208356,-0.14478697,0.46065807,0.014460391,1.9591529,2.171673,-0.60054237
1747679455.021354,-0.14478697,0.46065807,0.014460391,1.9591529,2.171673,-0.60054237
1747679455.0218723,-0.14478697,0.46065807,0.014460391,1.9591529,2.171673,-0.60054237
1747679455.022392,-0.14478697,0.46065807,0.014460391,1.9591529,2.171673,-0.60054237
1747679455.0229137,-0.118428774,0.5187437,-0.025564997,1.8227992,2.1397152,-0.53982234
1747679455.0234432,-0.118428774,0.5187437,-0.025564997,1.8227992,2.1397152,-0.53982234
1747679455.023972,-0.118428774,0.5187437,-0.025564997,1.8227992,2.1397152,-0.53982234
1747679455.0244918,-0.118428774,0.5187437,-0.025564997,1.8227992,2.1397152,-0.53982234
1747679455.02501,-0.118428774,0.5187437,-0.025564997,1.8227992,2.1397152,-0.53982234
1747679455.025528,-0.118428774,0.5187437,-0.025564997,1.8227992,2.1397152,-0.53982234
1747679455.0260463,-0.118428774,0.5187437,-0.025564997,1.8227992,2.1397152,-0.53982234
1747679455.0265644,-0.118428774,0.5187437,-0.025564997,1.8227992,2.1397152,-0.53982234
1747679455.0270827,-0.118428774,0.5187437,-0.025564997,1.8227992,2.1397152,-0.53982234
1747679455.027601,-0.118428774,0.5187437,-0.025564997,1.8227992,2.1397152,-0.53982234
1747679455.0281188,-0.118428774,0.5187437,-0.025564997,1.8227992,2.1397152,-0.53982234
1747679455.028637,-0.118428774,0.5187437,-0.025564997,1.8227992,2.1397152,-0.53982234
1747679455.0291553,-0.118428774,0.5187437,-0.025564997,1.8227992,2.1397152,-0.53982234
1747679455.029673,-0.118428774,0.5187437,-0.025564997,1.8227992,2.1397152,-0.53982234
1747679455.0301917,-0.118428774,0.5187437,-0.025564997,1.8227992,2.1397152,-0.53982234
1747679455.0307093,-0.118428774,0.5187437,-0.025564997,1.8227992,2.1397152,-0.53982234
1747679455.0312548,-0.118428774,0.5187437,-0.025564997,1.8227992,2.1397152,-0.53982234
1747679455.031794,-0.118428774,0.5187437,-0.025564997,1.8227992,2.1397152,-0.53982234
1747679455.0323317,-0.118428774,0.5187437,-0.025564997,1.8227992,2.1397152,-0.53982234
1747679455.032899,-0.118428774,0.5187437,-0.025564997,1.8227992,2.1397152,-0.53982234
1747679455.0334508,-0.118428774,0.5187437,-0.025564997,1.8227992,2.1397152,-0.53982234
1747679455.0339851,-0.11647632,0.5553523,-0.03142237,1.7013592,1.9863172,-0.5355613
1747679455.0345383,-0.11647632,0.5553523,-0.03142237,1.7013592,1.9863172,-0.5355613
1747679455.0350692,-0.11647632,0.5553523,-0.03142237,1.7013592,1.9863172,-0.5355613
1747679455.0355906,-0.11647632,0.5553523,-0.03142237,1.7013592,1.9863172,-0.5355613
1747679455.03611,-0.11647632,0.5553523,-0.03142237,1.7013592,1.9863172,-0.5355613
1747679455.0366282,-0.11647632,0.5553523,-0.03142237,1.7013592,1.9863172,-0.5355613
1747679455.037192,-0.11647632,0.5553523,-0.03142237,1.7013592,1.9863172,-0.5355613
1747679455.0377119,-0.11647632,0.5553523,-0.03142237,1.7013592,1.9863172,-0.5355613
1747679455.0382304,-0.11647632,0.5553523,-0.03142237,1.7013592,1.9863172,-0.5355613
1747679455.0387485,-0.11647632,0.5553523,-0.03142237,1.7013592,1.9863172,-0.5355613
1747679455.0392666,-0.11647632,0.5553523,-0.03142237,1.7013592,1.9863172,-0.5355613
1747679455.0397847,-0.11647632,0.5553523,-0.03142237,1.7013592,1.9863172,-0.5355613
1747679455.0403028,-0.11647632,0.5553523,-0.03142237,1.7013592,1.9863172,-0.5355613
1747679455.0408208,-0.11647632,0.5553523,-0.03142237,1.7013592,1.9863172,-0.5355613
1747679455.041339,-0.11647632,0.5553523,-0.03142237,1.7013592,1.9863172,-0.5355613
1747679455.041857,-0.11647632,0.5553523,-0.03142237,1.7013592,1.9863172,-0.5355613
1747679455.042375,-0.11647632,0.5553523,-0.03142237,1.7013592,1.9863172,-0.5355613
1747679455.0428934,-0.11647632,0.5553523,-0.03142237,1.7013592,1.9863172,-0.5355613
1747679455.0434113,-0.11647632,0.5553523,-0.03142237,1.7013592,1.9863172,-0.5355613
1747679455.043929,-0.11647632,0.5553523,-0.03142237,1.7013592,1.9863172,-0.5355613
1747679455.0444558,-0.11647632,0.5553523,-0.03142237,1.7013592,1.9863172,-0.5355613
1747679455.0449903,-0.11647632,0.5553523,-0.03142237,1.5777886,1.7839171,-0.52171284
1747679455.045511,-0.11647632,0.5553523,-0.03142237,1.5777886,1.7839171,-0.52171284
1747679455.0460317,-0.11647632,0.5553523,-0.03142237,1.5777886,1.7839171,-0.52171284
1747679455.0465524,-0.17749064,0.5802461,-0.0070166457,1.5777886,1.7839171,-0.52171284
1747679455.047071,-0.17749064,0.5802461,-0.0070166457,1.5777886,1.7839171,-0.52171284
1747679455.0476012,-0.17749064,0.5802461,-0.0070166457,1.5777886,1.7839171,-0.52171284
1747679455.0482454,-0.17749064,0.5802461,-0.0070166457,1.5777886,1.7839171,-0.52171284
1747679455.0488076,-0.17749064,0.5802461,-0.0070166457,1.5777886,1.7839171,-0.52171284
1747679455.049355,-0.17749064,0.5802461,-0.0070166457,1.5777886,1.7839171,-0.52171284
1747679455.0499048,-0.17749064,0.5802461,-0.0070166457,1.5777886,1.7839171,-0.52171284
1747679455.0505445,-0.17749064,0.5802461,-0.0070166457,1.5777886,1.7839171,-0.52171284
1747679455.0510771,-0.17749064,0.5802461,-0.0070166457,1.5777886,1.7839171,-0.52171284
1747679455.0515976,-0.2062894,0.613926,0.015924735,1.5777886,1.7839171,-0.52171284
1747679455.0521166,-0.2062894,0.613926,0.015924735,1.4915023,1.6635424,-0.46738443
1747679455.0526354,-0.2062894,0.613926,0.015924735,1.4915023,1.6635424,-0.46738443
1747679455.0531538,-0.2062894,0.613926,0.015924735,1.4915023,1.6635424,-0.46738443
1747679455.0536828,-0.2062894,0.613926,0.015924735,1.4915023,1.6635424,-0.46738443
1747679455.0542147,-0.2062894,0.613926,0.015924735,1.4915023,1.6635424,-0.46738443
1747679455.0547373,-0.2062894,0.613926,0.015924735,1.4915023,1.6635424,-0.46738443
1747679455.055258,-0.2062894,0.613926,0.015924735,1.4915023,1.6635424,-0.46738443
1747679455.0557792,-0.2062894,0.613926,0.015924735,1.4915023,1.6635424,-0.46738443
1747679455.0563,-0.2062894,0.613926,0.015924735,1.4915023,1.6635424,-0.46738443
1747679455.0568204,-0.2062894,0.613926,0.015924735,1.4915023,1.6635424,-0.46738443
1747679455.0573418,-0.2062894,0.613926,0.015924735,1.4915023,1.6635424,-0.46738443
1747679455.0578623,-0.2062894,0.613926,0.015924735,1.4915023,1.6635424,-0.46738443
1747679455.0583873,-0.2062894,0.613926,0.015924735,1.4915023,1.6635424,-0.46738443
1747679455.0589106,-0.2062894,0.613926,0.015924735,1.4915023,1.6635424,-0.46738443
1747679455.0594318,-0.2062894,0.613926,0.015924735,1.4915023,1.6635424,-0.46738443
1747679455.0599527,-0.2062894,0.613926,0.015924735,1.4915023,1.6635424,-0.46738443
1747679455.0604742,-0.2062894,0.613926,0.015924735,1.4915023,1.6635424,-0.46738443
1747679455.0609953,-0.2062894,0.613926,0.015924735,1.4915023,1.6635424,-0.46738443
1747679455.0615163,-0.2062894,0.613926,0.015924735,1.4915023,1.6635424,-0.46738443
1747679455.0620377,-0.2062894,0.613926,0.015924735,1.4915023,1.6635424,-0.46738443
1747679455.0625587,-0.2062894,0.613926,0.015924735,1.4915023,1.6635424,-0.46738443
1747679455.06309,-0.2062894,0.613926,0.015924735,1.4915023,1.6635424,-0.46738443
1747679455.0636778,-0.20238447,0.6300338,0.05009275,1.4915023,1.6635424,-0.46738443
1747679455.0642426,-0.20238447,0.6300338,0.05009275,1.4915023,1.6635424,-0.46738443
1747679455.064796,-0.20238447,0.6300338,0.05009275,1.4915023,1.6635424,-0.46738443
1747679455.065341,-0.20238447,0.6300338,0.05009275,1.4915023,1.6635424,-0.46738443
1747679455.065876,-0.20238447,0.6300338,0.05009275,1.4915023,1.6635424,-0.46738443
1747679455.066398,-0.20238447,0.6300338,0.05009275,1.4915023,1.6635424,-0.46738443
1747679455.0669193,-0.20238447,0.6300338,0.05009275,1.4915023,1.6635424,-0.46738443
1747679455.0674436,-0.20238447,0.6300338,0.05009275,1.4915023,1.6635424,-0.46738443
1747679455.067968,-0.20238447,0.6300338,0.05009275,1.4915023,1.6635424,-0.46738443
1747679455.0684884,-0.20238447,0.6300338,0.05009275,1.4915023,1.6635424,-0.46738443
1747679455.0694976,-0.20238447,0.6300338,0.05009275,1.4915023,1.6635424,-0.46738443
1747679455.070019,-0.18578859,0.63296247,0.088653795,1.4915023,1.6635424,-0.46738443
1747679455.070538,-0.18578859,0.63296247,0.088653795,1.3913674,1.7050877,-0.36085805
1747679455.0710566,-0.18578859,0.63296247,0.088653795,1.3913674,1.7050877,-0.36085805
1747679455.0715754,-0.18578859,0.63296247,0.088653795,1.3913674,1.7050877,-0.36085805
1747679455.072094,-0.18578859,0.63296247,0.088653795,1.3913674,1.7050877,-0.36085805
1747679455.072612,-0.18578859,0.63296247,0.088653795,1.3913674,1.7050877,-0.36085805
1747679455.07313,-0.18578859,0.63296247,0.088653795,1.3913674,1.7050877,-0.36085805
1747679455.0736582,-0.18578859,0.63296247,0.088653795,1.3913674,1.7050877,-0.36085805
1747679455.0741918,-0.18578859,0.63296247,0.088653795,1.3913674,1.7050877,-0.36085805
1747679455.0747118,-0.18578859,0.63296247,0.088653795,1.3913674,1.7050877,-0.36085805
1747679455.07523,-0.18578859,0.63296247,0.088653795,1.3913674,1.7050877,-0.36085805
1747679455.0757475,-0.18578859,0.63296247,0.088653795,1.3913674,1.7050877,-0.36085805
1747679455.0762658,-0.18578859,0.63296247,0.088653795,1.3913674,1.7050877,-0.36085805
1747679455.0767837,-0.18578859,0.63296247,0.088653795,1.3913674,1.7050877,-0.36085805
1747679455.0773015,-0.18578859,0.63296247,0.088653795,1.3913674,1.7050877,-0.36085805
1747679455.0778189,-0.18578859,0.63296247,0.088653795,1.3913674,1.7050877,-0.36085805
1747679455.0783372,-0.18578859,0.63296247,0.088653795,1.3913674,1.7050877,-0.36085805
1747679455.0788722,-0.18578859,0.63296247,0.088653795,1.3913674,1.7050877,-0.36085805
1747679455.0794353,-0.18578859,0.63296247,0.088653795,1.3913674,1.7050877,-0.36085805
1747679455.0800028,-0.18578859,0.63296247,0.088653795,1.3913674,1.7050877,-0.36085805
1747679455.0805638,-0.18578859,0.63296247,0.088653795,1.3913674,1.7050877,-0.36085805
1747679455.0811124,-0.18578859,0.63296247,0.088653795,1.3913674,1.7050877,-0.36085805
1747679455.0817566,-0.18432423,0.6539514,0.11208329,1.4041506,1.7892435,-0.3214433
1747679455.082299,-0.18432423,0.6539514,0.11208329,1.4041506,1.7892435,-0.3214433
1747679455.0828235,-0.18432423,0.6539514,0.11208329,1.4041506,1.7892435,-0.3214433
1747679455.0833454,-0.18432423,0.6539514,0.11208329,1.4041506,1.7892435,-0.3214433
1747679455.0838811,-0.18432423,0.6539514,0.11208329,1.4041506,1.7892435,-0.3214433
1747679455.0844243,-0.18432423,0.6539514,0.11208329,1.4041506,1.7892435,-0.3214433
1747679455.084951,-0.18432423,0.6539514,0.11208329,1.4041506,1.7892435,-0.3214433
1747679455.0854733,-0.18432423,0.6539514,0.11208329,1.4041506,1.7892435,-0.3214433
1747679455.0859952,-0.18432423,0.6539514,0.11208329,1.4041506,1.7892435,-0.3214433
1747679455.086517,-0.18432423,0.6539514,0.11208329,1.4041506,1.7892435,-0.3214433
1747679455.0870402,-0.18432423,0.6539514,0.11208329,1.4041506,1.7892435,-0.3214433
1747679455.0875635,-0.18432423,0.6539514,0.11208329,1.4041506,1.7892435,-0.3214433
1747679455.088084,-0.18432423,0.6539514,0.11208329,1.4041506,1.7892435,-0.3214433
1747679455.0886023,-0.18432423,0.6539514,0.11208329,1.4041506,1.7892435,-0.3214433
1747679455.0891206,-0.18432423,0.6539514,0.11208329,1.4041506,1.7892435,-0.3214433
1747679455.0896387,-0.18432423,0.6539514,0.11208329,1.4041506,1.7892435,-0.3214433
1747679455.0901568,-0.18432423,0.6539514,0.11208329,1.4041506,1.7892435,-0.3214433
1747679455.0906746,-0.18432423,0.6539514,0.11208329,1.4041506,1.7892435,-0.3214433
1747679455.0911925,-0.18432423,0.6539514,0.11208329,1.4041506,1.7892435,-0.3214433
1747679455.0917108,-0.18432423,0.6539514,0.11208329,1.4041506,1.7892435,-0.3214433
1747679455.0922287,-0.18432423,0.6539514,0.11208329,1.4041506,1.7892435,-0.3214433
1747679455.092747,-0.18432423,0.6539514,0.11208329,1.4041506,1.7892435,-0.3214433
1747679455.0932648,-0.18432423,0.6539514,0.11208329,1.4041506,1.7892435,-0.3214433
1747679455.0937831,-0.18432423,0.6539514,0.11208329,1.4041506,1.7892435,-0.3214433
1747679455.0943246,-0.18432423,0.6539514,0.11208329,1.4041506,1.7892435,-0.3214433
1747679455.094872,-0.18432423,0.6539514,0.11208329,1.4041506,1.7892435,-0.3214433
1747679455.0954359,-0.18432423,0.6539514,0.11208329,1.4041506,1.7892435,-0.3214433
1747679455.0960047,-0.18432423,0.6539514,0.11208329,1.4041506,1.7892435,-0.3214433
1747679455.096551,-0.18432423,0.6539514,0.11208329,1.4041506,1.7892435,-0.3214433
1747679455.0970838,-0.18432423,0.6539514,0.11208329,1.4041506,1.7892435,-0.3214433
1747679455.097604,-0.18432423,0.6539514,0.11208329,1.4041506,1.7892435,-0.3214433
1747679455.0981226,-0.18432423,0.6539514,0.11208329,1.4041506,1.7892435,-0.3214433
1747679455.098641,-0.18432423,0.6539514,0.11208329,1.4041506,1.7892435,-0.3214433
1747679455.099159,-0.18432423,0.6539514,0.11208329,1.4041506,1.7892435,-0.3214433
1747679455.0996773,-0.18432423,0.6539514,0.11208329,1.4041506,1.7892435,-0.3214433
1747679455.1001952,-0.18432423,0.6539514,0.11208329,1.4041506,1.7892435,-0.3214433
1747679455.1007133,-0.18432423,0.6539514,0.11208329,1.4041506,1.7892435,-0.3214433
1747679455.1012313,-0.18432423,0.6539514,0.11208329,1.4041506,1.7892435,-0.3214433
1747679455.1017494,-0.18432423,0.6539514,0.11208329,1.4041506,1.7892435,-0.3214433
1747679455.1022677,-0.18432423,0.6539514,0.11208329,1.4041506,1.7892435,-0.3214433
1747679455.1027856,-0.18432423,0.6539514,0.11208329,1.4041506,1.7892435,-0.3214433
1747679455.1033041,-0.18432423,0.6539514,0.11208329,1.4041506,1.7892435,-0.3214433
1747679455.1038313,-0.18432423,0.6539514,0.11208329,1.4041506,1.7892435,-0.3214433
1747679455.1043584,-0.18432423,0.6539514,0.11208329,1.4041506,1.7892435,-0.3214433
1747679455.1048782,-0.18432423,0.6539514,0.11208329,1.4041506,1.7892435,-0.3214433
1747679455.1053967,-0.18432423,0.6539514,0.11208329,1.4041506,1.7892435,-0.3214433
1747679455.1059146,-0.18432423,0.6539514,0.11208329,1.4041506,1.7892435,-0.3214433
1747679455.1064324,-0.18432423,0.6539514,0.11208329,1.4041506,1.7892435,-0.3214433
1747679455.106951,-0.18432423,0.6539514,0.11208329,1.4041506,1.7892435,-0.3214433
1747679455.1074686,-0.18432423,0.6539514,0.11208329,1.4041506,1.7892435,-0.3214433
1747679455.1079867,-0.18432423,0.6539514,0.11208329,1.4041506,1.7892435,-0.3214433
1747679455.1085045,-0.18432423,0.6539514,0.11208329,1.4041506,1.7892435,-0.3214433
1747679455.1090226,-0.18432423,0.6539514,0.11208329,1.4041506,1.7892435,-0.3214433
1747679455.1096022,-0.18432423,0.6539514,0.11208329,1.4041506,1.7892435,-0.3214433
1747679455.1101627,-0.18432423,0.6539514,0.11208329,1.4041506,1.7892435,-0.3214433
1747679455.1107259,-0.18432423,0.6539514,0.11208329,1.4041506,1.7892435,-0.3214433
1747679455.1112947,-0.18432423,0.6539514,0.11208329,1.4041506,1.7892435,-0.3214433
1747679455.112747,-0.18432423,0.6539514,0.11208329,1.4041506,1.7892435,-0.3214433
1747679455.1133082,-0.16870458,0.7310735,0.068641104,1.648096,1.6145402,-0.2862896
1747679455.1138408,-0.16870458,0.7310735,0.068641104,1.648096,1.6145402,-0.2862896
1747679455.1143746,-0.16870458,0.7310735,0.068641104,1.648096,1.6145402,-0.2862896
1747679455.1149042,-0.16870458,0.7310735,0.068641104,1.648096,1.6145402,-0.2862896
1747679455.115424,-0.16870458,0.7310735,0.068641104,1.648096,1.6145402,-0.2862896
1747679455.1159422,-0.16870458,0.7310735,0.068641104,1.648096,1.6145402,-0.2862896
1747679455.1164603,-0.16870458,0.7310735,0.068641104,1.648096,1.6145402,-0.2862896
1747679455.1169786,-0.16870458,0.7310735,0.068641104,1.648096,1.6145402,-0.2862896
1747679455.1174967,-0.16870458,0.7310735,0.068641104,1.648096,1.6145402,-0.2862896
1747679455.1180148,-0.16870458,0.7310735,0.068641104,1.648096,1.6145402,-0.2862896
1747679455.1185327,-0.16870458,0.7310735,0.068641104,1.648096,1.6145402,-0.2862896
1747679455.1190507,-0.16870458,0.7310735,0.068641104,1.648096,1.6145402,-0.2862896
1747679455.1195688,-0.16870458,0.7310735,0.068641104,1.648096,1.6145402,-0.2862896
1747679455.1200874,-0.16870458,0.7310735,0.068641104,1.648096,1.6145402,-0.2862896
1747679455.1206055,-0.16870458,0.7310735,0.068641104,1.648096,1.6145402,-0.2862896
1747679455.1211233,-0.16870458,0.7310735,0.068641104,1.648096,1.6145402,-0.2862896
1747679455.1216438,-0.16870458,0.7310735,0.068641104,1.648096,1.6145402,-0.2862896
1747679455.1221645,-0.16870458,0.7310735,0.068641104,1.648096,1.6145402,-0.2862896
1747679455.1226826,-0.16870458,0.7310735,0.068641104,1.648096,1.6145402,-0.2862896
1747679455.1232011,-0.16577588,0.754503,0.05887881,1.7535571,1.3556812,-0.30439907
1747679455.123729,-0.16577588,0.754503,0.05887881,1.7535571,1.3556812,-0.30439907
1747679455.1242619,-0.16577588,0.754503,0.05887881,1.7535571,1.3556812,-0.30439907
1747679455.1248064,-0.16577588,0.754503,0.05887881,1.7535571,1.3556812,-0.30439907
1747679455.125359,-0.16577588,0.754503,0.05887881,1.7535571,1.3556812,-0.30439907
1747679455.1259346,-0.16577588,0.754503,0.05887881,1.7535571,1.3556812,-0.30439907
1747679455.126497,-0.16577588,0.754503,0.05887881,1.7535571,1.3556812,-0.30439907
1747679455.1270459,-0.16577588,0.754503,0.05887881,1.7535571,1.3556812,-0.30439907
1747679455.1275795,-0.16577588,0.754503,0.05887881,1.7535571,1.3556812,-0.30439907
1747679455.1280994,-0.16577588,0.754503,0.05887881,1.7535571,1.3556812,-0.30439907
1747679455.1286178,-0.16577588,0.754503,0.05887881,1.7535571,1.3556812,-0.30439907
1747679455.1291363,-0.16577588,0.754503,0.05887881,1.7535571,1.3556812,-0.30439907
1747679455.129655,-0.16577588,0.754503,0.05887881,1.7535571,1.3556812,-0.30439907
1747679455.130173,-0.16577588,0.754503,0.05887881,1.7535571,1.3556812,-0.30439907
1747679455.130691,-0.16577588,0.754503,0.05887881,1.7535571,1.3556812,-0.30439907
1747679455.1312091,-0.16577588,0.754503,0.05887881,1.7535571,1.3556812,-0.30439907
1747679455.1317275,-0.16577588,0.754503,0.05887881,1.7535571,1.3556812,-0.30439907
1747679455.1322474,-0.16577588,0.754503,0.05887881,1.7535571,1.3556812,-0.30439907
1747679455.132768,-0.15357302,0.78720665,0.002745644,1.894172,0.9317062,-0.3395528
1747679455.1332867,-0.15357302,0.78720665,0.002745644,1.894172,0.9317062,-0.3395528
1747679455.133814,-0.15357302,0.78720665,0.002745644,1.894172,0.9317062,-0.3395528
1747679455.1343424,-0.15357302,0.78720665,0.002745644,1.894172,0.9317062,-0.3395528
1747679455.1348622,-0.15357302,0.78720665,0.002745644,1.894172,0.9317062,-0.3395528
1747679455.1353805,-0.15357302,0.78720665,0.002745644,1.894172,0.9317062,-0.3395528
1747679455.1358984,-0.15357302,0.78720665,0.002745644,1.894172,0.9317062,-0.3395528
1747679455.1364167,-0.15357302,0.78720665,0.002745644,1.894172,0.9317062,-0.3395528
1747679455.136935,-0.15357302,0.78720665,0.002745644,1.894172,0.9317062,-0.3395528
1747679455.137453,-0.15357302,0.78720665,0.002745644,1.894172,0.9317062,-0.3395528
1747679455.137971,-0.15357302,0.78720665,0.002745644,1.894172,0.9317062,-0.3395528
1747679455.138489,-0.15357302,0.78720665,0.002745644,1.894172,0.9317062,-0.3395528
1747679455.1390073,-0.15357302,0.78720665,0.002745644,1.894172,0.9317062,-0.3395528
1747679455.1395254,-0.15357302,0.78720665,0.002745644,1.894172,0.9317062,-0.3395528
1747679455.140074,-0.15357302,0.78720665,0.002745644,1.894172,0.9317062,-0.3395528
1747679455.1406407,-0.15357302,0.78720665,0.002745644,1.894172,0.9317062,-0.3395528
1747679455.141285,-0.15357302,0.78720665,0.002745644,1.894172,0.9317062,-0.3395528
1747679455.1442468,-0.15357302,0.78720665,0.002745644,1.894172,0.9317062,-0.3395528
1747679455.144889,-0.15357302,0.78720665,0.002745644,1.9975024,0.45979443,-0.40559912
1747679455.1454706,-0.15357302,0.78720665,0.002745644,1.9975024,0.45979443,-0.40559912
1747679455.1460335,-0.15357302,0.78720665,0.002745644,1.9975024,0.45979443,-0.40559912
1747679455.1465778,-0.14673942,0.81014806,-0.09731783,1.9975024,0.45979443,-0.40559912
1747679455.1471057,-0.14673942,0.81014806,-0.09731783,1.9975024,0.45979443,-0.40559912
1747679455.1476283,-0.14673942,0.81014806,-0.09731783,1.9975024,0.45979443,-0.40559912
1747679455.1481502,-0.14673942,0.81014806,-0.09731783,1.9975024,0.45979443,-0.40559912
1747679455.1486723,-0.14673942,0.81014806,-0.09731783,1.9975024,0.45979443,-0.40559912
1747679455.1492162,-0.14673942,0.81014806,-0.09731783,1.9975024,0.45979443,-0.40559912
1747679455.149766,-0.14673942,0.81014806,-0.09731783,1.9975024,0.45979443,-0.40559912
1747679455.1503258,-0.14673942,0.81014806,-0.09731783,1.9975024,0.45979443,-0.40559912
1747679455.1508813,-0.14673942,0.81014806,-0.09731783,1.9975024,0.45979443,-0.40559912
1747679455.1514251,-0.14673942,0.81014806,-0.09731783,1.9975024,0.45979443,-0.40559912
1747679455.151953,-0.14673942,0.81014806,-0.09731783,1.9975024,0.45979443,-0.40559912
1747679455.1524749,-0.14673942,0.81014806,-0.09731783,1.9975024,0.45979443,-0.40559912
1747679455.1530106,-0.14673942,0.81014806,-0.09731783,1.9975024,0.45979443,-0.40559912
1747679455.1535425,-0.14673942,0.81014806,-0.09731783,1.9975024,0.45979443,-0.40559912
1747679455.15407,-0.14673942,0.81014806,-0.09731783,1.9975024,0.45979443,-0.40559912
1747679455.1545994,-0.14673942,0.81014806,-0.09731783,1.9975024,0.45979443,-0.40559912
1747679455.1551225,-0.14673942,0.81014806,-0.09731783,1.9975024,0.45979443,-0.40559912
1747679455.15569,-0.14673942,0.81014806,-0.09731783,1.9975024,0.45979443,-0.40559912
1747679455.1562448,-0.15747795,0.80429065,-0.17443992,1.9975024,0.45979443,-0.40559912
1747679455.1567843,-0.15747795,0.80429065,-0.17443992,1.9975024,0.45979443,-0.40559912
1747679455.1573215,-0.15747795,0.80429065,-0.17443992,1.9868499,0.20732693,-0.453536
1747679455.1578846,-0.15747795,0.80429065,-0.17443992,1.9868499,0.20732693,-0.453536
1747679455.1584492,-0.15747795,0.80429065,-0.17443992,1.9868499,0.20732693,-0.453536
1747679455.1589994,-0.15747795,0.80429065,-0.17443992,1.9868499,0.20732693,-0.453536
1747679455.1595347,-0.15747795,0.80429065,-0.17443992,1.9868499,0.20732693,-0.453536
1747679455.160057,-0.15747795,0.80429065,-0.17443992,1.9868499,0.20732693,-0.453536
1747679455.1605794,-0.15747795,0.80429065,-0.17443992,1.8952372,0.1881522,-0.4801676
1747679455.1611013,-0.15747795,0.80429065,-0.17443992,1.8952372,0.1881522,-0.4801676
1747679455.1616228,-0.15747795,0.80429065,-0.17443992,1.8952372,0.1881522,-0.4801676
1747679455.1621444,-0.15747795,0.80429065,-0.17443992,1.8952372,0.1881522,-0.4801676
1747679455.1626844,-0.15747795,0.80429065,-0.17443992,1.8952372,0.1881522,-0.4801676
1747679455.1632056,-0.15747795,0.80429065,-0.17443992,1.8952372,0.1881522,-0.4801676
1747679455.163727,-0.16040663,0.7862304,-0.23203744,1.8952372,0.1881522,-0.4801676
1747679455.1642542,-0.16040663,0.7862304,-0.23203744,1.8952372,0.1881522,-0.4801676
1747679455.164785,-0.16040663,0.7862304,-0.23203744,1.8952372,0.1881522,-0.4801676
1747679455.165307,-0.16040663,0.7862304,-0.23203744,1.8952372,0.1881522,-0.4801676
1747679455.165828,-0.16040663,0.7862304,-0.23203744,1.8952372,0.1881522,-0.4801676
1747679455.1663485,-0.16040663,0.7862304,-0.23203744,1.8952372,0.1881522,-0.4801676
1747679455.1668692,-0.16040663,0.7862304,-0.23203744,1.8952372,0.1881522,-0.4801676
1747679455.1673896,-0.16040663,0.7862304,-0.23203744,1.8952372,0.1881522,-0.4801676
1747679455.1679099,-0.16040663,0.7862304,-0.23203744,1.8952372,0.1881522,-0.4801676
1747679455.16843,-0.16040663,0.7862304,-0.23203744,1.8952372,0.1881522,-0.4801676
1747679455.1689532,-0.16040663,0.7862304,-0.23203744,1.8952372,0.1881522,-0.4801676
1747679455.169461,-0.16040663,0.7862304,-0.23203744,1.8952372,0.1881522,-0.4801676
1747679455.1699798,-0.16040663,0.7862304,-0.23203744,1.8952372,0.1881522,-0.4801676
1747679455.1705656,-0.16040663,0.7862304,-0.23203744,1.8952372,0.1881522,-0.4801676
1747679455.171124,-0.16040663,0.7862304,-0.23203744,1.7375782,0.35646385,-0.50147283
1747679455.17166,-0.1530849,0.7540149,-0.2754796,1.7375782,0.35646385,-0.50147283
1747679455.1721895,-0.1530849,0.7540149,-0.2754796,1.7375782,0.35646385,-0.50147283
1747679455.1727445,-0.1530849,0.7540149,-0.2754796,1.7375782,0.35646385,-0.50147283
1747679455.1733174,-0.1530849,0.7540149,-0.2754796,1.7375782,0.35646385,-0.50147283
1747679455.173882,-0.1530849,0.7540149,-0.2754796,1.7375782,0.35646385,-0.50147283
1747679455.1744275,-0.1530849,0.7540149,-0.2754796,1.7375782,0.35646385,-0.50147283
1747679455.174953,-0.1530849,0.7540149,-0.2754796,1.7375782,0.35646385,-0.50147283
1747679455.175472,-0.1530849,0.7540149,-0.2754796,1.7375782,0.35646385,-0.50147283
1747679455.17599,-0.1530849,0.7540149,-0.2754796,1.7375782,0.35646385,-0.50147283
1747679455.1765087,-0.1530849,0.7540149,-0.2754796,1.7375782,0.35646385,-0.50147283
1747679455.1770267,-0.1530849,0.7540149,-0.2754796,1.7375782,0.35646385,-0.50147283
1747679455.177545,-0.1530849,0.7540149,-0.2754796,1.7375782,0.35646385,-0.50147283
1747679455.1780632,-0.1530849,0.7540149,-0.2754796,1.7375782,0.35646385,-0.50147283
1747679455.1785812,-0.1530849,0.7540149,-0.2754796,1.7375782,0.35646385,-0.50147283
1747679455.1790993,-0.1530849,0.7540149,-0.2754796,1.7375782,0.35646385,-0.50147283
1747679455.1796172,-0.1530849,0.7540149,-0.2754796,1.7375782,0.35646385,-0.50147283
1747679455.1801355,-0.1530849,0.7540149,-0.2754796,1.7375782,0.35646385,-0.50147283
1747679455.1806533,-0.1530849,0.7540149,-0.2754796,1.7375782,0.35646385,-0.50147283
1747679455.1811714,-0.1530849,0.7540149,-0.2754796,1.7375782,0.35646385,-0.50147283
1747679455.181689,-0.1530849,0.7540149,-0.2754796,1.7375782,0.35646385,-0.50147283
1747679455.1822073,-0.1530849,0.7540149,-0.2754796,1.7375782,0.35646385,-0.50147283
1747679455.1827257,-0.15406114,0.75157434,-0.30915952,1.7375782,0.35646385,-0.50147283
1747679455.1832445,-0.15406114,0.75157434,-0.30915952,1.5213296,0.6717819,-0.5259739
1747679455.183771,-0.15406114,0.75157434,-0.30915952,1.5213296,0.6717819,-0.5259739
1747679455.1842985,-0.15406114,0.75157434,-0.30915952,1.5213296,0.6717819,-0.5259739
1747679455.1848183,-0.15406114,0.75157434,-0.30915952,1.5213296,0.6717819,-0.5259739
1747679455.1853364,-0.15406114,0.75157434,-0.30915952,1.5213296,0.6717819,-0.5259739
1747679455.1858785,-0.15406114,0.75157434,-0.30915952,1.5213296,0.6717819,-0.5259739
1747679455.1864262,-0.15406114,0.75157434,-0.30915952,1.5213296,0.6717819,-0.5259739
1747679455.1869512,-0.15406114,0.75157434,-0.30915952,1.5213296,0.6717819,-0.5259739
1747679455.1874707,-0.15406114,0.75157434,-0.30915952,1.5213296,0.6717819,-0.5259739
1747679455.1880038,-0.15406114,0.75157434,-0.30915952,1.5213296,0.6717819,-0.5259739
1747679455.1885746,-0.15406114,0.75157434,-0.30915952,1.5213296,0.6717819,-0.5259739
1747679455.1891358,-0.15406114,0.75157434,-0.30915952,1.5213296,0.6717819,-0.5259739
1747679455.1896832,-0.15406114,0.75157434,-0.30915952,1.5213296,0.6717819,-0.5259739
1747679455.1902165,-0.15406114,0.75157434,-0.30915952,1.5213296,0.6717819,-0.5259739
1747679455.190736,-0.15406114,0.75157434,-0.30915952,1.5213296,0.6717819,-0.5259739
1747679455.1912546,-0.15406114,0.75157434,-0.30915952,1.5213296,0.6717819,-0.5259739
1747679455.1917727,-0.15406114,0.75157434,-0.30915952,1.5213296,0.6717819,-0.5259739
1747679455.1922908,-0.15406114,0.75157434,-0.30915952,1.5213296,0.6717819,-0.5259739
1747679455.1928089,-0.15406114,0.75157434,-0.30915952,1.5213296,0.6717819,-0.5259739
1747679455.1933272,-0.15406114,0.75157434,-0.30915952,1.5213296,0.6717819,-0.5259739
1747679455.1938686,-0.15406114,0.75157434,-0.30915952,1.5213296,0.6717819,-0.5259739
1747679455.1944058,-0.15406114,0.75157434,-0.30915952,1.5213296,0.6717819,-0.5259739
1747679455.1949553,-0.1765144,0.7686583,-0.33112466,1.5213296,0.6717819,-0.5259739
1747679455.1954806,-0.1765144,0.7686583,-0.33112466,1.3924327,0.878443,-0.5462139
1747679455.1960125,-0.1765144,0.7686583,-0.33112466,1.3924327,0.878443,-0.5462139
1747679455.1965387,-0.1765144,0.7686583,-0.33112466,1.3924327,0.878443,-0.5462139
1747679455.197057,-0.1765144,0.7686583,-0.33112466,1.3924327,0.878443,-0.5462139
1747679455.1975753,-0.1765144,0.7686583,-0.33112466,1.3924327,0.878443,-0.5462139
1747679455.198094,-0.1765144,0.7686583,-0.33112466,1.3924327,0.878443,-0.5462139
1747679455.1986117,-0.1765144,0.7686583,-0.33112466,1.3924327,0.878443,-0.5462139
1747679455.1991296,-0.1765144,0.7686583,-0.33112466,1.3924327,0.878443,-0.5462139
1747679455.1996474,-0.1765144,0.7686583,-0.33112466,1.3924327,0.878443,-0.5462139
1747679455.2001657,-0.1765144,0.7686583,-0.33112466,1.3924327,0.878443,-0.5462139
1747679455.2006838,-0.1765144,0.7686583,-0.33112466,1.3924327,0.878443,-0.5462139
1747679455.2012253,-0.1765144,0.7686583,-0.33112466,1.3924327,0.878443,-0.5462139
1747679455.2018287,-0.1765144,0.7686583,-0.33112466,1.3924327,0.878443,-0.5462139
1747679455.2023616,-0.21751602,0.77646816,-0.34381565,1.3924327,0.878443,-0.5462139
1747679455.2028894,-0.21751602,0.77646816,-0.34381565,1.2859063,1.0542115,-0.5653887
1747679455.2034328,-0.21751602,0.77646816,-0.34381565,1.2859063,1.0542115,-0.5653887
1747679455.2040024,-0.21751602,0.77646816,-0.34381565,1.2859063,1.0542115,-0.5653887
1747679455.204566,-0.21751602,0.77646816,-0.34381565,1.2859063,1.0542115,-0.5653887
1747679455.2051125,-0.21751602,0.77646816,-0.34381565,1.2859063,1.0542115,-0.5653887
1747679455.2056456,-0.21751602,0.77646816,-0.34381565,1.2859063,1.0542115,-0.5653887
1747679455.2061744,-0.21751602,0.77646816,-0.34381565,1.2859063,1.0542115,-0.5653887
1747679455.2066984,-0.21751602,0.77646816,-0.34381565,1.2859063,1.0542115,-0.5653887
1747679455.2072315,-0.21751602,0.77646816,-0.34381565,1.2859063,1.0542115,-0.5653887
1747679455.2077756,-0.21751602,0.77646816,-0.34381565,1.2859063,1.0542115,-0.5653887
1747679455.2083106,-0.21751602,0.77646816,-0.34381565,1.2859063,1.0542115,-0.5653887
1747679455.2088351,-0.21751602,0.77646816,-0.34381565,1.2859063,1.0542115,-0.5653887
1747679455.2093701,-0.21751602,0.77646816,-0.34381565,1.2859063,1.0542115,-0.5653887
1747679455.2099059,-0.21751602,0.77646816,-0.34381565,1.2859063,1.0542115,-0.5653887
1747679455.210434,-0.21751602,0.77646816,-0.34381565,1.2859063,1.0542115,-0.5653887
1747679455.2109585,-0.21751602,0.77646816,-0.34381565,1.2859063,1.0542115,-0.5653887
1747679455.2114804,-0.26681557,0.76328903,-0.39360332,1.2859063,1.0542115,-0.5653887
1747679455.2119997,-0.26681557,0.76328903,-0.39360332,1.2475569,1.04782,-0.5771066
1747679455.212518,-0.26681557,0.76328903,-0.39360332,1.2475569,1.04782,-0.5771066
1747679455.2130363,-0.26681557,0.76328903,-0.39360332,1.2475569,1.04782,-0.5771066
1747679455.2135546,-0.26681557,0.76328903,-0.39360332,1.2475569,1.04782,-0.5771066
1747679455.214081,-0.26681557,0.76328903,-0.39360332,1.2475569,1.04782,-0.5771066
1747679455.2146084,-0.26681557,0.76328903,-0.39360332,1.2475569,1.04782,-0.5771066
1747679455.2151284,-0.26681557,0.76328903,-0.39360332,1.2475569,1.04782,-0.5771066
1747679455.2156465,-0.26681557,0.76328903,-0.39360332,1.2475569,1.04782,-0.5771066
1747679455.2161644,-0.26681557,0.76328903,-0.39360332,1.2475569,1.04782,-0.5771066
1747679455.2167327,-0.26681557,0.76328903,-0.39360332,1.2475569,1.04782,-0.5771066
1747679455.2172878,-0.26681557,0.76328903,-0.39360332,1.2475569,1.04782,-0.5771066
1747679455.2178252,-0.26681557,0.76328903,-0.39360332,1.2475569,1.04782,-0.5771066
1747679455.218357,-0.26681557,0.76328903,-0.39360332,1.2475569,1.04782,-0.5771066
1747679455.2188892,-0.26681557,0.76328903,-0.39360332,1.2475569,1.04782,-0.5771066
1747679455.219422,-0.26681557,0.76328903,-0.39360332,1.2475569,1.04782,-0.5771066
1747679455.2199612,-0.26681557,0.76328903,-0.39360332,1.2475569,1.04782,-0.5771066
1747679455.2205138,-0.26681557,0.76328903,-0.39360332,1.2475569,1.04782,-0.5771066
1747679455.2210765,-0.3180676,0.74376446,-0.4502246,1.2475569,1.04782,-0.5771066
1747679455.221624,-0.3180676,0.74376446,-0.4502246,1.2475569,1.04782,-0.5771066
1747679455.222161,-0.3180676,0.74376446,-0.4502246,1.2550137,0.9562073,-0.5675192
1747679455.2226942,-0.3180676,0.74376446,-0.4502246,1.2550137,0.9562073,-0.5675192
1747679455.2232366,-0.3180676,0.74376446,-0.4502246,1.2550137,0.9562073,-0.5675192
1747679455.223802,-0.3180676,0.74376446,-0.4502246,1.2550137,0.9562073,-0.5675192
1747679455.2243643,-0.3180676,0.74376446,-0.4502246,1.2550137,0.9562073,-0.5675192
1747679455.2249186,-0.3180676,0.74376446,-0.4502246,1.2550137,0.9562073,-0.5675192
1747679455.225462,-0.3180676,0.74376446,-0.4502246,1.2550137,0.9562073,-0.5675192
1747679455.225995,-0.3180676,0.74376446,-0.4502246,1.2550137,0.9562073,-0.5675192
1747679455.2265267,-0.3180676,0.74376446,-0.4502246,1.2550137,0.9562073,-0.5675192
1747679455.2270586,-0.3180676,0.74376446,-0.4502246,1.2550137,0.9562073,-0.5675192
1747679455.2275896,-0.3180676,0.74376446,-0.4502246,1.2550137,0.9562073,-0.5675192
1747679455.228121,-0.3180676,0.74376446,-0.4502246,1.2550137,0.9562073,-0.5675192
1747679455.2286522,-0.3180676,0.74376446,-0.4502246,1.2550137,0.9562073,-0.5675192
1747679455.2291834,-0.3180676,0.74376446,-0.4502246,1.2550137,0.9562073,-0.5675192
1747679455.2297144,-0.3180676,0.74376446,-0.4502246,1.2550137,0.9562073,-0.5675192
1747679455.230247,-0.3180676,0.74376446,-0.4502246,1.2550137,0.9562073,-0.5675192
1747679455.2307718,-0.3180676,0.74376446,-0.4502246,1.2550137,0.9562073,-0.5675192
1747679455.2312913,-0.3654147,0.7354665,-0.51026267,1.2550137,0.9562073,-0.5675192
1747679455.2318487,-0.3654147,0.7354665,-0.51026267,1.2550137,0.9562073,-0.5675192
1747679455.2324622,-0.3654147,0.7354665,-0.51026267,1.2550137,0.9562073,-0.5675192
1747679455.233004,-0.3654147,0.7354665,-0.51026267,1.2550137,0.9562073,-0.5675192
1747679455.233548,-0.3654147,0.7354665,-0.51026267,1.2688621,0.8294409,-0.530235
1747679455.234091,-0.3654147,0.7354665,-0.51026267,1.2688621,0.8294409,-0.530235
1747679455.234624,-0.3654147,0.7354665,-0.51026267,1.2688621,0.8294409,-0.530235
1747679455.2351594,-0.3654147,0.7354665,-0.51026267,1.2688621,0.8294409,-0.530235
1747679455.2357323,-0.3654147,0.7354665,-0.51026267,1.2688621,0.8294409,-0.530235
1747679455.236296,-0.3654147,0.7354665,-0.51026267,1.2688621,0.8294409,-0.530235
1747679455.2368417,-0.3654147,0.7354665,-0.51026267,1.2688621,0.8294409,-0.530235
1747679455.2374234,-0.3654147,0.7354665,-0.51026267,1.2688621,0.8294409,-0.530235
1747679455.2379444,-0.3654147,0.7354665,-0.51026267,1.2688621,0.8294409,-0.530235
1747679455.238463,-0.3654147,0.7354665,-0.51026267,1.2688621,0.8294409,-0.530235
1747679455.2389815,-0.3654147,0.7354665,-0.51026267,1.2688621,0.8294409,-0.530235
1747679455.2394996,-0.3654147,0.7354665,-0.51026267,1.2688621,0.8294409,-0.530235
1747679455.2400174,-0.3654147,0.7354665,-0.51026267,1.2688621,0.8294409,-0.530235
1747679455.2405353,-0.3654147,0.7354665,-0.51026267,1.2688621,0.8294409,-0.530235
1747679455.241053,-0.3654147,0.7354665,-0.51026267,1.2688621,0.8294409,-0.530235
1747679455.2415748,-0.4210598,0.72765666,-0.60398066,1.2901675,0.6558029,-0.46418864
1747679455.2420938,-0.4210598,0.72765666,-0.60398066,1.2901675,0.6558029,-0.46418864
1747679455.2426121,-0.4210598,0.72765666,-0.60398066,1.2901675,0.6558029,-0.46418864
1747679455.2431307,-0.4210598,0.72765666,-0.60398066,1.2901675,0.6558029,-0.46418864
1747679455.243657,-0.4210598,0.72765666,-0.60398066,1.2901675,0.6558029,-0.46418864
1747679455.2441843,-0.4210598,0.72765666,-0.60398066,1.2901675,0.6558029,-0.46418864
1747679455.2447042,-0.4210598,0.72765666,-0.60398066,1.2901675,0.6558029,-0.46418864
1747679455.2452223,-0.4210598,0.72765666,-0.60398066,1.2901675,0.6558029,-0.46418864
1747679455.245741,-0.4210598,0.72765666,-0.60398066,1.2901675,0.6558029,-0.46418864
1747679455.246259,-0.4210598,0.72765666,-0.60398066,1.2901675,0.6558029,-0.46418864
1747679455.2468083,-0.4210598,0.72765666,-0.60398066,1.2901675,0.6558029,-0.46418864
1747679455.2473555,-0.4210598,0.72765666,-0.60398066,1.2901675,0.6558029,-0.46418864
1747679455.2478795,-0.4210598,0.72765666,-0.60398066,1.2901675,0.6558029,-0.46418864
1747679455.2483983,-0.4210598,0.72765666,-0.60398066,1.2901675,0.6558029,-0.46418864
1747679455.2489161,-0.4210598,0.72765666,-0.60398066,1.2901675,0.6558029,-0.46418864
1747679455.2494345,-0.4210598,0.72765666,-0.60398066,1.2901675,0.6558029,-0.46418864
1747679455.2499526,-0.4210598,0.72765666,-0.60398066,1.2901675,0.6558029,-0.46418864
1747679455.2504988,-0.4210598,0.72765666,-0.60398066,1.2901675,0.6558029,-0.46418864
1747679455.251044,-0.4210598,0.72765666,-0.60398066,1.2901675,0.6558029,-0.46418864
1747679455.2515821,-0.4210598,0.72765666,-0.60398066,1.2901675,0.6558029,-0.46418864
1747679455.252136,-0.4210598,0.72765666,-0.60398066,1.2901675,0.6558029,-0.46418864
1747679455.2526698,-0.4210598,0.72765666,-0.60398066,1.2901675,0.6558029,-0.46418864
1747679455.2531986,-0.4723118,0.712037,-0.7338191,1.2752538,0.44488072,-0.35233596
1747679455.2537274,-0.4723118,0.712037,-0.7338191,1.2752538,0.44488072,-0.35233596
1747679455.2542586,-0.4723118,0.712037,-0.7338191,1.2752538,0.44488072,-0.35233596
1747679455.254781,-0.4723118,0.712037,-0.7338191,1.2752538,0.44488072,-0.35233596
1747679455.255302,-0.4723118,0.712037,-0.7338191,1.2752538,0.44488072,-0.35233596
1747679455.2558231,-0.4723118,0.712037,-0.7338191,1.2752538,0.44488072,-0.35233596
1747679455.256344,-0.4723118,0.712037,-0.7338191,1.2752538,0.44488072,-0.35233596
1747679455.256865,-0.4723118,0.712037,-0.7338191,1.2752538,0.44488072,-0.35233596
1747679455.2573857,-0.4723118,0.712037,-0.7338191,1.2752538,0.44488072,-0.35233596
1747679455.2579067,-0.4723118,0.712037,-0.7338191,1.2752538,0.44488072,-0.35233596
1747679455.2584271,-0.4723118,0.712037,-0.7338191,1.2752538,0.44488072,-0.35233596
1747679455.2589486,-0.4723118,0.712037,-0.7338191,1.2752538,0.44488072,-0.35233596
1747679455.2594695,-0.4723118,0.712037,-0.7338191,1.2752538,0.44488072,-0.35233596
1747679455.2599902,-0.4723118,0.712037,-0.7338191,1.2752538,0.44488072,-0.35233596
1747679455.260511,-0.4723118,0.712037,-0.7338191,1.2752538,0.44488072,-0.35233596
1747679455.2610316,-0.4723118,0.712037,-0.7338191,1.2752538,0.44488072,-0.35233596
1747679455.2615523,-0.4723118,0.712037,-0.7338191,1.2752538,0.44488072,-0.35233596
1747679455.2621675,-0.4723118,0.712037,-0.7338191,1.2752538,0.44488072,-0.35233596
1747679455.2627242,-0.4723118,0.712037,-0.7338191,1.203881,0.2850912,-0.24367906
1747679455.2632563,-0.4723118,0.712037,-0.7338191,1.203881,0.2850912,-0.24367906
1747679455.2639248,-0.5059917,0.70081043,-0.8548715,1.203881,0.2850912,-0.24367906
1747679455.2644775,-0.5059917,0.70081043,-0.8548715,1.203881,0.2850912,-0.24367906
1747679455.265006,-0.5059917,0.70081043,-0.8548715,1.203881,0.2850912,-0.24367906
1747679455.265528,-0.5059917,0.70081043,-0.8548715,1.203881,0.2850912,-0.24367906
1747679455.266049,-0.5059917,0.70081043,-0.8548715,1.203881,0.2850912,-0.24367906
1747679455.2665703,-0.5059917,0.70081043,-0.8548715,1.203881,0.2850912,-0.24367906
1747679455.267104,-0.5059917,0.70081043,-0.8548715,1.203881,0.2850912,-0.24367906
1747679455.2676702,-0.5059917,0.70081043,-0.8548715,1.203881,0.2850912,-0.24367906
1747679455.268225,-0.5059917,0.70081043,-0.8548715,1.203881,0.2850912,-0.24367906
1747679455.2687757,-0.5059917,0.70081043,-0.8548715,1.203881,0.2850912,-0.24367906
1747679455.269783,-0.5059917,0.70081043,-0.8548715,1.203881,0.2850912,-0.24367906
1747679455.2703075,-0.53479046,0.69348866,-0.9715309,1.203881,0.2850912,-0.24367906
1747679455.270827,-0.53479046,0.69348866,-0.9715309,1.203881,0.2850912,-0.24367906
1747679455.2713459,-0.53479046,0.69348866,-0.9715309,1.203881,0.2850912,-0.24367906
1747679455.2718647,-0.53479046,0.69348866,-0.9715309,1.062201,0.15193322,-0.13395691
1747679455.272383,-0.53479046,0.69348866,-0.9715309,1.062201,0.15193322,-0.13395691
1747679455.272901,-0.53479046,0.69348866,-0.9715309,1.062201,0.15193322,-0.13395691
1747679455.2734196,-0.53479046,0.69348866,-0.9715309,1.062201,0.15193322,-0.13395691
1747679455.2739377,-0.53479046,0.69348866,-0.9715309,1.062201,0.15193322,-0.13395691
1747679455.2744644,-0.53479046,0.69348866,-0.9715309,1.062201,0.15193322,-0.13395691
1747679455.274992,-0.53479046,0.69348866,-0.9715309,1.062201,0.15193322,-0.13395691
1747679455.2755122,-0.53479046,0.69348866,-0.9715309,1.062201,0.15193322,-0.13395691
1747679455.2760308,-0.53479046,0.69348866,-0.9715309,1.062201,0.15193322,-0.13395691
1747679455.2765489,-0.53479046,0.69348866,-0.9715309,1.062201,0.15193322,-0.13395691
1747679455.2770934,-0.53479046,0.69348866,-0.9715309,1.062201,0.15193322,-0.13395691
1747679455.2776449,-0.53479046,0.69348866,-0.9715309,1.062201,0.15193322,-0.13395691
1747679455.2781696,-0.53479046,0.69348866,-0.9715309,1.062201,0.15193322,-0.13395691
1747679455.2786882,-0.53479046,0.69348866,-0.9715309,1.062201,0.15193322,-0.13395691
1747679455.2792068,-0.53479046,0.69348866,-0.9715309,1.062201,0.15193322,-0.13395691
1747679455.279725,-0.53479046,0.69348866,-0.9715309,1.062201,0.15193322,-0.13395691
1747679455.2802432,-0.53479046,0.69348866,-0.9715309,1.062201,0.15193322,-0.13395691
1747679455.2807617,-0.53479046,0.69348866,-0.9715309,1.062201,0.15193322,-0.13395691
1747679455.281307,-0.53479046,0.69348866,-0.9715309,1.062201,0.15193322,-0.13395691
1747679455.2818418,-0.53479046,0.69348866,-0.9715309,1.062201,0.15193322,-0.13395691
1747679455.2823768,-0.53479046,0.69348866,-0.9715309,1.062201,0.15193322,-0.13395691
1747679455.2829287,-0.53479046,0.69348866,-0.9715309,1.062201,0.15193322,-0.13395691
1747679455.2834826,-0.53479046,0.69348866,-0.9715309,1.062201,0.15193322,-0.13395691
1747679455.2840188,-0.53479046,0.69348866,-0.9715309,1.062201,0.15193322,-0.13395691
1747679455.2846487,-0.53479046,0.69348866,-0.9715309,1.062201,0.15193322,-0.13395691
1747679455.2851806,-0.549922,0.6812858,-1.0579271,0.8629967,0.040080544,-0.013582111
1747679455.2857,-0.549922,0.6812858,-1.0579271,0.8629967,0.040080544,-0.013582111
1747679455.2862184,-0.549922,0.6812858,-1.0579271,0.8629967,0.040080544,-0.013582111
1747679455.286737,-0.549922,0.6812858,-1.0579271,0.8629967,0.040080544,-0.013582111
1747679455.287255,-0.549922,0.6812858,-1.0579271,0.8629967,0.040080544,-0.013582111
1747679455.2877731,-0.549922,0.6812858,-1.0579271,0.8629967,0.040080544,-0.013582111
1747679455.2882912,-0.549922,0.6812858,-1.0579271,0.8629967,0.040080544,-0.013582111
1747679455.2888103,-0.549922,0.6812858,-1.0579271,0.8629967,0.040080544,-0.013582111
1747679455.2893286,-0.549922,0.6812858,-1.0579271,0.8629967,0.040080544,-0.013582111
1747679455.289847,-0.549922,0.6812858,-1.0579271,0.8629967,0.040080544,-0.013582111
1747679455.290365,-0.549922,0.6812858,-1.0579271,0.8629967,0.040080544,-0.013582111
1747679455.2908835,-0.549922,0.6812858,-1.0579271,0.8629967,0.040080544,-0.013582111
1747679455.2914026,-0.549922,0.6812858,-1.0579271,0.8629967,0.040080544,-0.013582111
1747679455.291924,-0.549922,0.6812858,-1.0579271,0.8629967,0.040080544,-0.013582111
1747679455.292479,-0.549922,0.6812858,-1.0579271,0.5849629,-0.10692584,0.11318426
1747679455.2930672,-0.51721835,0.6807977,-1.1082029,0.5849629,-0.10692584,0.11318426
1747679455.293615,-0.51721835,0.6807977,-1.1082029,0.5849629,-0.10692584,0.11318426
1747679455.2941756,-0.51721835,0.6807977,-1.1082029,0.5849629,-0.10692584,0.11318426
1747679455.2947192,-0.51721835,0.6807977,-1.1082029,0.5849629,-0.10692584,0.11318426
1747679455.295244,-0.51721835,0.6807977,-1.1082029,0.5849629,-0.10692584,0.11318426
1747679455.2957628,-0.51721835,0.6807977,-1.1082029,0.5849629,-0.10692584,0.11318426
1747679455.296281,-0.51721835,0.6807977,-1.1082029,0.5849629,-0.10692584,0.11318426
1747679455.296799,-0.51721835,0.6807977,-1.1082029,0.5849629,-0.10692584,0.11318426
1747679455.2973173,-0.51721835,0.6807977,-1.1082029,0.5849629,-0.10692584,0.11318426
1747679455.297867,-0.51721835,0.6807977,-1.1082029,0.5849629,-0.10692584,0.11318426
1747679455.2984223,-0.51721835,0.6807977,-1.1082029,0.5849629,-0.10692584,0.11318426
1747679455.2989752,-0.51721835,0.6807977,-1.1082029,0.5849629,-0.10692584,0.11318426
1747679455.2995381,-0.51721835,0.6807977,-1.1082029,0.5849629,-0.10692584,0.11318426
1747679455.3000717,-0.51721835,0.6807977,-1.1082029,0.5849629,-0.10692584,0.11318426
1747679455.3005924,-0.51721835,0.6807977,-1.1082029,0.5849629,-0.10692584,0.11318426
1747679455.301111,-0.51721835,0.6807977,-1.1082029,0.5849629,-0.10692584,0.11318426
1747679455.3016384,-0.51721835,0.6807977,-1.1082029,0.5849629,-0.10692584,0.11318426
1747679455.30216,-0.48500276,0.67738086,-1.1189414,0.39215016,-0.2017343,0.16644745
1747679455.3026788,-0.48500276,0.67738086,-1.1189414,0.39215016,-0.2017343,0.16644745
1747679455.303197,-0.48500276,0.67738086,-1.1189414,0.39215016,-0.2017343,0.16644745
1747679455.3037236,-0.48500276,0.67738086,-1.1189414,0.39215016,-0.2017343,0.16644745
1747679455.3042514,-0.48500276,0.67738086,-1.1189414,0.39215016,-0.2017343,0.16644745
1747679455.3047712,-0.48500276,0.67738086,-1.1189414,0.39215016,-0.2017343,0.16644745
1747679455.3052893,-0.48500276,0.67738086,-1.1189414,0.39215016,-0.2017343,0.16644745
1747679455.3058083,-0.48500276,0.67738086,-1.1189414,0.39215016,-0.2017343,0.16644745
1747679455.3063269,-0.48500276,0.67738086,-1.1189414,0.39215016,-0.2017343,0.16644745
1747679455.3068447,-0.48500276,0.67738086,-1.1189414,0.39215016,-0.2017343,0.16644745
1747679455.3073628,-0.48500276,0.67738086,-1.1189414,0.39215016,-0.2017343,0.16644745
1747679455.3079047,-0.48500276,0.67738086,-1.1189414,0.39215016,-0.2017343,0.16644745
1747679455.3084526,-0.48500276,0.67738086,-1.1189414,0.39215016,-0.2017343,0.16644745
1747679455.3089848,-0.48500276,0.67738086,-1.1189414,0.39215016,-0.2017343,0.16644745
1747679455.3095045,-0.48500276,0.67738086,-1.1189414,0.39215016,-0.2017343,0.16644745
1747679455.3100226,-0.48500276,0.67738086,-1.1189414,0.39215016,-0.2017343,0.16644745
1747679455.3105438,-0.48500276,0.67738086,-1.1189414,0.39215016,-0.2017343,0.16644745
1747679455.3110669,-0.48500276,0.67738086,-1.1189414,0.39215016,-0.2017343,0.16644745
1747679455.3115873,-0.460597,0.6842145,-1.121382,0.39215016,-0.2017343,0.16644745
1747679455.3121061,-0.460597,0.6842145,-1.121382,0.14927007,-0.34661016,0.20479694
1747679455.3126254,-0.460597,0.6842145,-1.121382,0.14927007,-0.34661016,0.20479694
1747679455.3131554,-0.460597,0.6842145,-1.121382,0.14927007,-0.34661016,0.20479694
1747679455.3137162,-0.460597,0.6842145,-1.121382,0.14927007,-0.34661016,0.20479694
1747679455.3142848,-0.460597,0.6842145,-1.121382,0.14927007,-0.34661016,0.20479694
1747679455.3148334,-0.460597,0.6842145,-1.121382,0.14927007,-0.34661016,0.20479694
1747679455.3153584,-0.460597,0.6842145,-1.121382,0.14927007,-0.34661016,0.20479694
1747679455.3158782,-0.460597,0.6842145,-1.121382,0.14927007,-0.34661016,0.20479694
1747679455.3163967,-0.460597,0.6842145,-1.121382,0.14927007,-0.34661016,0.20479694
1747679455.316915,-0.460597,0.6842145,-1.121382,0.14927007,-0.34661016,0.20479694
1747679455.3174334,-0.460597,0.6842145,-1.121382,0.14927007,-0.34661016,0.20479694
1747679455.3179517,-0.460597,0.6842145,-1.121382,0.14927007,-0.34661016,0.20479694
1747679455.31847,-0.460597,0.6842145,-1.121382,0.14927007,-0.34661016,0.20479694
1747679455.3189878,-0.460597,0.6842145,-1.121382,0.14927007,-0.34661016,0.20479694
1747679455.319506,-0.460597,0.6842145,-1.121382,0.14927007,-0.34661016,0.20479694
1747679455.3200238,-0.460597,0.6842145,-1.121382,0.14927007,-0.34661016,0.20479694
1747679455.3205428,-0.460597,0.6842145,-1.121382,-0.10532794,-0.48829022,0.23568958
1747679455.3210611,-0.460597,0.6842145,-1.121382,-0.10532794,-0.48829022,0.23568958
1747679455.3215797,-0.460597,0.6842145,-1.121382,-0.10532794,-0.48829022,0.23568958
1747679455.3220983,-0.460597,0.6842145,-1.121382,-0.10532794,-0.48829022,0.23568958
1747679455.322617,-0.45718023,0.70178664,-1.1121079,-0.10532794,-0.48829022,0.23568958
1747679455.323155,-0.45718023,0.70178664,-1.1121079,-0.10532794,-0.48829022,0.23568958
1747679455.323724,-0.45718023,0.70178664,-1.1121079,-0.10532794,-0.48829022,0.23568958
1747679455.3242807,-0.45718023,0.70178664,-1.1121079,-0.10532794,-0.48829022,0.23568958
1747679455.3248386,-0.45718023,0.70178664,-1.1121079,-0.10532794,-0.48829022,0.23568958
1747679455.3253777,-0.45718023,0.70178664,-1.1121079,-0.10532794,-0.48829022,0.23568958
1747679455.3259103,-0.45718023,0.70178664,-1.1121079,-0.10532794,-0.48829022,0.23568958
1747679455.3264294,-0.45718023,0.70178664,-1.1121079,-0.10532794,-0.48829022,0.23568958
1747679455.3269477,-0.45718023,0.70178664,-1.1121079,-0.10532794,-0.48829022,0.23568958
1747679455.3274658,-0.45718023,0.70178664,-1.1121079,-0.10532794,-0.48829022,0.23568958
1747679455.3279836,-0.45718023,0.70178664,-1.1121079,-0.10532794,-0.48829022,0.23568958
1747679455.3285298,-0.45718023,0.70178664,-1.1121079,-0.10532794,-0.48829022,0.23568958
1747679455.3290837,-0.45718023,0.70178664,-1.1121079,-0.10532794,-0.48829022,0.23568958
1747679455.3296356,-0.45718023,0.70178664,-1.1121079,-0.10532794,-0.48829022,0.23568958
1747679455.3301997,-0.45718023,0.70178664,-1.1121079,-0.10532794,-0.48829022,0.23568958
1747679455.3307335,-0.45718023,0.70178664,-1.1121079,-0.10532794,-0.48829022,0.23568958
1747679455.3312535,-0.45718023,0.70178664,-1.1121079,-0.10532794,-0.48829022,0.23568958
1747679455.3317723,-0.45718023,0.70178664,-1.1121079,-0.10532794,-0.48829022,0.23568958
1747679455.3322911,-0.456204,0.7066678,-1.0960001,-0.267248,-0.5617934,0.2559296
1747679455.332835,-0.456204,0.7066678,-1.0960001,-0.267248,-0.5617934,0.2559296
1747679455.333355,-0.456204,0.7066678,-1.0960001,-0.267248,-0.5617934,0.2559296
1747679455.333882,-0.456204,0.7066678,-1.0960001,-0.267248,-0.5617934,0.2559296
1747679455.33441,-0.456204,0.7066678,-1.0960001,-0.267248,-0.5617934,0.2559296
1747679455.3349302,-0.456204,0.7066678,-1.0960001,-0.267248,-0.5617934,0.2559296
1747679455.3354485,-0.456204,0.7066678,-1.0960001,-0.267248,-0.5617934,0.2559296
1747679455.3359668,-0.456204,0.7066678,-1.0960001,-0.267248,-0.5617934,0.2559296
1747679455.336485,-0.456204,0.7066678,-1.0960001,-0.267248,-0.5617934,0.2559296
1747679455.337003,-0.456204,0.7066678,-1.0960001,-0.267248,-0.5617934,0.2559296
1747679455.337521,-0.456204,0.7066678,-1.0960001,-0.267248,-0.5617934,0.2559296
1747679455.3380394,-0.456204,0.7066678,-1.0960001,-0.267248,-0.5617934,0.2559296
1747679455.3385801,-0.456204,0.7066678,-1.0960001,-0.267248,-0.5617934,0.2559296
1747679455.3391328,-0.456204,0.7066678,-1.0960001,-0.267248,-0.5617934,0.2559296
1747679455.3396764,-0.456204,0.7066678,-1.0960001,-0.267248,-0.5617934,0.2559296
1747679455.3402317,-0.456204,0.7066678,-1.0960001,-0.267248,-0.5617934,0.2559296
1747679455.340774,-0.456204,0.7066678,-1.0960001,-0.267248,-0.5617934,0.2559296
1747679455.341313,-0.456204,0.7066678,-1.0960001,-0.267248,-0.5617934,0.2559296
1747679455.3418713,-0.456204,0.7066678,-1.0960001,-0.267248,-0.5617934,0.2559296
1747679455.3424163,-0.456204,0.7066678,-1.0960001,-0.267248,-0.5617934,0.2559296
1747679455.3429463,-0.45718023,0.7110608,-1.0325452,-0.267248,-0.5617934,0.2559296
1747679455.3434744,-0.45718023,0.7110608,-1.0325452,-0.6028061,-0.6619282,0.31664962
1747679455.3440163,-0.45718023,0.7110608,-1.0325452,-0.6028061,-0.6619282,0.31664962
1747679455.344556,-0.45718023,0.7110608,-1.0325452,-0.6028061,-0.6619282,0.31664962
1747679455.3451114,-0.45718023,0.7110608,-1.0325452,-0.6028061,-0.6619282,0.31664962
1747679455.3456705,-0.45718023,0.7110608,-1.0325452,-0.6028061,-0.6619282,0.31664962
1747679455.3462226,-0.45718023,0.7110608,-1.0325452,-0.6028061,-0.6619282,0.31664962
1747679455.3467867,-0.45718023,0.7110608,-1.0325452,-0.6028061,-0.6619282,0.31664962
1747679455.3473203,-0.45718023,0.7110608,-1.0325452,-0.6028061,-0.6619282,0.31664962
1747679455.3478405,-0.45718023,0.7110608,-1.0325452,-0.6028061,-0.6619282,0.31664962
1747679455.3483589,-0.45718023,0.7110608,-1.0325452,-0.6028061,-0.6619282,0.31664962
1747679455.3488774,-0.45718023,0.7110608,-1.0325452,-0.6028061,-0.6619282,0.31664962
1747679455.3493955,-0.45718023,0.7110608,-1.0325452,-0.6028061,-0.6619282,0.31664962
1747679455.3499136,-0.45718023,0.7110608,-1.0325452,-0.6028061,-0.6619282,0.31664962
1747679455.3504314,-0.45718023,0.7110608,-1.0325452,-0.6028061,-0.6619282,0.31664962
1747679455.3509493,-0.45718023,0.7110608,-1.0325452,-0.6028061,-0.6619282,0.31664962
1747679455.3514676,-0.45718023,0.7110608,-1.0325452,-0.6028061,-0.6619282,0.31664962
1747679455.3519857,-0.45718023,0.7110608,-1.0325452,-0.6028061,-0.6619282,0.31664962
1747679455.3525107,-0.45718023,0.7110608,-1.0325452,-0.6028061,-0.6619282,0.31664962
1747679455.353032,-0.45718023,0.71984684,-0.94468457,-0.87551355,-0.7087998,0.37950018
1747679455.3535695,-0.45718023,0.71984684,-0.94468457,-0.87551355,-0.7087998,0.37950018
1747679455.3541415,-0.45718023,0.71984684,-0.94468457,-0.87551355,-0.7087998,0.37950018
1747679455.3547044,-0.45718023,0.71984684,-0.94468457,-0.87551355,-0.7087998,0.37950018
1747679455.3552577,-0.45718023,0.71984684,-0.94468457,-0.87551355,-0.7087998,0.37950018
1747679455.3558028,-0.45718023,0.71984684,-0.94468457,-0.87551355,-0.7087998,0.37950018
1747679455.3563385,-0.45718023,0.71984684,-0.94468457,-0.87551355,-0.7087998,0.37950018
1747679455.3568604,-0.45718023,0.71984684,-0.94468457,-0.87551355,-0.7087998,0.37950018
1747679455.3573816,-0.45718023,0.71984684,-0.94468457,-0.87551355,-0.7087998,0.37950018
1747679455.3579028,-0.45718023,0.71984684,-0.94468457,-0.87551355,-0.7087998,0.37950018
1747679455.3584235,-0.45718023,0.71984684,-0.94468457,-0.87551355,-0.7087998,0.37950018
1747679455.3589444,-0.45718023,0.71984684,-0.94468457,-0.87551355,-0.7087998,0.37950018
1747679455.3594651,-0.45718023,0.71984684,-0.94468457,-0.87551355,-0.7087998,0.37950018
1747679455.3599858,-0.45718023,0.71984684,-0.94468457,-0.87551355,-0.7087998,0.37950018
1747679455.36052,-0.45718023,0.71984684,-0.94468457,-0.87551355,-0.7087998,0.37950018
1747679455.3610911,-0.45718023,0.71984684,-0.94468457,-0.87551355,-0.7087998,0.37950018
1747679455.3616488,-0.45718023,0.71984684,-0.94468457,-0.87551355,-0.7087998,0.37950018
1747679455.3622,-0.45718023,0.71984684,-0.94468457,-0.87551355,-0.7087998,0.37950018
1747679455.3627355,-0.45718023,0.71984684,-0.94468457,-0.87551355,-0.7087998,0.37950018
1747679455.363264,-0.45718023,0.71984684,-0.94468457,-0.87551355,-0.7087998,0.37950018
1747679455.363793,-0.4522991,0.7408358,-0.8124056,-0.87551355,-0.7087998,0.37950018
1747679455.3643167,-0.4522991,0.7408358,-0.8124056,-0.87551355,-0.7087998,0.37950018
1747679455.3648388,-0.4522991,0.7408358,-0.8124056,-0.87551355,-0.7087998,0.37950018
1747679455.3653607,-0.4522991,0.7408358,-0.8124056,-1.1588737,-0.7492798,0.4732434
1747679455.3658817,-0.4522991,0.7408358,-0.8124056,-1.1588737,-0.7492798,0.4732434
1747679455.3664026,-0.4522991,0.7408358,-0.8124056,-1.1588737,-0.7492798,0.4732434
1747679455.3669236,-0.4522991,0.7408358,-0.8124056,-1.1588737,-0.7492798,0.4732434
1747679455.367444,-0.4522991,0.7408358,-0.8124056,-1.1588737,-0.7492798,0.4732434
1747679455.3679647,-0.4522991,0.7408358,-0.8124056,-1.1588737,-0.7492798,0.4732434
1747679455.3684855,-0.4522991,0.7408358,-0.8124056,-1.1588737,-0.7492798,0.4732434
1747679455.3690338,-0.4522991,0.7408358,-0.8124056,-1.1588737,-0.7492798,0.4732434
1747679455.3697128,-0.4522991,0.7408358,-0.8124056,-1.1588737,-0.7492798,0.4732434
1747679455.3702412,-0.4522991,0.7408358,-0.8124056,-1.1588737,-0.7492798,0.4732434
1747679455.3707652,-0.42350036,0.7349784,-0.68500763,-1.3367727,-0.77697664,0.5510076
1747679455.3712866,-0.42350036,0.7349784,-0.68500763,-1.3367727,-0.77697664,0.5510076
1747679455.3718057,-0.42350036,0.7349784,-0.68500763,-1.3367727,-0.77697664,0.5510076
1747679455.3723245,-0.42350036,0.7349784,-0.68500763,-1.3367727,-0.77697664,0.5510076
1747679455.3728428,-0.42350036,0.7349784,-0.68500763,-1.3367727,-0.77697664,0.5510076
1747679455.37337,-0.42350036,0.7349784,-0.68500763,-1.3367727,-0.77697664,0.5510076
1747679455.373904,-0.42350036,0.7349784,-0.68500763,-1.3367727,-0.77697664,0.5510076
1747679455.3744237,-0.42350036,0.7349784,-0.68500763,-1.3367727,-0.77697664,0.5510076
1747679455.3749416,-0.42350036,0.7349784,-0.68500763,-1.3367727,-0.77697664,0.5510076
1747679455.37546,-0.42350036,0.7349784,-0.68500763,-1.3367727,-0.77697664,0.5510076
1747679455.376006,-0.42350036,0.7349784,-0.68500763,-1.3367727,-0.77697664,0.5510076
1747679455.376567,-0.42350036,0.7349784,-0.68500763,-1.3367727,-0.77697664,0.5510076
1747679455.3771207,-0.42350036,0.7349784,-0.68500763,-1.3367727,-0.77697664,0.5510076
1747679455.377684,-0.42350036,0.7349784,-0.68500763,-1.3367727,-0.77697664,0.5510076
1747679455.378218,-0.42350036,0.7349784,-0.68500763,-1.3367727,-0.77697664,0.5510076
1747679455.3787377,-0.42350036,0.7349784,-0.68500763,-1.3367727,-0.77697664,0.5510076
1747679455.3792562,-0.42350036,0.7349784,-0.68500763,-1.3367727,-0.77697664,0.5510076
1747679455.3797755,-0.3517475,0.7154538,-0.5395496,-1.3367727,-0.77697664,0.5510076
1747679455.380294,-0.3517475,0.7154538,-0.5395496,-1.3367727,-0.77697664,0.5510076
1747679455.380813,-0.3517475,0.7154538,-0.5395496,-1.3367727,-0.77697664,0.5510076
1747679455.3813314,-0.3517475,0.7154538,-0.5395496,-1.434777,-0.782303,0.59148765
1747679455.38185,-0.3517475,0.7154538,-0.5395496,-1.434777,-0.782303,0.59148765
1747679455.382368,-0.3517475,0.7154538,-0.5395496,-1.434777,-0.782303,0.59148765
1747679455.3828864,-0.3517475,0.7154538,-0.5395496,-1.434777,-0.782303,0.59148765
1747679455.383413,-0.3517475,0.7154538,-0.5395496,-1.434777,-0.782303,0.59148765
1747679455.383955,-0.3517475,0.7154538,-0.5395496,-1.434777,-0.782303,0.59148765
1747679455.3844957,-0.3517475,0.7154538,-0.5395496,-1.434777,-0.782303,0.59148765
1747679455.3850338,-0.3517475,0.7154538,-0.5395496,-1.434777,-0.782303,0.59148765
1747679455.3855894,-0.3517475,0.7154538,-0.5395496,-1.434777,-0.782303,0.59148765
1747679455.3861306,-0.3517475,0.7154538,-0.5395496,-1.434777,-0.782303,0.59148765
1747679455.386664,-0.3517475,0.7154538,-0.5395496,-1.434777,-0.782303,0.59148765
1747679455.3871837,-0.3517475,0.7154538,-0.5395496,-1.434777,-0.782303,0.59148765
1747679455.3877022,-0.3517475,0.7154538,-0.5395496,-1.434777,-0.782303,0.59148765
1747679455.3882208,-0.3517475,0.7154538,-0.5395496,-1.434777,-0.782303,0.59148765
1747679455.388739,-0.3517475,0.7154538,-0.5395496,-1.434777,-0.782303,0.59148765
1747679455.3892572,-0.3517475,0.7154538,-0.5395496,-1.434777,-0.782303,0.59148765
1747679455.3897755,-0.3517475,0.7154538,-0.5395496,-1.434777,-0.782303,0.59148765
1747679455.3902938,-0.3517475,0.7154538,-0.5395496,-1.434777,-0.782303,0.59148765
1747679455.3908117,-0.3517475,0.7154538,-0.5395496,-1.434777,-0.782303,0.59148765
1747679455.3913615,-0.3517475,0.7154538,-0.5395496,-1.434777,-0.782303,0.59148765
1747679455.3919258,-0.3517475,0.7154538,-0.5395496,-1.434777,-0.782303,0.59148765
1747679455.3924832,-0.3517475,0.7154538,-0.5395496,-1.434777,-0.782303,0.59148765
1747679455.3930311,-0.3517475,0.7154538,-0.5395496,-1.4401033,-0.7652588,0.5882918
1747679455.3935826,-0.30147174,0.6959292,-0.41410413,-1.4401033,-0.7652588,0.5882918
1747679455.3941407,-0.30147174,0.6959292,-0.41410413,-1.4401033,-0.7652588,0.5882918
1747679455.3946648,-0.30147174,0.6959292,-0.41410413,-1.4401033,-0.7652588,0.5882918
1747679455.3951838,-0.30147174,0.6959292,-0.41410413,-1.4401033,-0.7652588,0.5882918
1747679455.3957026,-0.30147174,0.6959292,-0.41410413,-1.4401033,-0.7652588,0.5882918
1747679455.396221,-0.30147174,0.6959292,-0.41410413,-1.4401033,-0.7652588,0.5882918
1747679455.396739,-0.30147174,0.6959292,-0.41410413,-1.4401033,-0.7652588,0.5882918
1747679455.3972576,-0.30147174,0.6959292,-0.41410413,-1.4401033,-0.7652588,0.5882918
1747679455.3977757,-0.30147174,0.6959292,-0.41410413,-1.4401033,-0.7652588,0.5882918
1747679455.3982935,-0.30147174,0.6959292,-0.41410413,-1.4401033,-0.7652588,0.5882918
1747679455.3988116,-0.30147174,0.6959292,-0.41410413,-1.4401033,-0.7652588,0.5882918
1747679455.3993466,-0.30147174,0.6959292,-0.41410413,-1.4401033,-0.7652588,0.5882918
1747679455.3998911,-0.30147174,0.6959292,-0.41410413,-1.4401033,-0.7652588,0.5882918
1747679455.4004157,-0.30147174,0.6959292,-0.41410413,-1.4401033,-0.7652588,0.5882918
1747679455.4009352,-0.30147174,0.6959292,-0.41410413,-1.4401033,-0.7652588,0.5882918
1747679455.4014535,-0.30147174,0.6959292,-0.41410413,-1.4401033,-0.7652588,0.5882918
1747679455.4019718,-0.30147174,0.6959292,-0.41410413,-1.4401033,-0.7652588,0.5882918
1747679455.40249,-0.30147174,0.6959292,-0.41410413,-1.4401033,-0.7652588,0.5882918
1747679455.403008,-0.30147174,0.6959292,-0.41410413,-1.4401033,-0.7652588,0.5882918
1747679455.403535,-0.27560166,0.68323827,-0.3316128,-1.4401033,-0.7652588,0.5882918
1747679455.4040656,-0.27560166,0.68323827,-0.3316128,-1.4401033,-0.7652588,0.5882918
1747679455.4046113,-0.27560166,0.68323827,-0.3316128,-1.3719264,-0.7588672,0.55526865
1747679455.4051456,-0.27560166,0.68323827,-0.3316128,-1.3719264,-0.7588672,0.55526865
1747679455.4056666,-0.27560166,0.68323827,-0.3316128,-1.3719264,-0.7588672,0.55526865
1747679455.4061868,-0.27560166,0.68323827,-0.3316128,-1.3719264,-0.7588672,0.55526865
1747679455.406718,-0.27560166,0.68323827,-0.3316128,-1.3719264,-0.7588672,0.55526865
1747679455.4072912,-0.27560166,0.68323827,-0.3316128,-1.3719264,-0.7588672,0.55526865
1747679455.407859,-0.27560166,0.68323827,-0.3316128,-1.3719264,-0.7588672,0.55526865
1747679455.4083908,-0.27560166,0.68323827,-0.3316128,-1.3719264,-0.7588672,0.55526865
1747679455.40891,-0.27560166,0.68323827,-0.3316128,-1.3719264,-0.7588672,0.55526865
1747679455.4094286,-0.27560166,0.68323827,-0.3316128,-1.3719264,-0.7588672,0.55526865
1747679455.4099472,-0.27560166,0.68323827,-0.3316128,-1.3719264,-0.7588672,0.55526865
1747679455.4104652,-0.27560166,0.68323827,-0.3316128,-1.3719264,-0.7588672,0.55526865
1747679455.410984,-0.27560166,0.68323827,-0.3316128,-1.3719264,-0.7588672,0.55526865
1747679455.4115028,-0.2848758,0.6729879,-0.311112,-1.2600738,-0.80147773,0.5147886
1747679455.412021,-0.2848758,0.6729879,-0.311112,-1.2600738,-0.80147773,0.5147886
1747679455.4125392,-0.2848758,0.6729879,-0.311112,-1.2600738,-0.80147773,0.5147886
1747679455.4130573,-0.2848758,0.6729879,-0.311112,-1.2600738,-0.80147773,0.5147886
1747679455.4135754,-0.2848758,0.6729879,-0.311112,-1.2600738,-0.80147773,0.5147886
1747679455.4141026,-0.2848758,0.6729879,-0.311112,-1.2600738,-0.80147773,0.5147886
1747679455.4146502,-0.2848758,0.6729879,-0.311112,-1.2600738,-0.80147773,0.5147886
1747679455.4152157,-0.2848758,0.6729879,-0.311112,-1.2600738,-0.80147773,0.5147886
1747679455.4157546,-0.2848758,0.6729879,-0.311112,-1.2600738,-0.80147773,0.5147886
1747679455.4162912,-0.2848758,0.6729879,-0.311112,-1.2600738,-0.80147773,0.5147886
1747679455.416824,-0.2848758,0.6729879,-0.311112,-1.2600738,-0.80147773,0.5147886
1747679455.417344,-0.2848758,0.6729879,-0.311112,-1.2600738,-0.80147773,0.5147886
1747679455.417863,-0.2848758,0.6729879,-0.311112,-1.2600738,-0.80147773,0.5147886
1747679455.418381,-0.2848758,0.6729879,-0.311112,-1.2600738,-0.80147773,0.5147886
1747679455.418899,-0.2848758,0.6729879,-0.311112,-1.2600738,-0.80147773,0.5147886
1747679455.419417,-0.2848758,0.6729879,-0.311112,-1.2600738,-0.80147773,0.5147886
1747679455.4199374,-0.2848758,0.6729879,-0.311112,-1.2600738,-0.80147773,0.5147886
1747679455.4205115,-0.2848758,0.6729879,-0.311112,-1.1780484,-0.8898946,0.50946236
1747679455.4210308,-0.2848758,0.6729879,-0.311112,-1.1780484,-0.8898946,0.50946236
1747679455.4215488,-0.2848758,0.6729879,-0.311112,-1.1780484,-0.8898946,0.50946236
1747679455.4220674,-0.34003276,0.66810673,-0.3657808,-1.1780484,-0.8898946,0.50946236
1747679455.4225867,-0.34003276,0.66810673,-0.3657808,-1.1780484,-0.8898946,0.50946236
1747679455.4231348,-0.34003276,0.66810673,-0.3657808,-1.1780484,-0.8898946,0.50946236
1747679455.42369,-0.34003276,0.66810673,-0.3657808,-1.1780484,-0.8898946,0.50946236
1747679455.424254,-0.34003276,0.66810673,-0.3657808,-1.1780484,-0.8898946,0.50946236
1747679455.4248228,-0.34003276,0.66810673,-0.3657808,-1.1780484,-0.8898946,0.50946236
1747679455.4253528,-0.34003276,0.66810673,-0.3657808,-1.1780484,-0.8898946,0.50946236
1747679455.425872,-0.34003276,0.66810673,-0.3657808,-1.1780484,-0.8898946,0.50946236
1747679455.4263904,-0.34003276,0.66810673,-0.3657808,-1.1780484,-0.8898946,0.50946236
1747679455.4269094,-0.34003276,0.66810673,-0.3657808,-1.1780484,-0.8898946,0.50946236
1747679455.4274275,-0.34003276,0.66810673,-0.3657808,-1.1780484,-0.8898946,0.50946236
1747679455.427946,-0.34003276,0.66810673,-0.3657808,-1.1780484,-0.8898946,0.50946236
1747679455.4284642,-0.34003276,0.66810673,-0.3657808,-1.1780484,-0.8898946,0.50946236
1747679455.428982,-0.34003276,0.66810673,-0.3657808,-1.1780484,-0.8898946,0.50946236
1747679455.4295006,-0.34003276,0.66810673,-0.3657808,-1.1780484,-0.8898946,0.50946236
1747679455.4300659,-0.34003276,0.66810673,-0.3657808,-1.1780484,-0.8898946,0.50946236
1747679455.4306107,-0.34003276,0.66810673,-0.3657808,-1.1780484,-0.8898946,0.50946236
1747679455.4311357,-0.34003276,0.66810673,-0.3657808,-1.1780484,-0.8898946,0.50946236
1747679455.431655,-0.40055898,0.6739641,-0.45754632,-1.188701,-0.99748623,0.5691171
1747679455.4321733,-0.40055898,0.6739641,-0.45754632,-1.188701,-0.99748623,0.5691171
1747679455.432694,-0.40055898,0.6739641,-0.45754632,-1.188701,-0.99748623,0.5691171
1747679455.433212,-0.40055898,0.6739641,-0.45754632,-1.188701,-0.99748623,0.5691171
1747679455.4337392,-0.40055898,0.6739641,-0.45754632,-1.188701,-0.99748623,0.5691171
1747679455.4342735,-0.40055898,0.6739641,-0.45754632,-1.188701,-0.99748623,0.5691171
1747679455.4347935,-0.40055898,0.6739641,-0.45754632,-1.188701,-0.99748623,0.5691171
1747679455.4353118,-0.40055898,0.6739641,-0.45754632,-1.188701,-0.99748623,0.5691171
1747679455.4358299,-0.40055898,0.6739641,-0.45754632,-1.188701,-0.99748623,0.5691171
1747679455.436348,-0.40055898,0.6739641,-0.45754632,-1.188701,-0.99748623,0.5691171
1747679455.4368658,-0.40055898,0.6739641,-0.45754632,-1.188701,-0.99748623,0.5691171
1747679455.4374185,-0.40055898,0.6739641,-0.45754632,-1.188701,-0.99748623,0.5691171
1747679455.4379401,-0.40055898,0.6739641,-0.45754632,-1.188701,-0.99748623,0.5691171
1747679455.4384623,-0.40055898,0.6739641,-0.45754632,-1.188701,-0.99748623,0.5691171
1747679455.4392784,-0.40055898,0.6739641,-0.45754632,-1.188701,-0.99748623,0.5691171
1747679455.4398422,-0.40055898,0.6739641,-0.45754632,-1.188701,-0.99748623,0.5691171
1747679455.440392,-0.40055898,0.6739641,-0.45754632,-1.188701,-0.99748623,0.5691171
1747679455.440919,-0.40055898,0.6739641,-0.45754632,-1.188701,-0.99748623,0.5691171
1747679455.441439,-0.40055898,0.6739641,-0.45754632,-1.188701,-0.99748623,0.5691171
1747679455.4419575,-0.40055898,0.6739641,-0.45754632,-1.188701,-0.99748623,0.5691171
1747679455.4424822,-0.44497737,0.682262,-0.5405258,-1.188701,-0.99748623,0.5691171
1747679455.4430022,-0.44497737,0.682262,-0.5405258,-1.188701,-0.99748623,0.5691171
1747679455.4435225,-0.44497737,0.682262,-0.5405258,-1.3239895,-1.1093389,0.6862961
1747679455.4440572,-0.44497737,0.682262,-0.5405258,-1.3239895,-1.1093389,0.6862961
1747679455.444596,-0.44497737,0.682262,-0.5405258,-1.3239895,-1.1093389,0.6862961
1747679455.4452662,-0.44497737,0.682262,-0.5405258,-1.3239895,-1.1093389,0.6862961
1747679455.4458294,-0.44497737,0.682262,-0.5405258,-1.3239895,-1.1093389,0.6862961
1747679455.4463768,-0.44497737,0.682262,-0.5405258,-1.3239895,-1.1093389,0.6862961
1747679455.4469223,-0.44497737,0.682262,-0.5405258,-1.3239895,-1.1093389,0.6862961
1747679455.447455,-0.44497737,0.682262,-0.5405258,-1.3239895,-1.1093389,0.6862961
1747679455.447975,-0.44497737,0.682262,-0.5405258,-1.3239895,-1.1093389,0.6862961
1747679455.4484928,-0.44497737,0.682262,-0.5405258,-1.3239895,-1.1093389,0.6862961
1747679455.4490116,-0.44497737,0.682262,-0.5405258,-1.3239895,-1.1093389,0.6862961
1747679455.4495296,-0.44497737,0.682262,-0.5405258,-1.3239895,-1.1093389,0.6862961
1747679455.4500477,-0.44497737,0.682262,-0.5405258,-1.3239895,-1.1093389,0.6862961
1747679455.4505658,-0.44497737,0.682262,-0.5405258,-1.3239895,-1.1093389,0.6862961
1747679455.4510841,-0.44497737,0.682262,-0.5405258,-1.3239895,-1.1093389,0.6862961
1747679455.451609,-0.44497737,0.682262,-0.5405258,-1.3239895,-1.1093389,0.6862961
1747679455.4521325,-0.44497737,0.682262,-0.5405258,-1.3239895,-1.1093389,0.6862961
1747679455.4526541,-0.44497737,0.682262,-0.5405258,-1.3239895,-1.1093389,0.6862961
1747679455.4531739,-0.44497737,0.682262,-0.5405258,-1.3239895,-1.1093389,0.6862961
1747679455.4536965,-0.4283815,0.69739354,-0.55126435,-1.5029539,-1.1913642,0.80560565
1747679455.454261,-0.4283815,0.69739354,-0.55126435,-1.5029539,-1.1913642,0.80560565
1747679455.4551249,-0.4283815,0.69739354,-0.55126435,-1.5029539,-1.1913642,0.80560565
1747679455.4556923,-0.4283815,0.69739354,-0.55126435,-1.5029539,-1.1913642,0.80560565
1747679455.456239,-0.4283815,0.69739354,-0.55126435,-1.5029539,-1.1913642,0.80560565
1747679455.4567742,-0.4283815,0.69739354,-0.55126435,-1.5029539,-1.1913642,0.80560565
1747679455.4572961,-0.4283815,0.69739354,-0.55126435,-1.5029539,-1.1913642,0.80560565
1747679455.45783,-0.4283815,0.69739354,-0.55126435,-1.5029539,-1.1913642,0.80560565
1747679455.4583735,-0.4283815,0.69739354,-0.55126435,-1.5029539,-1.1913642,0.80560565
1747679455.4588985,-0.4283815,0.69739354,-0.55126435,-1.5029539,-1.1913642,0.80560565
1747679455.4594193,-0.4283815,0.69739354,-0.55126435,-1.5029539,-1.1913642,0.80560565
1747679455.4599402,-0.4283815,0.69739354,-0.55126435,-1.5029539,-1.1913642,0.80560565
1747679455.4604902,-0.4283815,0.69739354,-0.55126435,-1.5029539,-1.1913642,0.80560565
1747679455.4610343,-0.4283815,0.69739354,-0.55126435,-1.5029539,-1.1913642,0.80560565
1747679455.4615622,-0.4283815,0.69739354,-0.55126435,-1.5029539,-1.1913642,0.80560565
1747679455.4620836,-0.4283815,0.69739354,-0.55126435,-1.5029539,-1.1913642,0.80560565
1747679455.4626043,-0.4283815,0.69739354,-0.55126435,-1.5029539,-1.1913642,0.80560565
1747679455.463125,-0.4283815,0.69739354,-0.55126435,-1.5029539,-1.1913642,0.80560565
1747679455.463663,-0.4283815,0.69739354,-0.55126435,-1.5029539,-1.1913642,0.80560565
1747679455.464205,-0.3312467,0.68714315,-0.473166,-1.5029539,-1.1913642,0.80560565
1747679455.464736,-0.3312467,0.68714315,-0.473166,-1.806554,-1.2414316,0.9440899
1747679455.4652588,-0.3312467,0.68714315,-0.473166,-1.806554,-1.2414316,0.9440899
1747679455.46578,-0.3312467,0.68714315,-0.473166,-1.806554,-1.2414316,0.9440899
1747679455.466301,-0.3312467,0.68714315,-0.473166,-1.806554,-1.2414316,0.9440899
1747679455.466822,-0.3312467,0.68714315,-0.473166,-1.806554,-1.2414316,0.9440899
1747679455.4673429,-0.3312467,0.68714315,-0.473166,-1.806554,-1.2414316,0.9440899
1747679455.4678636,-0.3312467,0.68714315,-0.473166,-1.806554,-1.2414316,0.9440899
1747679455.468384,-0.3312467,0.68714315,-0.473166,-1.806554,-1.2414316,0.9440899
1747679455.4689047,-0.3312467,0.68714315,-0.473166,-1.806554,-1.2414316,0.9440899
1747679455.4694285,-0.3312467,0.68714315,-0.473166,-1.806554,-1.2414316,0.9440899
1747679455.4699516,-0.3312467,0.68714315,-0.473166,-1.806554,-1.2414316,0.9440899
1747679455.47079,-0.3312467,0.68714315,-0.473166,-1.806554,-1.2414316,0.9440899
1747679455.471348,-0.3312467,0.68714315,-0.473166,-1.806554,-1.2414316,0.9440899
1747679455.4718804,-0.3312467,0.68714315,-0.473166,-1.806554,-1.2414316,0.9440899
1747679455.4724002,-0.3312467,0.68714315,-0.473166,-1.806554,-1.2414316,0.9440899
1747679455.472919,-0.3312467,0.68714315,-0.473166,-1.806554,-1.2414316,0.9440899
1747679455.4734378,-0.3312467,0.68714315,-0.473166,-1.806554,-1.2414316,0.9440899
1747679455.4739733,-0.3312467,0.68714315,-0.473166,-1.806554,-1.2414316,0.9440899
1747679455.474521,-0.3312467,0.68714315,-0.473166,-1.806554,-1.2414316,0.9440899
1747679455.4750497,-0.3312467,0.68714315,-0.473166,-1.806554,-1.2414316,0.9440899
1747679455.47574,-0.24924345,0.65980875,-0.33698204,-1.806554,-1.2414316,0.9440899
1747679455.4763026,-0.24924345,0.65980875,-0.33698204,-1.806554,-1.2414316,0.9440899
1747679455.476863,-0.24924345,0.65980875,-0.33698204,-2.020672,-1.2137347,0.9962878
1747679455.4775307,-0.24924345,0.65980875,-0.33698204,-2.020672,-1.2137347,0.9962878
1747679455.478065,-0.24924345,0.65980875,-0.33698204,-2.020672,-1.2137347,0.9962878
1747679455.4785874,-0.24924345,0.65980875,-0.33698204,-2.020672,-1.2137347,0.9962878
1747679455.4791095,-0.24924345,0.65980875,-0.33698204,-2.020672,-1.2137347,0.9962878
1747679455.4796326,-0.24924345,0.65980875,-0.33698204,-2.020672,-1.2137347,0.9962878
1747679455.4801514,-0.24924345,0.65980875,-0.33698204,-2.020672,-1.2137347,0.9962878
1747679455.4806697,-0.24924345,0.65980875,-0.33698204,-2.020672,-1.2137347,0.9962878
1747679455.4811878,-0.24924345,0.65980875,-0.33698204,-2.020672,-1.2137347,0.9962878
1747679455.4817057,-0.24924345,0.65980875,-0.33698204,-2.020672,-1.2137347,0.9962878
1747679455.4822242,-0.24924345,0.65980875,-0.33698204,-2.020672,-1.2137347,0.9962878
1747679455.482742,-0.24924345,0.65980875,-0.33698204,-2.020672,-1.2137347,0.9962878
1747679455.4832602,-0.24924345,0.65980875,-0.33698204,-2.020672,-1.2137347,0.9962878
1747679455.4837782,-0.24924345,0.65980875,-0.33698204,-2.020672,-1.2137347,0.9962878
1747679455.4843132,-0.24924345,0.65980875,-0.33698204,-2.020672,-1.2137347,0.9962878
1747679455.4848635,-0.24924345,0.65980875,-0.33698204,-2.020672,-1.2137347,0.9962878
1747679455.4859352,-0.24924345,0.65980875,-0.33698204,-2.020672,-1.2137347,0.9962878
1747679455.486489,-0.1999439,0.63198626,-0.18176164,-2.1474383,-1.1189263,1.0101362
1747679455.487022,-0.1999439,0.63198626,-0.18176164,-2.1474383,-1.1189263,1.0101362
1747679455.4875414,-0.1999439,0.63198626,-0.18176164,-2.1474383,-1.1189263,1.0101362
1747679455.4880602,-0.1999439,0.63198626,-0.18176164,-2.1474383,-1.1189263,1.0101362
1747679455.4885788,-0.1999439,0.63198626,-0.18176164,-2.1474383,-1.1189263,1.0101362
1747679455.4890966,-0.1999439,0.63198626,-0.18176164,-2.1474383,-1.1189263,1.0101362
1747679455.4896145,-0.1999439,0.63198626,-0.18176164,-2.1474383,-1.1189263,1.0101362
1747679455.4901328,-0.1999439,0.63198626,-0.18176164,-2.1474383,-1.1189263,1.0101362
1747679455.490655,-0.1999439,0.63198626,-0.18176164,-2.1474383,-1.1189263,1.0101362
1747679455.4911995,-0.1999439,0.63198626,-0.18176164,-2.1474383,-1.1189263,1.0101362
1747679455.491763,-0.1999439,0.63198626,-0.18176164,-2.1474383,-1.1189263,1.0101362
1747679455.4923224,-0.1999439,0.63198626,-0.18176164,-2.1474383,-1.1189263,1.0101362
1747679455.4928703,-0.1999439,0.63198626,-0.18176164,-2.1474383,-1.1189263,1.0101362
1747679455.4934182,-0.1999439,0.63198626,-0.18176164,-2.1474383,-1.1189263,1.0101362
1747679455.4939587,-0.17553817,0.609533,-0.04118466,-2.1698089,-0.9878989,1.013332
1747679455.4944816,-0.17553817,0.609533,-0.04118466,-2.1698089,-0.9878989,1.013332
1747679455.4950006,-0.17553817,0.609533,-0.04118466,-2.1698089,-0.9878989,1.013332
1747679455.4955192,-0.17553817,0.609533,-0.04118466,-2.1698089,-0.9878989,1.013332
1747679455.4960377,-0.17553817,0.609533,-0.04118466,-2.1698089,-0.9878989,1.013332
1747679455.4965558,-0.17553817,0.609533,-0.04118466,-2.1698089,-0.9878989,1.013332
1747679455.4970741,-0.17553817,0.609533,-0.04118466,-2.1698089,-0.9878989,1.013332
1747679455.497592,-0.17553817,0.609533,-0.04118466,-2.1698089,-0.9878989,1.013332
1747679455.4981103,-0.17553817,0.609533,-0.04118466,-2.1698089,-0.9878989,1.013332
1747679455.498628,-0.17553817,0.609533,-0.04118466,-2.1698089,-0.9878989,1.013332
1747679455.499146,-0.17553817,0.609533,-0.04118466,-2.1698089,-0.9878989,1.013332
1747679455.499667,-0.17553817,0.609533,-0.04118466,-2.1698089,-0.9878989,1.013332
1747679455.5001953,-0.17553817,0.609533,-0.04118466,-2.1698089,-0.9878989,1.013332
1747679455.5016365,-0.14966811,0.5895203,0.032032512,-2.1698089,-0.9878989,1.013332
1747679455.5021832,-0.14966811,0.5895203,0.032032512,-2.1037626,-0.86645883,1.0122668
1747679455.502716,-0.14966811,0.5895203,0.032032512,-2.1037626,-0.86645883,1.0122668
1747679455.5032358,-0.14966811,0.5895203,0.032032512,-2.1037626,-0.86645883,1.0122668
1747679455.503772,-0.14966811,0.5895203,0.032032512,-2.1037626,-0.86645883,1.0122668
1747679455.504318,-0.14966811,0.5895203,0.032032512,-2.1037626,-0.86645883,1.0122668
1747679455.5048423,-0.14966811,0.5895203,0.032032512,-2.1037626,-0.86645883,1.0122668
1747679455.505361,-0.14966811,0.5895203,0.032032512,-2.1037626,-0.86645883,1.0122668
1747679455.5060306,-0.14966811,0.5895203,0.032032512,-2.1037626,-0.86645883,1.0122668
1747679455.5065868,-0.14966811,0.5895203,0.032032512,-2.1037626,-0.86645883,1.0122668
1747679455.5071282,-0.14966811,0.5895203,0.032032512,-2.1037626,-0.86645883,1.0122668
1747679455.5078654,-0.14966811,0.5895203,0.032032512,-2.1037626,-0.86645883,1.0122668
1747679455.5084004,-0.14966811,0.5895203,0.032032512,-2.1037626,-0.86645883,1.0122668
1747679455.50892,-0.14966811,0.5895203,0.032032512,-2.1037626,-0.86645883,1.0122668
1747679455.5094383,-0.14966811,0.5895203,0.032032512,-2.1037626,-0.86645883,1.0122668
1747679455.5099564,-0.14966811,0.5895203,0.032032512,-2.1037626,-0.86645883,1.0122668
1747679455.5104785,-0.13551278,0.5802461,0.034473088,-2.1037626,-0.86645883,1.0122668
1747679455.5110006,-0.13551278,0.5802461,0.034473088,-2.1037626,-0.86645883,1.0122668
1747679455.5115225,-0.13551278,0.5802461,0.034473088,-2.1037626,-0.86645883,1.0122668
1747679455.5120466,-0.13551278,0.5802461,0.034473088,-2.0196066,-0.8057388,0.9962878
1747679455.5125678,-0.13551278,0.5802461,0.034473088,-2.0196066,-0.8057388,0.9962878
1747679455.5130873,-0.13551278,0.5802461,0.034473088,-2.0196066,-0.8057388,0.9962878
1747679455.5136056,-0.13551278,0.5802461,0.034473088,-2.0196066,-0.8057388,0.9962878
1747679455.5141408,-0.13551278,0.5802461,0.034473088,-2.0196066,-0.8057388,0.9962878
1747679455.5146868,-0.13551278,0.5802461,0.034473088,-2.0196066,-0.8057388,0.9962878
1747679455.515211,-0.13551278,0.5802461,0.034473088,-2.0196066,-0.8057388,0.9962878
1747679455.5157344,-0.13551278,0.5802461,0.034473088,-2.0196066,-0.8057388,0.9962878
1747679455.5162563,-0.13551278,0.5802461,0.034473088,-2.0196066,-0.8057388,0.9962878
1747679455.516779,-0.13551278,0.5802461,0.034473088,-2.0196066,-0.8057388,0.9962878
1747679455.5183692,-0.13551278,0.5802461,0.034473088,-2.0196066,-0.8057388,0.9962878
1747679455.518919,-0.13551278,0.5802461,0.034473088,-2.0196066,-0.8057388,0.9962878
1747679455.5194516,-0.13551278,0.5802461,0.034473088,-2.0196066,-0.8057388,0.9962878
1747679455.5199733,-0.13551278,0.5802461,0.034473088,-2.0196066,-0.8057388,0.9962878
1747679455.5204988,-0.15503736,0.58512723,-0.040696546,-2.0196066,-0.8057388,0.9962878
1747679455.5210404,-0.15503736,0.58512723,-0.040696546,-2.0196066,-0.8057388,0.9962878
1747679455.5215971,-0.15503736,0.58512723,-0.040696546,-1.927994,-0.79508615,0.9792436
1747679455.5221388,-0.15503736,0.58512723,-0.040696546,-1.927994,-0.79508615,0.9792436
1747679455.5226648,-0.15503736,0.58512723,-0.040696546,-1.927994,-0.79508615,0.9792436
1747679455.5231843,-0.15503736,0.58512723,-0.040696546,-1.927994,-0.79508615,0.9792436
1747679455.5237029,-0.15503736,0.58512723,-0.040696546,-1.927994,-0.79508615,0.9792436
1747679455.524236,-0.15503736,0.58512723,-0.040696546,-1.927994,-0.79508615,0.9792436
1747679455.5247815,-0.15503736,0.58512723,-0.040696546,-1.927994,-0.79508615,0.9792436
1747679455.5253062,-0.15503736,0.58512723,-0.040696546,-1.927994,-0.79508615,0.9792436
1747679455.525825,-0.15503736,0.58512723,-0.040696546,-1.927994,-0.79508615,0.9792436
1747679455.5263433,-0.15503736,0.58512723,-0.040696546,-1.927994,-0.79508615,0.9792436
1747679455.5268617,-0.15503736,0.58512723,-0.040696546,-1.927994,-0.79508615,0.9792436
1747679455.52738,-0.15503736,0.58512723,-0.040696546,-1.927994,-0.79508615,0.9792436
1747679455.527898,-0.15503736,0.58512723,-0.040696546,-1.927994,-0.79508615,0.9792436
1747679455.5284164,-0.15503736,0.58512723,-0.040696546,-1.927994,-0.79508615,0.9792436
1747679455.5289347,-0.15503736,0.58512723,-0.040696546,-1.927994,-0.79508615,0.9792436
1747679455.5294528,-0.15503736,0.58512723,-0.040696546,-1.927994,-0.79508615,0.9792436
1747679455.529971,-0.15503736,0.58512723,-0.040696546,-1.927994,-0.79508615,0.9792436
1747679455.530491,-0.15503736,0.58512723,-0.040696546,-1.927994,-0.79508615,0.9792436
1747679455.5310175,-0.15503736,0.58512723,-0.040696546,-1.927994,-0.79508615,0.9792436
1747679455.5315406,-0.15503736,0.58512723,-0.040696546,-1.927994,-0.79508615,0.9792436
1747679455.5320659,-0.16040663,0.6129498,-0.14759362,-1.9407772,-0.93250513,0.9845699
1747679455.5325918,-0.16040663,0.6129498,-0.14759362,-1.9407772,-0.93250513,0.9845699
1747679455.5340037,-0.16040663,0.6129498,-0.14759362,-1.9407772,-0.93250513,0.9845699
1747679455.5345595,-0.16040663,0.6129498,-0.14759362,-1.9407772,-0.93250513,0.9845699
1747679455.5350988,-0.16040663,0.6129498,-0.14759362,-1.9407772,-0.93250513,0.9845699
1747679455.5356357,-0.16040663,0.6129498,-0.14759362,-1.9407772,-0.93250513,0.9845699
1747679455.5366936,-0.16040663,0.6129498,-0.14759362,-1.9407772,-0.93250513,0.9845699
1747679455.5375586,-0.16040663,0.6129498,-0.14759362,-1.9407772,-0.93250513,0.9845699
1747679455.538119,-0.16040663,0.6129498,-0.14759362,-1.9407772,-0.93250513,0.9845699
1747679455.5386703,-0.16040663,0.6129498,-0.14759362,-1.9407772,-0.93250513,0.9845699
1747679455.5392036,-0.16040663,0.6129498,-0.14759362,-1.9407772,-0.93250513,0.9845699
1747679455.5397236,-0.16040663,0.6129498,-0.14759362,-1.9407772,-0.93250513,0.9845699
1747679455.5402422,-0.16040663,0.6129498,-0.14759362,-1.9407772,-0.93250513,0.9845699
1747679455.5407605,-0.16040663,0.6129498,-0.14759362,-1.9407772,-0.93250513,0.9845699
1747679455.541279,-0.16040663,0.6129498,-0.14759362,-1.9407772,-0.93250513,0.9845699
1747679455.5417974,-0.16040663,0.6129498,-0.14759362,-1.9407772,-0.93250513,0.9845699
1747679455.5423217,-0.13795336,0.6275932,-0.22373948,-1.9407772,-0.93250513,0.9845699
1747679455.5428438,-0.13795336,0.6275932,-0.22373948,-2.0707393,-1.1359705,0.9994836
1747679455.5433633,-0.13795336,0.6275932,-0.22373948,-2.0707393,-1.1359705,0.9994836
1747679455.5438848,-0.13795336,0.6275932,-0.22373948,-2.0707393,-1.1359705,0.9994836
1747679455.5444214,-0.13795336,0.6275932,-0.22373948,-2.0707393,-1.1359705,0.9994836
1747679455.5449665,-0.13795336,0.6275932,-0.22373948,-2.0707393,-1.1359705,0.9994836
1747679455.545491,-0.13795336,0.6275932,-0.22373948,-2.0707393,-1.1359705,0.9994836
1747679455.5460095,-0.13795336,0.6275932,-0.22373948,-2.0707393,-1.1359705,0.9994836
1747679455.5465274,-0.13795336,0.6275932,-0.22373948,-2.0707393,-1.1359705,0.9994836
1747679455.5470457,-0.13795336,0.6275932,-0.22373948,-2.0707393,-1.1359705,0.9994836
1747679455.547568,-0.13795336,0.6275932,-0.22373948,-2.0707393,-1.1359705,0.9994836
1747679455.5498176,-0.13795336,0.6275932,-0.22373948,-2.0707393,-1.1359705,0.9994836
1747679455.550379,-0.13795336,0.6275932,-0.22373948,-2.0707393,-1.1359705,0.9994836
1747679455.5509267,-0.13795336,0.6275932,-0.22373948,-2.0707393,-1.1359705,0.9994836
1747679455.5514996,-0.13795336,0.6275932,-0.22373948,-2.0707393,-1.1359705,0.9994836
1747679455.5520496,-0.13795336,0.6275932,-0.22373948,-2.0707393,-1.1359705,0.9994836
1747679455.552598,-0.13795336,0.6275932,-0.22373948,-2.2401164,-1.3149348,1.009071
1747679455.553165,-0.12379804,0.6280813,-0.24326405,-2.2401164,-1.3149348,1.009071
1747679455.5537553,-0.12379804,0.6280813,-0.24326405,-2.2401164,-1.3149348,1.009071
1747679455.5543003,-0.12379804,0.6280813,-0.24326405,-2.2401164,-1.3149348,1.009071
1747679455.5548391,-0.12379804,0.6280813,-0.24326405,-2.2401164,-1.3149348,1.009071
1747679455.5553792,-0.12379804,0.6280813,-0.24326405,-2.2401164,-1.3149348,1.009071
1747679455.555936,-0.12379804,0.6280813,-0.24326405,-2.2401164,-1.3149348,1.009071
1747679455.5564952,-0.12379804,0.6280813,-0.24326405,-2.2401164,-1.3149348,1.009071
1747679455.5570326,-0.12379804,0.6280813,-0.24326405,-2.2401164,-1.3149348,1.009071
1747679455.557558,-0.12379804,0.6280813,-0.24326405,-2.2401164,-1.3149348,1.009071
1747679455.558079,-0.12379804,0.6280813,-0.24326405,-2.2401164,-1.3149348,1.009071
1747679455.5586002,-0.12379804,0.6280813,-0.24326405,-2.2401164,-1.3149348,1.009071
1747679455.559121,-0.12379804,0.6280813,-0.24326405,-2.2401164,-1.3149348,1.009071
1747679455.5596418,-0.12379804,0.6280813,-0.24326405,-2.2401164,-1.3149348,1.009071
1747679455.5601625,-0.12379804,0.6280813,-0.24326405,-2.2401164,-1.3149348,1.009071
1747679455.560683,-0.12379804,0.6280813,-0.24326405,-2.2401164,-1.3149348,1.009071
1747679455.5612035,-0.12379804,0.6280813,-0.24326405,-2.2401164,-1.3149348,1.009071
1747679455.5617242,-0.12379804,0.6280813,-0.24326405,-2.2401164,-1.3149348,1.009071
1747679455.5622444,-0.12379804,0.6280813,-0.24326405,-2.2401164,-1.3149348,1.009071
1747679455.5627716,-0.12379804,0.6280813,-0.24326405,-2.2401164,-1.3149348,1.009071
1747679455.563356,-0.12379804,0.6280813,-0.24326405,-2.2401164,-1.3149348,1.009071
1747679455.5639143,-0.12379804,0.6280813,-0.24326405,-2.2401164,-1.3149348,1.009071
1747679455.5644665,-0.12379804,0.6280813,-0.24326405,-2.2401164,-1.3149348,1.009071
1747679455.5649989,-0.12379804,0.6280813,-0.24326405,-2.5085628,-1.5184002,1.0388983
1747679455.5655215,-0.12379804,0.6280813,-0.24326405,-2.5085628,-1.5184002,1.0388983
1747679455.5660465,-0.11794066,0.6119736,-0.16955878,-2.5085628,-1.5184002,1.0388983
1747679455.5666442,-0.11794066,0.6119736,-0.16955878,-2.5085628,-1.5184002,1.0388983
1747679455.567205,-0.11794066,0.6119736,-0.16955878,-2.5085628,-1.5184002,1.0388983
1747679455.5677483,-0.11794066,0.6119736,-0.16955878,-2.5085628,-1.5184002,1.0388983
1747679455.5682886,-0.11794066,0.6119736,-0.16955878,-2.5085628,-1.5184002,1.0388983
1747679455.5707283,-0.11794066,0.6119736,-0.16955878,-2.5085628,-1.5184002,1.0388983
1747679455.5713525,-0.11794066,0.6119736,-0.16955878,-2.5085628,-1.5184002,1.0388983
1747679455.5718749,-0.11794066,0.6119736,-0.16955878,-2.5085628,-1.5184002,1.0388983
1747679455.572394,-0.11794066,0.6119736,-0.16955878,-2.5085628,-1.5184002,1.0388983
1747679455.5729122,-0.11794066,0.6119736,-0.16955878,-2.5085628,-1.5184002,1.0388983
1747679455.5734305,-0.11794066,0.6119736,-0.16955878,-2.5085628,-1.5184002,1.0388983
1747679455.5739665,-0.11794066,0.6119736,-0.16955878,-2.5085628,-1.5184002,1.0388983
1747679455.5745118,-0.11794066,0.6119736,-0.16955878,-2.5085628,-1.5184002,1.0388983
1747679455.575037,-0.11794066,0.6119736,-0.16955878,-2.5085628,-1.5184002,1.0388983
1747679455.5755556,-0.11794066,0.6119736,-0.16955878,-2.5085628,-1.5184002,1.0388983
1747679455.576074,-0.11794066,0.6119736,-0.16955878,-2.5085628,-1.5184002,1.0388983
1747679455.5765922,-0.11794066,0.6119736,-0.16955878,-2.5085628,-1.5184002,1.0388983
1747679455.5771124,-0.11794066,0.6119736,-0.16955878,-2.5085628,-1.5184002,1.0388983
1747679455.5776374,-0.13844147,0.5607215,0.071569785,-2.7578344,-1.5791202,1.130511
1747679455.578158,-0.13844147,0.5607215,0.071569785,-2.7578344,-1.5791202,1.130511
1747679455.578681,-0.13844147,0.5607215,0.071569785,-2.7578344,-1.5791202,1.130511
1747679455.579373,-0.13844147,0.5607215,0.071569785,-2.7578344,-1.5791202,1.130511
1747679455.579931,-0.13844147,0.5607215,0.071569785,-2.7578344,-1.5791202,1.130511
1747679455.5804644,-0.13844147,0.5607215,0.071569785,-2.7578344,-1.5791202,1.130511
1747679455.5809844,-0.13844147,0.5607215,0.071569785,-2.7578344,-1.5791202,1.130511
1747679455.5815217,-0.13844147,0.5607215,0.071569785,-2.7578344,-1.5791202,1.130511
1747679455.582069,-0.13844147,0.5607215,0.071569785,-2.7578344,-1.5791202,1.130511
1747679455.5825944,-0.13844147,0.5607215,0.071569785,-2.7578344,-1.5791202,1.130511
1747679455.5831547,-0.13844147,0.5607215,0.071569785,-2.7578344,-1.5791202,1.130511
1747679455.5837264,-0.13844147,0.5607215,0.071569785,-2.7578344,-1.5791202,1.130511
1747679455.584277,-0.13844147,0.5607215,0.071569785,-2.7578344,-1.5791202,1.130511
1747679455.5848265,-0.1462513,0.5026359,0.28682828,-2.820685,-1.4779202,1.2657995
1747679455.585352,-0.1462513,0.5026359,0.28682828,-2.820685,-1.4779202,1.2657995
1747679455.585872,-0.1462513,0.5026359,0.28682828,-2.820685,-1.4779202,1.2657995
1747679455.5863905,-0.1462513,0.5026359,0.28682828,-2.820685,-1.4779202,1.2657995
1747679455.5869088,-0.1462513,0.5026359,0.28682828,-2.820685,-1.4779202,1.2657995
1747679455.5874276,-0.1462513,0.5026359,0.28682828,-2.820685,-1.4779202,1.2657995
1747679455.5879452,-0.1462513,0.5026359,0.28682828,-2.820685,-1.4779202,1.2657995
1747679455.5884655,-0.1462513,0.5026359,0.28682828,-2.820685,-1.4779202,1.2657995
1747679455.589008,-0.1462513,0.5026359,0.28682828,-2.820685,-1.4779202,1.2657995
1747679455.5895455,-0.1462513,0.5026359,0.28682828,-2.820685,-1.4779202,1.2657995
1747679455.590078,-0.1462513,0.5026359,0.28682828,-2.820685,-1.4779202,1.2657995
1747679455.5905979,-0.1462513,0.5026359,0.28682828,-2.820685,-1.4779202,1.2657995
1747679455.5911164,-0.1462513,0.5026359,0.28682828,-2.820685,-1.4779202,1.2657995
1747679455.5916352,-0.1462513,0.5026359,0.28682828,-2.820685,-1.4779202,1.2657995
1747679455.5921583,-0.13844147,0.46114618,0.43667942,-2.7216156,-1.2563453,1.4607427
1747679455.592679,-0.13844147,0.46114618,0.43667942,-2.7216156,-1.2563453,1.4607427
1747679455.593197,-0.13844147,0.46114618,0.43667942,-2.7216156,-1.2563453,1.4607427
1747679455.5937312,-0.13844147,0.46114618,0.43667942,-2.7216156,-1.2563453,1.4607427
1747679455.5942767,-0.13844147,0.46114618,0.43667942,-2.7216156,-1.2563453,1.4607427
1747679455.594806,-0.13844147,0.46114618,0.43667942,-2.7216156,-1.2563453,1.4607427
1747679455.5953584,-0.13844147,0.46114618,0.43667942,-2.7216156,-1.2563453,1.4607427
1747679455.5959196,-0.13844147,0.46114618,0.43667942,-2.7216156,-1.2563453,1.4607427
1747679455.5964773,-0.13844147,0.46114618,0.43667942,-2.7216156,-1.2563453,1.4607427
1747679455.5971422,-0.13844147,0.46114618,0.43667942,-2.7216156,-1.2563453,1.4607427
1747679455.5977042,-0.13844147,0.46114618,0.43667942,-2.7216156,-1.2563453,1.4607427
1747679455.598258,-0.13844147,0.46114618,0.43667942,-2.7216156,-1.2563453,1.4607427
1747679455.5988092,-0.13844147,0.46114618,0.43667942,-2.7216156,-1.2563453,1.4607427
1747679455.599352,-0.13844147,0.46114618,0.43667942,-2.7216156,-1.2563453,1.4607427
1747679455.6001775,-0.13844147,0.46114618,0.43667942,-2.7216156,-1.2563453,1.4607427
1747679455.6007254,-0.13844147,0.46114618,0.43667942,-2.6055017,-1.09336,1.5768565
1747679455.6012855,-0.05399767,0.4548007,0.47084746,-2.6055017,-1.09336,1.5768565
1747679455.6018224,-0.05399767,0.4548007,0.47084746,-2.6055017,-1.09336,1.5768565
1747679455.6023555,-0.05399767,0.4548007,0.47084746,-2.6055017,-1.09336,1.5768565
1747679455.6028755,-0.05399767,0.4548007,0.47084746,-2.6055017,-1.09336,1.5768565
1747679455.603394,-0.05399767,0.4548007,0.47084746,-2.6055017,-1.09336,1.5768565
1747679455.6039312,-0.05399767,0.4548007,0.47084746,-2.6055017,-1.09336,1.5768565
1747679455.6044762,-0.05399767,0.4548007,0.47084746,-2.6055017,-1.09336,1.5768565
1747679455.605001,-0.05399767,0.4548007,0.47084746,-2.6055017,-1.09336,1.5768565
1747679455.6055198,-0.05399767,0.4548007,0.47084746,-2.6055017,-1.09336,1.5768565
1747679455.6060383,-0.05399767,0.4548007,0.47084746,-2.6055017,-1.09336,1.5768565
1747679455.606556,-0.05399767,0.4548007,0.47084746,-2.6055017,-1.09336,1.5768565
1747679455.607074,-0.05399767,0.4548007,0.47084746,-2.6055017,-1.09336,1.5768565
1747679455.6075916,-0.05399767,0.4548007,0.47084746,-2.6055017,-1.09336,1.5768565
1747679455.6081095,-0.05399767,0.4548007,0.47084746,-2.6055017,-1.09336,1.5768565
1747679455.608627,-0.05399767,0.4548007,0.47084746,-2.6055017,-1.09336,1.5768565
1747679455.609145,-0.05399767,0.4548007,0.47084746,-2.6055017,-1.09336,1.5768565
1747679455.6096625,-0.05399767,0.4548007,0.47084746,-2.6055017,-1.09336,1.5768565
1747679455.6101842,-0.05399767,0.4548007,0.47084746,-2.6055017,-1.09336,1.5768565
1747679455.6107116,-0.05399767,0.4548007,0.47084746,-2.6055017,-1.09336,1.5768565
1747679455.6119685,0.10659201,0.468956,0.404952,-2.6055017,-1.09336,1.5768565
1747679455.6125329,0.10659201,0.468956,0.404952,-2.505367,-0.8941557,1.6322502
1747679455.613078,0.10659201,0.468956,0.404952,-2.505367,-0.8941557,1.6322502
1747679455.6136024,0.10659201,0.468956,0.404952,-2.505367,-0.8941557,1.6322502
1747679455.6141338,0.10659201,0.468956,0.404952,-2.505367,-0.8941557,1.6322502
1747679455.6146698,0.10659201,0.468956,0.404952,-2.505367,-0.8941557,1.6322502
1747679455.6151927,0.10659201,0.468956,0.404952,-2.505367,-0.8941557,1.6322502
1747679455.6157115,0.10659201,0.468956,0.404952,-2.505367,-0.8941557,1.6322502
1747679455.6162293,0.10659201,0.468956,0.404952,-2.505367,-0.8941557,1.6322502
1747679455.6167479,0.10659201,0.468956,0.404952,-2.505367,-0.8941557,1.6322502
1747679455.617266,0.10659201,0.468956,0.404952,-2.505367,-0.8941557,1.6322502
1747679455.6177838,0.10659201,0.468956,0.404952,-2.505367,-0.8941557,1.6322502
1747679455.6183019,0.10659201,0.468956,0.404952,-2.505367,-0.8941557,1.6322502
1747679455.61882,0.10659201,0.468956,0.404952,-2.505367,-0.8941557,1.6322502
1747679455.6193378,0.10659201,0.468956,0.404952,-2.505367,-0.8941557,1.6322502
1747679455.6198559,0.10659201,0.468956,0.404952,-2.505367,-0.8941557,1.6322502
1747679455.620378,0.30281404,0.51337445,0.28243527,-2.505367,-0.8941557,1.6322502
1747679455.6209128,0.30281404,0.51337445,0.28243527,-2.505367,-0.8941557,1.6322502
1747679455.621451,0.30281404,0.51337445,0.28243527,-2.505367,-0.8941557,1.6322502
1747679455.621977,0.30281404,0.51337445,0.28243527,-2.5000405,-0.78656405,1.5310502
1747679455.622497,0.30281404,0.51337445,0.28243527,-2.5000405,-0.78656405,1.5310502
1747679455.6230154,0.30281404,0.51337445,0.28243527,-2.5000405,-0.78656405,1.5310502
1747679455.6235337,0.30281404,0.51337445,0.28243527,-2.5000405,-0.78656405,1.5310502
1747679455.6240518,0.30281404,0.51337445,0.28243527,-2.5000405,-0.78656405,1.5310502
1747679455.6245852,0.30281404,0.51337445,0.28243527,-2.5000405,-0.78656405,1.5310502
1747679455.6251273,0.30281404,0.51337445,0.28243527,-2.5000405,-0.78656405,1.5310502
1747679455.6256516,0.30281404,0.51337445,0.28243527,-2.5000405,-0.78656405,1.5310502
1747679455.6261747,0.30281404,0.51337445,0.28243527,-2.5000405,-0.78656405,1.5310502
1747679455.626726,0.30281404,0.51337445,0.28243527,-2.5000405,-0.78656405,1.5310502
1747679455.627408,0.30281404,0.51337445,0.28243527,-2.5000405,-0.78656405,1.5310502
1747679455.6279702,0.30281404,0.51337445,0.28243527,-2.5000405,-0.78656405,1.5310502
1747679455.6285198,0.30281404,0.51337445,0.28243527,-2.5000405,-0.78656405,1.5310502
1747679455.6290581,0.30281404,0.51337445,0.28243527,-2.5000405,-0.78656405,1.5310502
1747679455.6295905,0.30281404,0.51337445,0.28243527,-2.5000405,-0.78656405,1.5310502
1747679455.6301105,0.30281404,0.51337445,0.28243527,-2.5000405,-0.78656405,1.5310502
1747679455.630629,0.30281404,0.51337445,0.28243527,-2.5000405,-0.78656405,1.5310502
1747679455.631147,0.30281404,0.51337445,0.28243527,-2.5000405,-0.78656405,1.5310502
1747679455.6316674,0.30281404,0.51337445,0.28243527,-2.5000405,-0.78656405,1.5310502
1747679455.6321924,0.30281404,0.51337445,0.28243527,-2.5000405,-0.78656405,1.5310502
1747679455.6327155,0.44827217,0.567067,0.13502468,-2.5000405,-0.78656405,1.5310502
1747679455.633238,0.44827217,0.567067,0.13502468,-2.6257417,-0.7609977,1.2753869
1747679455.6337733,0.44827217,0.567067,0.13502468,-2.6257417,-0.7609977,1.2753869
1747679455.6343114,0.44827217,0.567067,0.13502468,-2.6257417,-0.7609977,1.2753869
1747679455.6348343,0.44827217,0.567067,0.13502468,-2.6257417,-0.7609977,1.2753869
1747679455.6353526,0.44827217,0.567067,0.13502468,-2.6257417,-0.7609977,1.2753869
1747679455.635871,0.44827217,0.567067,0.13502468,-2.6257417,-0.7609977,1.2753869
1747679455.636389,0.44827217,0.567067,0.13502468,-2.6257417,-0.7609977,1.2753869
1747679455.6369076,0.44827217,0.567067,0.13502468,-2.6257417,-0.7609977,1.2753869
1747679455.6374733,0.44827217,0.567067,0.13502468,-2.6257417,-0.7609977,1.2753869
1747679455.637993,0.44827217,0.567067,0.13502468,-2.6257417,-0.7609977,1.2753869
1747679455.6385114,0.44827217,0.567067,0.13502468,-2.6257417,-0.7609977,1.2753869
1747679455.6390297,0.44827217,0.567067,0.13502468,-2.6257417,-0.7609977,1.2753869
1747679455.6395478,0.44827217,0.567067,0.13502468,-2.6257417,-0.7609977,1.2753869
1747679455.6400661,0.44827217,0.567067,0.13502468,-2.6257417,-0.7609977,1.2753869
1747679455.6405842,0.44827217,0.567067,0.13502468,-2.6257417,-0.7609977,1.2753869
1747679455.6411066,0.44827217,0.567067,0.13502468,-2.6257417,-0.7609977,1.2753869
1747679455.6416576,0.44827217,0.567067,0.13502468,-2.6257417,-0.7609977,1.2753869
1747679455.6422098,0.44827217,0.567067,0.13502468,-2.6257417,-0.7609977,1.2753869
1747679455.6427708,0.44827217,0.567067,0.13502468,-2.6257417,-0.7609977,1.2753869
1747679455.6433208,0.44827217,0.567067,0.13502468,-2.6257417,-0.7609977,1.2753869
1747679455.643864,0.44827217,0.567067,0.13502468,-2.8558388,-0.782303,1.0069405
1747679455.6444037,0.47951147,0.5807342,0.04228292,-2.8558388,-0.782303,1.0069405
1747679455.6449268,0.47951147,0.5807342,0.04228292,-2.8558388,-0.782303,1.0069405
1747679455.6454456,0.47951147,0.5807342,0.04228292,-2.8558388,-0.782303,1.0069405
1747679455.6459641,0.47951147,0.5807342,0.04228292,-2.8558388,-0.782303,1.0069405
1747679455.6464822,0.47951147,0.5807342,0.04228292,-2.8558388,-0.782303,1.0069405
1747679455.647,0.47951147,0.5807342,0.04228292,-2.8558388,-0.782303,1.0069405
1747679455.647518,0.47951147,0.5807342,0.04228292,-2.8558388,-0.782303,1.0069405
1747679455.6480358,0.47951147,0.5807342,0.04228292,-2.8558388,-0.782303,1.0069405
1747679455.6485534,0.47951147,0.5807342,0.04228292,-2.8558388,-0.782303,1.0069405
1747679455.6490715,0.47951147,0.5807342,0.04228292,-2.8558388,-0.782303,1.0069405
1747679455.6495893,0.47951147,0.5807342,0.04228292,-2.8558388,-0.782303,1.0069405
1747679455.650107,0.47951147,0.5807342,0.04228292,-2.8558388,-0.782303,1.0069405
1747679455.6506248,0.47951147,0.5807342,0.04228292,-2.8558388,-0.782303,1.0069405
1747679455.6511428,0.47951147,0.5807342,0.04228292,-2.8558388,-0.782303,1.0069405
1747679455.6516604,0.47951147,0.5807342,0.04228292,-2.8558388,-0.782303,1.0069405
1747679455.6521783,0.47951147,0.5807342,0.04228292,-2.8558388,-0.782303,1.0069405
1747679455.6527,0.47951147,0.5807342,0.04228292,-2.8558388,-0.782303,1.0069405
1747679455.65322,0.47951147,0.5807342,0.04228292,-2.8558388,-0.782303,1.0069405
1747679455.653738,0.47951147,0.5807342,0.04228292,-2.8558388,-0.782303,1.0069405
1747679455.6542726,0.47951147,0.5807342,0.04228292,-2.8558388,-0.782303,1.0069405
1747679455.6548147,0.38432914,0.5299703,-0.04753015,-3.2862053,-0.7918904,0.7012098
1747679455.6553433,0.38432914,0.5299703,-0.04753015,-3.2862053,-0.7918904,0.7012098
1747679455.655869,0.38432914,0.5299703,-0.04753015,-3.2862053,-0.7918904,0.7012098
1747679455.656391,0.38432914,0.5299703,-0.04753015,-3.2862053,-0.7918904,0.7012098
1747679455.6569178,0.38432914,0.5299703,-0.04753015,-3.2862053,-0.7918904,0.7012098
1747679455.6574683,0.38432914,0.5299703,-0.04753015,-3.2862053,-0.7918904,0.7012098
1747679455.658192,0.38432914,0.5299703,-0.04753015,-3.2862053,-0.7918904,0.7012098
1747679455.658752,0.38432914,0.5299703,-0.04753015,-3.2862053,-0.7918904,0.7012098
1747679455.6592965,0.38432914,0.5299703,-0.04753015,-3.2862053,-0.7918904,0.7012098
1747679455.659886,0.38432914,0.5299703,-0.04753015,-3.2862053,-0.7918904,0.7012098
1747679455.660438,0.38432914,0.5299703,-0.04753015,-3.2862053,-0.7918904,0.7012098
1747679455.6609738,0.38432914,0.5299703,-0.04753015,-3.2862053,-0.7918904,0.7012098
1747679455.6614962,0.38432914,0.5299703,-0.04753015,-3.2862053,-0.7918904,0.7012098
1747679455.6620173,0.38432914,0.5299703,-0.04753015,-3.2862053,-0.7918904,0.7012098
1747679455.662538,0.38432914,0.5299703,-0.04753015,-3.2862053,-0.7918904,0.7012098
1747679455.6630588,0.38432914,0.5299703,-0.04753015,-3.2862053,-0.7918904,0.7012098
1747679455.6636026,0.38432914,0.5299703,-0.04753015,-3.2862053,-0.7918904,0.7012098
1747679455.6641529,0.2105604,0.42649004,0.088653795,-3.7463992,-0.79295564,0.5392897
1747679455.6646783,0.2105604,0.42649004,0.088653795,-3.7463992,-0.79295564,0.5392897
1747679455.6651995,0.2105604,0.42649004,0.088653795,-3.7463992,-0.79295564,0.5392897
1747679455.6657205,0.2105604,0.42649004,0.088653795,-3.7463992,-0.79295564,0.5392897
1747679455.666242,0.2105604,0.42649004,0.088653795,-3.7463992,-0.79295564,0.5392897
1747679455.6667626,0.2105604,0.42649004,0.088653795,-3.7463992,-0.79295564,0.5392897
1747679455.6672833,0.2105604,0.42649004,0.088653795,-3.7463992,-0.79295564,0.5392897
1747679455.667804,0.2105604,0.42649004,0.088653795,-3.7463992,-0.79295564,0.5392897
1747679455.6683247,0.2105604,0.42649004,0.088653795,-3.7463992,-0.79295564,0.5392897
1747679455.668845,0.2105604,0.42649004,0.088653795,-3.7463992,-0.79295564,0.5392897
1747679455.6693683,0.2105604,0.42649004,0.088653795,-3.7463992,-0.79295564,0.5392897
1747679455.6698859,0.2105604,0.42649004,0.088653795,-3.7463992,-0.79295564,0.5392897
1747679455.6704183,0.2105604,0.42649004,0.088653795,-3.7463992,-0.79295564,0.5392897
1747679455.670939,0.2105604,0.42649004,0.088653795,-3.7463992,-0.79295564,0.5392897
1747679455.671457,0.2105604,0.42649004,0.088653795,-3.7463992,-0.79295564,0.5392897
1747679455.671975,0.2105604,0.42649004,0.088653795,-3.7463992,-0.79295564,0.5392897
1747679455.672493,0.2105604,0.42649004,0.088653795,-3.7463992,-0.79295564,0.5392897
1747679455.6730154,0.2105604,0.42649004,0.088653795,-3.7463992,-0.79295564,0.5392897
1747679455.6736555,0.2105604,0.42649004,0.088653795,-3.7463992,-0.79295564,0.5392897
1747679455.674218,0.2105604,0.42649004,0.088653795,-3.7463992,-0.79295564,0.5392897
1747679455.674764,-0.02617514,0.34595114,0.37371266,-4.0542603,-0.7737809,0.5776392
1747679455.675288,-0.02617514,0.34595114,0.37371266,-4.0542603,-0.7737809,0.5776392
1747679455.675807,-0.02617514,0.34595114,0.37371266,-4.0542603,-0.7737809,0.5776392
1747679455.6763253,-0.02617514,0.34595114,0.37371266,-4.0542603,-0.7737809,0.5776392
1747679455.6768441,-0.02617514,0.34595114,0.37371266,-4.0542603,-0.7737809,0.5776392
1747679455.6773622,-0.02617514,0.34595114,0.37371266,-4.0542603,-0.7737809,0.5776392
1747679455.67788,-0.02617514,0.34595114,0.37371266,-4.0542603,-0.7737809,0.5776392
1747679455.678398,-0.02617514,0.34595114,0.37371266,-4.0542603,-0.7737809,0.5776392
1747679455.6789155,-0.02617514,0.34595114,0.37371266,-4.0542603,-0.7737809,0.5776392
1747679455.6794336,-0.02617514,0.34595114,0.37371266,-4.0542603,-0.7737809,0.5776392
1747679455.6799512,-0.02617514,0.34595114,0.37371266,-4.0542603,-0.7737809,0.5776392
1747679455.680469,-0.02617514,0.34595114,0.37371266,-4.0542603,-0.7737809,0.5776392
1747679455.6809866,-0.02617514,0.34595114,0.37371266,-4.0542603,-0.7737809,0.5776392
1747679455.6815045,-0.02617514,0.34595114,0.37371266,-4.0542603,-0.7737809,0.5776392
1747679455.682022,-0.02617514,0.34595114,0.37371266,-4.0542603,-0.7737809,0.5776392
1747679455.6825402,-0.02617514,0.34595114,0.37371266,-4.0542603,-0.7737809,0.5776392
1747679455.6830618,-0.02617514,0.34595114,0.37371266,-4.0542603,-0.7737809,0.5776392
1747679455.6835997,-0.02617514,0.34595114,0.37371266,-4.1075234,-0.90906936,0.9025446
1747679455.6841383,-0.02617514,0.34595114,0.37371266,-4.1075234,-0.90906936,0.9025446
1747679455.6846638,-0.23118323,0.32008108,0.7446797,-4.1075234,-0.90906936,0.9025446
1747679455.685184,-0.23118323,0.32008108,0.7446797,-4.1075234,-0.90906936,0.9025446
1747679455.6857023,-0.23118323,0.32008108,0.7446797,-4.1075234,-0.90906936,0.9025446
1747679455.6862202,-0.23118323,0.32008108,0.7446797,-4.1075234,-0.90906936,0.9025446
1747679455.6867387,-0.23118323,0.32008108,0.7446797,-4.1075234,-0.90906936,0.9025446
1747679455.6872566,-0.23118323,0.32008108,0.7446797,-4.1075234,-0.90906936,0.9025446
1747679455.6877797,-0.23118323,0.32008108,0.7446797,-4.1075234,-0.90906936,0.9025446
1747679455.688826,-0.23118323,0.32008108,0.7446797,-4.1075234,-0.90906936,0.9025446
1747679455.6893904,-0.23118323,0.32008108,0.7446797,-4.1075234,-0.90906936,0.9025446
1747679455.6900272,-0.23118323,0.32008108,0.7446797,-4.1075234,-0.90906936,0.9025446
1747679455.6905725,-0.23118323,0.32008108,0.7446797,-4.1075234,-0.90906936,0.9025446
1747679455.6911075,-0.23118323,0.32008108,0.7446797,-4.1075234,-0.90906936,0.9025446
1747679455.6916332,-0.23118323,0.32008108,0.7446797,-4.1075234,-0.90906936,0.9025446
1747679455.6921606,-0.1999439,0.31861675,0.9316275,-4.1075234,-0.90906936,0.9025446
1747679455.692681,-0.1999439,0.31861675,0.9316275,-4.1075234,-0.90906936,0.9025446
1747679455.6931996,-0.1999439,0.31861675,0.9316275,-4.1075234,-0.90906936,0.9025446
1747679455.6937344,-0.1999439,0.31861675,0.9316275,-4.1075234,-0.90906936,0.9025446
1747679455.6942801,-0.1999439,0.31861675,0.9316275,-4.1075234,-0.90906936,0.9025446
1747679455.6948082,-0.1999439,0.31861675,0.9316275,-3.8859487,-1.1604716,1.3052143
1747679455.6953287,-0.1999439,0.31861675,0.9316275,-3.8859487,-1.1604716,1.3052143
1747679455.6958473,-0.1999439,0.31861675,0.9316275,-3.8859487,-1.1604716,1.3052143
1747679455.6963654,-0.1999439,0.31861675,0.9316275,-3.8859487,-1.1604716,1.3052143
1747679455.6968837,-0.1999439,0.31861675,0.9316275,-3.8859487,-1.1604716,1.3052143
1747679455.6974018,-0.1999439,0.31861675,0.9316275,-3.8859487,-1.1604716,1.3052143
1747679455.69792,-0.1999439,0.31861675,0.9316275,-3.8859487,-1.1604716,1.3052143
1747679455.6984382,-0.1999439,0.31861675,0.9316275,-3.8859487,-1.1604716,1.3052143
1747679455.6989563,-0.1999439,0.31861675,0.9316275,-3.8859487,-1.1604716,1.3052143
1747679455.699474,-0.1999439,0.31861675,0.9316275,-3.8859487,-1.1604716,1.3052143
1747679455.6999924,-0.1999439,0.31861675,0.9316275,-3.8859487,-1.1604716,1.3052143
1747679455.7005122,-0.1999439,0.31861675,0.9316275,-3.8859487,-1.1604716,1.3052143
1747679455.7010334,-0.1999439,0.31861675,0.9316275,-3.8859487,-1.1604716,1.3052143
1747679455.701553,-0.1999439,0.31861675,0.9316275,-3.8859487,-1.1604716,1.3052143
1747679455.7020743,0.08365062,0.31178313,0.95066404,-3.62922,-1.3255874,1.5928354
1747679455.7025962,0.08365062,0.31178313,0.95066404,-3.62922,-1.3255874,1.5928354
1747679455.7031155,0.08365062,0.31178313,0.95066404,-3.62922,-1.3255874,1.5928354
1747679455.7036817,0.08365062,0.31178313,0.95066404,-3.62922,-1.3255874,1.5928354
1747679455.704239,0.08365062,0.31178313,0.95066404,-3.62922,-1.3255874,1.5928354
1747679455.7048109,0.08365062,0.31178313,0.95066404,-3.62922,-1.3255874,1.5928354
1747679455.705369,0.08365062,0.31178313,0.95066404,-3.62922,-1.3255874,1.5928354
1747679455.7059016,0.08365062,0.31178313,0.95066404,-3.62922,-1.3255874,1.5928354
1747679455.7064219,0.08365062,0.31178313,0.95066404,-3.62922,-1.3255874,1.5928354
1747679455.7069402,0.08365062,0.31178313,0.95066404,-3.62922,-1.3255874,1.5928354
1747679455.7074583,0.08365062,0.31178313,0.95066404,-3.62922,-1.3255874,1.5928354
1747679455.7079768,0.08365062,0.31178313,0.95066404,-3.62922,-1.3255874,1.5928354
1747679455.708495,0.08365062,0.31178313,0.95066404,-3.62922,-1.3255874,1.5928354
1747679455.709013,0.08365062,0.31178313,0.95066404,-3.62922,-1.3255874,1.5928354
1747679455.709531,0.08365062,0.31178313,0.95066404,-3.62922,-1.3255874,1.5928354
1747679455.7100542,0.08365062,0.31178313,0.95066404,-3.491801,-1.3149348,1.5960313
1747679455.710644,0.4565701,0.3108069,0.8891616,-3.491801,-1.3149348,1.5960313
1747679455.7111917,0.4565701,0.3108069,0.8891616,-3.491801,-1.3149348,1.5960313
1747679455.7117174,0.4565701,0.3108069,0.8891616,-3.491801,-1.3149348,1.5960313
1747679455.7122371,0.4565701,0.3108069,0.8891616,-3.491801,-1.3149348,1.5960313
1747679455.7127554,0.4565701,0.3108069,0.8891616,-3.491801,-1.3149348,1.5960313
1747679455.7132876,0.4565701,0.3108069,0.8891616,-3.491801,-1.3149348,1.5960313
1747679455.7138245,0.4565701,0.3108069,0.8891616,-3.491801,-1.3149348,1.5960313
1747679455.7143466,0.4565701,0.3108069,0.8891616,-3.491801,-1.3149348,1.5960313
1747679455.714865,0.4565701,0.3108069,0.8891616,-3.491801,-1.3149348,1.5960313
1747679455.7153833,0.4565701,0.3108069,0.8891616,-3.491801,-1.3149348,1.5960313
1747679455.7159014,0.4565701,0.3108069,0.8891616,-3.491801,-1.3149348,1.5960313
1747679455.7164192,0.4565701,0.3108069,0.8891616,-3.491801,-1.3149348,1.5960313
1747679455.7169373,0.4565701,0.3108069,0.8891616,-3.491801,-1.3149348,1.5960313
1747679455.7174551,0.4565701,0.3108069,0.8891616,-3.491801,-1.3149348,1.5960313
1747679455.7179732,0.4565701,0.3108069,0.8891616,-3.491801,-1.3149348,1.5960313
1747679455.7184908,0.4565701,0.3108069,0.8891616,-3.491801,-1.3149348,1.5960313
1747679455.720278,0.4565701,0.3108069,0.8891616,-3.491801,-1.3149348,1.5960313
1747679455.720823,0.7733564,0.33374828,0.80959886,-3.491801,-1.3149348,1.5960313
1747679455.7213497,0.7733564,0.33374828,0.80959886,-3.491801,-1.3149348,1.5960313
1747679455.7218692,0.7733564,0.33374828,0.80959886,-3.491801,-1.3149348,1.5960313
1747679455.7223904,0.7733564,0.33374828,0.80959886,-3.491801,-1.3149348,1.5960313
1747679455.7229116,0.7733564,0.33374828,0.80959886,-3.5013883,-1.1732547,1.3052143
1747679455.7234488,0.7733564,0.33374828,0.80959886,-3.5013883,-1.1732547,1.3052143
1747679455.7239943,0.7733564,0.33374828,0.80959886,-3.5013883,-1.1732547,1.3052143
1747679455.724519,0.7733564,0.33374828,0.80959886,-3.5013883,-1.1732547,1.3052143
1747679455.7250376,0.7733564,0.33374828,0.80959886,-3.5013883,-1.1732547,1.3052143
1747679455.725556,0.7733564,0.33374828,0.80959886,-3.5013883,-1.1732547,1.3052143
1747679455.7260742,0.7733564,0.33374828,0.80959886,-3.5013883,-1.1732547,1.3052143
1747679455.726592,0.7733564,0.33374828,0.80959886,-3.5013883,-1.1732547,1.3052143
1747679455.7271097,0.7733564,0.33374828,0.80959886,-3.5013883,-1.1732547,1.3052143
1747679455.7276275,0.7733564,0.33374828,0.80959886,-3.5013883,-1.1732547,1.3052143
1747679455.7281451,0.7733564,0.33374828,0.80959886,-3.5013883,-1.1732547,1.3052143
1747679455.7286656,0.7733564,0.33374828,0.80959886,-3.5013883,-1.1732547,1.3052143
1747679455.7291899,0.7733564,0.33374828,0.80959886,-3.5013883,-1.1732547,1.3052143
1747679455.729718,0.9046592,0.33326015,0.7554182,-3.6654391,-1.0209221,0.79388773
1747679455.7302382,0.9046592,0.33326015,0.7554182,-3.6654391,-1.0209221,0.79388773
1747679455.7307591,0.9046592,0.33326015,0.7554182,-3.6654391,-1.0209221,0.79388773
1747679455.7312787,0.9046592,0.33326015,0.7554182,-3.6654391,-1.0209221,0.79388773
1747679455.7317965,0.9046592,0.33326015,0.7554182,-3.6654391,-1.0209221,0.79388773
1747679455.7323148,0.9046592,0.33326015,0.7554182,-3.6654391,-1.0209221,0.79388773
1747679455.7328324,0.9046592,0.33326015,0.7554182,-3.6654391,-1.0209221,0.79388773
1747679455.7333508,0.9046592,0.33326015,0.7554182,-3.6654391,-1.0209221,0.79388773
1747679455.7338843,0.9046592,0.33326015,0.7554182,-3.6654391,-1.0209221,0.79388773
1747679455.7345018,0.9046592,0.33326015,0.7554182,-3.6654391,-1.0209221,0.79388773
1747679455.7350836,0.9046592,0.33326015,0.7554182,-3.6654391,-1.0209221,0.79388773
1747679455.7356455,0.9046592,0.33326015,0.7554182,-3.6654391,-1.0209221,0.79388773
1747679455.7361946,0.9046592,0.33326015,0.7554182,-3.6654391,-1.0209221,0.79388773
1747679455.7367275,0.9046592,0.33326015,0.7554182,-3.6654391,-1.0209221,0.79388773
1747679455.7372475,0.9046592,0.33326015,0.7554182,-3.6654391,-1.0209221,0.79388773
1747679455.7377658,0.9046592,0.33326015,0.7554182,-3.6654391,-1.0209221,0.79388773
1747679455.738284,0.9046592,0.33326015,0.7554182,-3.6654391,-1.0209221,0.79388773
1747679455.7388022,0.9046592,0.33326015,0.7554182,-3.6654391,-1.0209221,0.79388773
1747679455.7393205,0.9046592,0.33326015,0.7554182,-3.6654391,-1.0209221,0.79388773
1747679455.7398388,0.9046592,0.33326015,0.7554182,-3.6654391,-1.0209221,0.79388773
1747679455.7403607,0.79922646,0.31568804,0.8520649,-3.9093845,-1.0038779,0.27190855
1747679455.7408812,0.79922646,0.31568804,0.8520649,-3.9093845,-1.0038779,0.27190855
1747679455.7414017,0.79922646,0.31568804,0.8520649,-3.9093845,-1.0038779,0.27190855
1747679455.741921,0.79922646,0.31568804,0.8520649,-3.9093845,-1.0038779,0.27190855
1747679455.7424395,0.79922646,0.31568804,0.8520649,-3.9093845,-1.0038779,0.27190855
1747679455.7429576,0.79922646,0.31568804,0.8520649,-3.9093845,-1.0038779,0.27190855
1747679455.7434795,0.79922646,0.31568804,0.8520649,-3.9093845,-1.0038779,0.27190855
1747679455.7440166,0.79922646,0.31568804,0.8520649,-3.9093845,-1.0038779,0.27190855
1747679455.7445626,0.79922646,0.31568804,0.8520649,-3.9093845,-1.0038779,0.27190855
1747679455.7450874,0.79922646,0.31568804,0.8520649,-3.9093845,-1.0038779,0.27190855
1747679455.7456064,0.79922646,0.31568804,0.8520649,-3.9093845,-1.0038779,0.27190855
1747679455.7461247,0.79922646,0.31568804,0.8520649,-3.9093845,-1.0038779,0.27190855
1747679455.7466433,0.79922646,0.31568804,0.8520649,-3.9093845,-1.0038779,0.27190855
1747679455.7471611,0.79922646,0.31568804,0.8520649,-3.9093845,-1.0038779,0.27190855
1747679455.747679,0.79922646,0.31568804,0.8520649,-3.9093845,-1.0038779,0.27190855
1747679455.7481966,0.79922646,0.31568804,0.8520649,-3.9093845,-1.0038779,0.27190855
1747679455.7487147,0.79922646,0.31568804,0.8520649,-3.9093845,-1.0038779,0.27190855
1747679455.7492323,0.79922646,0.31568804,0.8520649,-3.9093845,-1.0038779,0.27190855
1747679455.749827,0.79922646,0.31568804,0.8520649,-3.9093845,-1.0038779,0.27190855
1747679455.7503836,0.79922646,0.31568804,0.8520649,-3.9093845,-1.0038779,0.27190855
1747679455.7516046,0.79922646,0.31568804,0.8520649,-3.9093845,-1.0038779,0.27190855
1747679455.75216,0.51026267,0.2766389,1.1093012,-4.041477,-1.0496842,-0.058323186
1747679455.7526925,0.51026267,0.2766389,1.1093012,-4.041477,-1.0496842,-0.058323186
1747679455.7532134,0.51026267,0.2766389,1.1093012,-4.041477,-1.0496842,-0.058323186
1747679455.7537355,0.51026267,0.2766389,1.1093012,-4.041477,-1.0496842,-0.058323186
1747679455.7542717,0.51026267,0.2766389,1.1093012,-4.041477,-1.0496842,-0.058323186
1747679455.7548203,0.51026267,0.2766389,1.1093012,-4.041477,-1.0496842,-0.058323186
1747679455.7553473,0.51026267,0.2766389,1.1093012,-4.041477,-1.0496842,-0.058323186
1747679455.7558687,0.51026267,0.2766389,1.1093012,-4.041477,-1.0496842,-0.058323186
1747679455.7563899,0.51026267,0.2766389,1.1093012,-4.041477,-1.0496842,-0.058323186
1747679455.7569108,0.51026267,0.2766389,1.1093012,-4.041477,-1.0496842,-0.058323186
1747679455.7574317,0.51026267,0.2766389,1.1093012,-4.041477,-1.0496842,-0.058323186
1747679455.7579525,0.51026267,0.2766389,1.1093012,-4.041477,-1.0496842,-0.058323186
1747679455.7585032,0.51026267,0.2766389,1.1093012,-4.041477,-1.0496842,-0.058323186
1747679455.7590241,0.51026267,0.2766389,1.1093012,-4.041477,-1.0496842,-0.058323186
1747679455.7595446,0.51026267,0.2766389,1.1093012,-4.041477,-1.0496842,-0.058323186
1747679455.7600658,0.51026267,0.2766389,1.1093012,-4.041477,-1.0496842,-0.058323186
1747679455.7605863,0.51026267,0.2766389,1.1093012,-4.041477,-1.0496842,-0.058323186
1747679455.7611072,0.51026267,0.2766389,1.1093012,-4.041477,-1.0496842,-0.058323186
1747679455.7616277,0.51026267,0.2766389,1.1093012,-4.041477,-1.0496842,-0.058323186
1747679455.7621486,0.51026267,0.2766389,1.1093012,-4.041477,-1.0496842,-0.058323186
1747679455.7626736,0.51026267,0.2766389,1.1093012,-3.907254,-1.1125348,-0.08921583
1747679455.7631965,0.51026267,0.2766389,1.1093012,-3.907254,-1.1125348,-0.08921583
1747679455.7637308,0.51026267,0.2766389,1.1093012,-3.907254,-1.1125348,-0.08921583
1747679455.7642715,0.51026267,0.2766389,1.1093012,-3.907254,-1.1125348,-0.08921583
1747679455.7647963,0.51026267,0.2766389,1.1093012,-3.907254,-1.1125348,-0.08921583
1747679455.7653413,0.21202473,0.22587498,1.4212064,-3.907254,-1.1125348,-0.08921583
1747679455.7658906,0.21202473,0.22587498,1.4212064,-3.907254,-1.1125348,-0.08921583
1747679455.766446,0.21202473,0.22587498,1.4212064,-3.907254,-1.1125348,-0.08921583
1747679455.7670033,0.21202473,0.22587498,1.4212064,-3.907254,-1.1125348,-0.08921583
1747679455.7675388,0.21202473,0.22587498,1.4212064,-3.907254,-1.1125348,-0.08921583
1747679455.768061,0.21202473,0.22587498,1.4212064,-3.907254,-1.1125348,-0.08921583
1747679455.768582,0.21202473,0.22587498,1.4212064,-3.907254,-1.1125348,-0.08921583
1747679455.769103,0.21202473,0.22587498,1.4212064,-3.907254,-1.1125348,-0.08921583
1747679455.7701256,0.21202473,0.22587498,1.4212064,-3.907254,-1.1125348,-0.08921583
1747679455.770671,0.21202473,0.22587498,1.4212064,-3.907254,-1.1125348,-0.08921583
1747679455.7711961,0.21202473,0.22587498,1.4212064,-3.907254,-1.1125348,-0.08921583
1747679455.7717152,0.21202473,0.22587498,1.4212064,-3.907254,-1.1125348,-0.08921583
1747679455.7722332,0.21202473,0.22587498,1.4212064,-3.907254,-1.1125348,-0.08921583
1747679455.7727516,0.21202473,0.22587498,1.4212064,-3.907254,-1.1125348,-0.08921583
1747679455.7732706,0.21202473,0.22587498,1.4212064,-3.907254,-1.1125348,-0.08921583
1747679455.7738078,0.07095964,0.18633771,1.6149879,-3.907254,-1.1125348,-0.08921583
1747679455.7743464,0.07095964,0.18633771,1.6149879,-3.907254,-1.1125348,-0.08921583
1747679455.774872,0.07095964,0.18633771,1.6149879,-3.5685,-1.2084085,0.053529497
1747679455.775392,0.07095964,0.18633771,1.6149879,-3.5685,-1.2084085,0.053529497
1747679455.7759104,0.07095964,0.18633771,1.6149879,-3.5685,-1.2084085,0.053529497
1747679455.7764287,0.07095964,0.18633771,1.6149879,-3.5685,-1.2084085,0.053529497
1747679455.776947,0.07095964,0.18633771,1.6149879,-3.5685,-1.2084085,0.053529497
1747679455.777465,0.07095964,0.18633771,1.6149879,-3.5685,-1.2084085,0.053529497
1747679455.7779832,0.07095964,0.18633771,1.6149879,-3.5685,-1.2084085,0.053529497
1747679455.7785013,0.07095964,0.18633771,1.6149879,-3.5685,-1.2084085,0.053529497
1747679455.7790196,0.07095964,0.18633771,1.6149879,-3.5685,-1.2084085,0.053529497
1747679455.7795386,0.07095964,0.18633771,1.6149879,-3.5685,-1.2084085,0.053529497
1747679455.7808635,0.07095964,0.18633771,1.6149879,-3.5685,-1.2084085,0.053529497
1747679455.7814238,0.07095964,0.18633771,1.6149879,-3.5685,-1.2084085,0.053529497
1747679455.781974,0.07095964,0.18633771,1.6149879,-3.5685,-1.2084085,0.053529497
1747679455.782534,0.07095964,0.18633771,1.6149879,-3.5685,-1.2084085,0.053529497
1747679455.783083,0.07095964,0.18633771,1.6149879,-3.5685,-1.2084085,0.053529497
1747679455.7836158,0.07095964,0.18633771,1.6149879,-3.5685,-1.2084085,0.053529497
1747679455.7841523,0.07095964,0.18633771,1.6149879,-3.5685,-1.2084085,0.053529497
1747679455.7847073,0.025076883,0.16193199,1.6696565,-2.797249,-1.3650022,0.36565176
1747679455.7852445,0.025076883,0.16193199,1.6696565,-2.797249,-1.3650022,0.36565176
1747679455.7857683,0.025076883,0.16193199,1.6696565,-2.797249,-1.3650022,0.36565176
1747679455.7862897,0.025076883,0.16193199,1.6696565,-2.797249,-1.3650022,0.36565176
1747679455.7868097,0.025076883,0.16193199,1.6696565,-2.797249,-1.3650022,0.36565176
1747679455.787328,0.025076883,0.16193199,1.6696565,-2.797249,-1.3650022,0.36565176
1747679455.7878475,0.025076883,0.16193199,1.6696565,-2.797249,-1.3650022,0.36565176
1747679455.7883706,0.025076883,0.16193199,1.6696565,-2.797249,-1.3650022,0.36565176
1747679455.7888918,0.025076883,0.16193199,1.6696565,-2.797249,-1.3650022,0.36565176
1747679455.7894123,0.025076883,0.16193199,1.6696565,-2.797249,-1.3650022,0.36565176
1747679455.789932,0.025076883,0.16193199,1.6696565,-2.797249,-1.3650022,0.36565176
1747679455.7904546,0.025076883,0.16193199,1.6696565,-2.797249,-1.3650022,0.36565176
1747679455.7909737,0.025076883,0.16193199,1.6696565,-2.797249,-1.3650022,0.36565176
1747679455.791492,0.025076883,0.16193199,1.6696565,-2.797249,-1.3650022,0.36565176
1747679455.7920098,0.025076883,0.16193199,1.6696565,-2.797249,-1.3650022,0.36565176
1747679455.792528,0.025076883,0.16193199,1.6696565,-2.797249,-1.3650022,0.36565176
1747679455.793046,0.025076883,0.16193199,1.6696565,-2.797249,-1.3650022,0.36565176
1747679455.793581,0.025076883,0.16193199,1.6696565,-2.2411816,-1.3660674,0.5787045
1747679455.7941215,0.025076883,0.16193199,1.6696565,-2.2411816,-1.3660674,0.5787045
1747679455.7946453,0.025076883,0.16193199,1.6696565,-2.2411816,-1.3660674,0.5787045
1747679455.7951646,0.025076883,0.16193199,1.6696565,-2.2411816,-1.3660674,0.5787045
1747679455.795834,0.025076883,0.16193199,1.6696565,-2.2411816,-1.3660674,0.5787045
1747679455.7963877,0.025076883,0.16193199,1.6696565,-2.2411816,-1.3660674,0.5787045
1747679455.797024,0.121723555,0.19121885,1.4426835,-2.2411816,-1.3660674,0.5787045
1747679455.7975576,0.121723555,0.19121885,1.4426835,-2.2411816,-1.3660674,0.5787045
1747679455.7980835,0.121723555,0.19121885,1.4426835,-2.2411816,-1.3660674,0.5787045
1747679455.7986434,0.121723555,0.19121885,1.4426835,-2.2411816,-1.3660674,0.5787045
1747679455.7991967,0.121723555,0.19121885,1.4426835,-2.2411816,-1.3660674,0.5787045
1747679455.7997298,0.121723555,0.19121885,1.4426835,-2.2411816,-1.3660674,0.5787045
1747679455.8002496,0.121723555,0.19121885,1.4426835,-2.2411816,-1.3660674,0.5787045
1747679455.8007927,0.121723555,0.19121885,1.4426835,-2.2411816,-1.3660674,0.5787045
1747679455.8013415,0.121723555,0.19121885,1.4426835,-2.0377162,-1.1689937,0.6681866
1747679455.8018663,0.121723555,0.19121885,1.4426835,-2.0377162,-1.1689937,0.6681866
1747679455.8023887,0.24424028,0.24344711,1.0975864,-2.0377162,-1.1689937,0.6681866
1747679455.8029084,0.24424028,0.24344711,1.0975864,-2.0377162,-1.1689937,0.6681866
1747679455.8034267,0.24424028,0.24344711,1.0975864,-2.0377162,-1.1689937,0.6681866
1747679455.8039596,0.24424028,0.24344711,1.0975864,-2.0377162,-1.1689937,0.6681866
1747679455.8044972,0.24424028,0.24344711,1.0975864,-2.0377162,-1.1689937,0.6681866
1747679455.8050196,0.24424028,0.24344711,1.0975864,-2.0377162,-1.1689937,0.6681866
1747679455.8055384,0.24424028,0.24344711,1.0975864,-2.0377162,-1.1689937,0.6681866
1747679455.8060567,0.24424028,0.24344711,1.0975864,-2.0377162,-1.1689937,0.6681866
1747679455.8065748,0.24424028,0.24344711,1.0975864,-2.0377162,-1.1689937,0.6681866
1747679455.807093,0.24424028,0.24344711,1.0975864,-2.0377162,-1.1689937,0.6681866
1747679455.8076112,0.24424028,0.24344711,1.0975864,-2.0377162,-1.1689937,0.6681866
1747679455.808129,0.24424028,0.24344711,1.0975864,-2.0377162,-1.1689937,0.6681866
1747679455.8086472,0.24424028,0.24344711,1.0975864,-2.0377162,-1.1689937,0.6681866
1747679455.8091652,0.24424028,0.24344711,1.0975864,-2.0377162,-1.1689937,0.6681866
1747679455.809683,0.24424028,0.24344711,1.0975864,-2.0377162,-1.1689937,0.6681866
1747679455.810206,0.24424028,0.24344711,1.0975864,-2.223072,-0.76206297,0.6479466
1747679455.8107278,0.36285213,0.27419832,0.79105055,-2.223072,-0.76206297,0.6479466
1747679455.8113334,0.36285213,0.27419832,0.79105055,-2.223072,-0.76206297,0.6479466
1747679455.8118746,0.36285213,0.27419832,0.79105055,-2.223072,-0.76206297,0.6479466
1747679455.8123975,0.36285213,0.27419832,0.79105055,-2.223072,-0.76206297,0.6479466
1747679455.8129206,0.36285213,0.27419832,0.79105055,-2.223072,-0.76206297,0.6479466
1747679455.8134706,0.36285213,0.27419832,0.79105055,-2.223072,-0.76206297,0.6479466
1747679455.8140333,0.36285213,0.27419832,0.79105055,-2.223072,-0.76206297,0.6479466
1747679455.81458,0.36285213,0.27419832,0.79105055,-2.223072,-0.76206297,0.6479466
1747679455.8151047,0.36285213,0.27419832,0.79105055,-2.223072,-0.76206297,0.6479466
1747679455.8156238,0.36285213,0.27419832,0.79105055,-2.223072,-0.76206297,0.6479466
1747679455.8161423,0.36285213,0.27419832,0.79105055,-2.223072,-0.76206297,0.6479466
1747679455.8166602,0.36285213,0.27419832,0.79105055,-2.223072,-0.76206297,0.6479466
1747679455.817178,0.36285213,0.27419832,0.79105055,-2.223072,-0.76206297,0.6479466
1747679455.8176963,0.36285213,0.27419832,0.79105055,-2.223072,-0.76206297,0.6479466
1747679455.818214,0.36285213,0.27419832,0.79105055,-2.223072,-0.76206297,0.6479466
1747679455.8187315,0.36285213,0.27419832,0.79105055,-2.223072,-0.76206297,0.6479466
1747679455.8192494,0.36285213,0.27419832,0.79105055,-2.223072,-0.76206297,0.6479466
1747679455.8197668,0.36285213,0.27419832,0.79105055,-2.223072,-0.76206297,0.6479466
1747679455.8202848,0.36285213,0.27419832,0.79105055,-2.223072,-0.76206297,0.6479466
1747679455.8208072,0.49171436,0.2766389,0.6172818,-2.6843312,-0.29654276,0.5190497
1747679455.8213298,0.49171436,0.2766389,0.6172818,-2.6843312,-0.29654276,0.5190497
1747679455.8218493,0.49171436,0.2766389,0.6172818,-2.6843312,-0.29654276,0.5190497
1747679455.822373,0.49171436,0.2766389,0.6172818,-2.6843312,-0.29654276,0.5190497
1747679455.8228934,0.49171436,0.2766389,0.6172818,-2.6843312,-0.29654276,0.5190497
1747679455.8234117,0.49171436,0.2766389,0.6172818,-2.6843312,-0.29654276,0.5190497
1747679455.8239298,0.49171436,0.2766389,0.6172818,-2.6843312,-0.29654276,0.5190497
1747679455.8244636,0.49171436,0.2766389,0.6172818,-2.6843312,-0.29654276,0.5190497
1747679455.8250017,0.49171436,0.2766389,0.6172818,-2.6843312,-0.29654276,0.5190497
1747679455.8255246,0.49171436,0.2766389,0.6172818,-2.6843312,-0.29654276,0.5190497
1747679455.826203,0.49171436,0.2766389,0.6172818,-2.6843312,-0.29654276,0.5190497
1747679455.8267574,0.49171436,0.2766389,0.6172818,-2.6843312,-0.29654276,0.5190497
1747679455.8273764,0.49171436,0.2766389,0.6172818,-2.6843312,-0.29654276,0.5190497
1747679455.8279262,0.49171436,0.2766389,0.6172818,-2.6843312,-0.29654276,0.5190497
1747679455.8284588,0.49171436,0.2766389,0.6172818,-2.6843312,-0.29654276,0.5190497
1747679455.828983,0.49171436,0.2766389,0.6172818,-2.6843312,-0.29654276,0.5190497
1747679455.8295343,0.49171436,0.2766389,0.6172818,-2.6843312,-0.29654276,0.5190497
1747679455.8300838,0.49171436,0.2766389,0.6172818,-2.6843312,-0.29654276,0.5190497
1747679455.830617,0.49171436,0.2766389,0.6172818,-2.6843312,-0.29654276,0.5190497
1747679455.8311365,0.49171436,0.2766389,0.6172818,-2.6843312,-0.29654276,0.5190497
1747679455.8316622,0.5834798,0.25320938,0.6304609,-2.6843312,-0.29654276,0.5190497
1747679455.8321867,0.5834798,0.25320938,0.6304609,-3.2244198,0.04860265,0.27084327
1747679455.8327122,0.5834798,0.25320938,0.6304609,-3.2244198,0.04860265,0.27084327
1747679455.8332324,0.5834798,0.25320938,0.6304609,-3.2244198,0.04860265,0.27084327
1747679455.8337674,0.5834798,0.25320938,0.6304609,-3.2244198,0.04860265,0.27084327
1747679455.834313,0.5834798,0.25320938,0.6304609,-3.2244198,0.04860265,0.27084327
1747679455.8348367,0.5834798,0.25320938,0.6304609,-3.2244198,0.04860265,0.27084327
1747679455.8353553,0.5834798,0.25320938,0.6304609,-3.2244198,0.04860265,0.27084327
1747679455.8358736,0.5834798,0.25320938,0.6304609,-3.2244198,0.04860265,0.27084327
1747679455.8363917,0.5834798,0.25320938,0.6304609,-3.2244198,0.04860265,0.27084327
1747679455.8369098,0.5834798,0.25320938,0.6304609,-3.2244198,0.04860265,0.27084327
1747679455.8374736,0.5834798,0.25320938,0.6304609,-3.2244198,0.04860265,0.27084327
1747679455.8379931,0.5834798,0.25320938,0.6304609,-3.2244198,0.04860265,0.27084327
1747679455.8385131,0.5834798,0.25320938,0.6304609,-3.2244198,0.04860265,0.27084327
1747679455.8390412,0.5834798,0.25320938,0.6304609,-3.2244198,0.04860265,0.27084327
1747679455.8395698,0.5239299,0.18829016,0.85694605,-3.2244198,0.04860265,0.27084327
1747679455.8400939,0.5239299,0.18829016,0.85694605,-3.6398728,0.08695214,-0.043409493
1747679455.8406138,0.5239299,0.18829016,0.85694605,-3.6398728,0.08695214,-0.043409493
1747679455.841134,0.5239299,0.18829016,0.85694605,-3.6398728,0.08695214,-0.043409493
1747679455.841688,0.5239299,0.18829016,0.85694605,-3.6398728,0.08695214,-0.043409493
1747679455.8422337,0.5239299,0.18829016,0.85694605,-3.6398728,0.08695214,-0.043409493
1747679455.8427584,0.5239299,0.18829016,0.85694605,-3.6398728,0.08695214,-0.043409493
1747679455.843278,0.5239299,0.18829016,0.85694605,-3.6398728,0.08695214,-0.043409493
1747679455.84381,0.5239299,0.18829016,0.85694605,-3.6398728,0.08695214,-0.043409493
1747679455.8443484,0.5239299,0.18829016,0.85694605,-3.6398728,0.08695214,-0.043409493
1747679455.8448753,0.5239299,0.18829016,0.85694605,-3.6398728,0.08695214,-0.043409493
1747679455.845426,0.5239299,0.18829016,0.85694605,-3.6398728,0.08695214,-0.043409493
1747679455.845978,0.5239299,0.18829016,0.85694605,-3.6398728,0.08695214,-0.043409493
1747679455.8465114,0.5239299,0.18829016,0.85694605,-3.6398728,0.08695214,-0.043409493
1747679455.8470314,0.5239299,0.18829016,0.85694605,-3.6398728,0.08695214,-0.043409493
1747679455.8475492,0.5239299,0.18829016,0.85694605,-3.6398728,0.08695214,-0.043409493
1747679455.8480675,0.5239299,0.18829016,0.85694605,-3.6398728,0.08695214,-0.043409493
1747679455.848586,0.5239299,0.18829016,0.85694605,-3.6398728,0.08695214,-0.043409493
1747679455.8491044,0.5239299,0.18829016,0.85694605,-3.6398728,0.08695214,-0.043409493
1747679455.8496222,0.5239299,0.18829016,0.85694605,-3.6398728,0.08695214,-0.043409493
1747679455.8501403,0.5239299,0.18829016,0.85694605,-3.6398728,0.08695214,-0.043409493
1747679455.8506587,0.5239299,0.18829016,0.85694605,-3.6398728,0.08695214,-0.043409493
1747679455.8511763,0.5239299,0.18829016,0.85694605,-3.6398728,0.08695214,-0.043409493
1747679455.8516943,0.5239299,0.18829016,0.85694605,-3.6398728,0.08695214,-0.043409493
1747679455.8522124,0.5239299,0.18829016,0.85694605,-3.6398728,0.08695214,-0.043409493
1747679455.8527327,0.5239299,0.18829016,0.85694605,-3.6398728,0.08695214,-0.043409493
1747679455.8532565,0.5239299,0.18829016,0.85694605,-3.6398728,0.08695214,-0.043409493
1747679455.8537767,0.5239299,0.18829016,0.85694605,-3.6398728,0.08695214,-0.043409493
1747679455.854315,0.40678242,0.15949142,1.074157,-3.7549212,-0.08775109,-0.18295904
1747679455.8548641,0.40678242,0.15949142,1.074157,-3.7549212,-0.08775109,-0.18295904
1747679455.8553908,0.40678242,0.15949142,1.074157,-3.7549212,-0.08775109,-0.18295904
1747679455.8559117,0.40678242,0.15949142,1.074157,-3.7549212,-0.08775109,-0.18295904
1747679455.8572257,0.40678242,0.15949142,1.074157,-3.7549212,-0.08775109,-0.18295904
1747679455.8577914,0.40678242,0.15949142,1.074157,-3.7549212,-0.08775109,-0.18295904
1747679455.8583412,0.40678242,0.15949142,1.074157,-3.7549212,-0.08775109,-0.18295904
1747679455.858877,0.40678242,0.15949142,1.074157,-3.7549212,-0.08775109,-0.18295904
1747679455.8593993,0.40678242,0.15949142,1.074157,-3.7549212,-0.08775109,-0.18295904
1747679455.8599303,0.40678242,0.15949142,1.074157,-3.7549212,-0.08775109,-0.18295904
1747679455.8604887,0.40678242,0.15949142,1.074157,-3.7549212,-0.08775109,-0.18295904
1747679455.8610413,0.40678242,0.15949142,1.074157,-3.7549212,-0.08775109,-0.18295904
1747679455.8615768,0.40678242,0.15949142,1.074157,-3.7549212,-0.08775109,-0.18295904
1747679455.8621027,0.40678242,0.15949142,1.074157,-3.7549212,-0.08775109,-0.18295904
1747679455.8626368,0.40678242,0.15949142,1.074157,-3.7549212,-0.08775109,-0.18295904
1747679455.8631687,0.40678242,0.15949142,1.074157,-3.7549212,-0.08775109,-0.18295904
1747679455.863703,0.40678242,0.15949142,1.074157,-3.7549212,-0.08775109,-0.18295904
1747679455.8642461,0.18371409,0.124347165,1.4797801,-3.62922,-0.6065345,-0.23728748
1747679455.8647716,0.18371409,0.124347165,1.4797801,-3.62922,-0.6065345,-0.23728748
1747679455.8652928,0.18371409,0.124347165,1.4797801,-3.62922,-0.6065345,-0.23728748
1747679455.8658135,0.18371409,0.124347165,1.4797801,-3.62922,-0.6065345,-0.23728748
1747679455.8663342,0.18371409,0.124347165,1.4797801,-3.62922,-0.6065345,-0.23728748
1747679455.8668551,0.18371409,0.124347165,1.4797801,-3.62922,-0.6065345,-0.23728748
1747679455.8673759,0.18371409,0.124347165,1.4797801,-3.62922,-0.6065345,-0.23728748
1747679455.8678963,0.18371409,0.124347165,1.4797801,-3.62922,-0.6065345,-0.23728748
1747679455.8684173,0.18371409,0.124347165,1.4797801,-3.62922,-0.6065345,-0.23728748
1747679455.868938,0.18371409,0.124347165,1.4797801,-3.62922,-0.6065345,-0.23728748
1747679455.8694615,0.18371409,0.124347165,1.4797801,-3.62922,-0.6065345,-0.23728748
1747679455.8699796,0.18371409,0.124347165,1.4797801,-3.62922,-0.6065345,-0.23728748
1747679455.8705118,0.18371409,0.124347165,1.4797801,-3.62922,-0.6065345,-0.23728748
1747679455.8710434,0.18371409,0.124347165,1.4797801,-3.62922,-0.6065345,-0.23728748
1747679455.8715842,0.18371409,0.124347165,1.4797801,-3.62922,-0.6065345,-0.23728748
1747679455.87211,0.18371409,0.124347165,1.4797801,-3.62922,-0.6065345,-0.23728748
1747679455.872629,0.18371409,0.124347165,1.4797801,-3.62922,-0.6065345,-0.23728748
1747679455.8731475,0.18371409,0.124347165,1.4797801,-3.62922,-0.6065345,-0.23728748
1747679455.8736691,0.18371409,0.124347165,1.4797801,-3.62922,-0.6065345,-0.23728748
1747679455.874204,0.18371409,0.124347165,1.4797801,-3.62922,-0.6065345,-0.23728748
1747679455.8747427,0.027029341,0.09457218,1.8112098,-3.62922,-0.6065345,-0.23728748
1747679455.8752658,0.027029341,0.09457218,1.8112098,-3.62922,-0.6065345,-0.23728748
1747679455.875792,0.027029341,0.09457218,1.8112098,-2.9794092,-1.347958,-0.048735812
1747679455.8763447,0.027029341,0.09457218,1.8112098,-2.9794092,-1.347958,-0.048735812
1747679455.8768969,0.027029341,0.09457218,1.8112098,-2.9794092,-1.347958,-0.048735812
1747679455.87743,0.027029341,0.09457218,1.8112098,-2.9794092,-1.347958,-0.048735812
1747679455.8779497,0.027029341,0.09457218,1.8112098,-2.9794092,-1.347958,-0.048735812
1747679455.8784678,0.027029341,0.09457218,1.8112098,-2.9794092,-1.347958,-0.048735812
1747679455.8789856,0.027029341,0.09457218,1.8112098,-2.9794092,-1.347958,-0.048735812
1747679455.879504,0.027029341,0.09457218,1.8112098,-2.9794092,-1.347958,-0.048735812
1747679455.8800223,0.027029341,0.09457218,1.8112098,-2.9794092,-1.347958,-0.048735812
1747679455.8805404,0.027029341,0.09457218,1.8112098,-2.9794092,-1.347958,-0.048735812
1747679455.8810585,0.027029341,0.09457218,1.8112098,-2.9794092,-1.347958,-0.048735812
1747679455.8815768,0.027029341,0.09457218,1.8112098,-2.9794092,-1.347958,-0.048735812
1747679455.8820949,0.027029341,0.09457218,1.8112098,-2.9794092,-1.347958,-0.048735812
1747679455.8826184,0.03435106,0.06723777,1.8541639,-2.9794092,-1.347958,-0.048735812
1747679455.8831394,0.03435106,0.06723777,1.8541639,-2.9794092,-1.347958,-0.048735812
1747679455.8836768,0.03435106,0.06723777,1.8541639,-2.2358553,-1.8326529,0.20479694
1747679455.8842223,0.03435106,0.06723777,1.8541639,-2.2358553,-1.8326529,0.20479694
1747679455.884747,0.03435106,0.06723777,1.8541639,-2.2358553,-1.8326529,0.20479694
1747679455.8852658,0.03435106,0.06723777,1.8541639,-2.2358553,-1.8326529,0.20479694
1747679455.8857844,0.03435106,0.06723777,1.8541639,-2.2358553,-1.8326529,0.20479694
1747679455.8863025,0.03435106,0.06723777,1.8541639,-2.2358553,-1.8326529,0.20479694
1747679455.8876987,0.03435106,0.06723777,1.8541639,-2.2358553,-1.8326529,0.20479694
1747679455.8882585,0.03435106,0.06723777,1.8541639,-2.2358553,-1.8326529,0.20479694
1747679455.8888023,0.03435106,0.06723777,1.8541639,-2.2358553,-1.8326529,0.20479694
1747679455.8893354,0.03435106,0.06723777,1.8541639,-2.2358553,-1.8326529,0.20479694
1747679455.8898547,0.03435106,0.06723777,1.8541639,-2.2358553,-1.8326529,0.20479694
1747679455.8903735,0.03435106,0.06723777,1.8541639,-2.2358553,-1.8326529,0.20479694
1747679455.8908918,0.03435106,0.06723777,1.8541639,-2.2358553,-1.8326529,0.20479694
1747679455.8914146,0.03435106,0.06723777,1.8541639,-2.2358553,-1.8326529,0.20479694
1747679455.8919733,0.03435106,0.06723777,1.8541639,-2.2358553,-1.8326529,0.20479694
1747679455.8925228,0.03435106,0.06723777,1.8541639,-2.2358553,-1.8326529,0.20479694
1747679455.8930557,0.03435106,0.06723777,1.8541639,-2.2358553,-1.8326529,0.20479694
1747679455.8935754,0.03435106,0.06723777,1.8541639,-2.2358553,-1.8326529,0.20479694
1747679455.8941104,0.03435106,0.06723777,1.8541639,-2.2358553,-1.8326529,0.20479694
1747679455.8946552,0.03435106,0.06723777,1.8541639,-2.2358553,-1.8326529,0.20479694
1747679455.895182,0.03435106,0.06723777,1.8541639,-2.2358553,-1.8326529,0.20479694
1747679455.8957114,0.03435106,0.06723777,1.8541639,-2.2358553,-1.8326529,0.20479694
1747679455.8962412,0.1539391,0.075535715,1.6315837,-1.5210633,-1.9530277,0.44767705
1747679455.8967621,0.1539391,0.075535715,1.6315837,-1.5210633,-1.9530277,0.44767705
1747679455.8972805,0.1539391,0.075535715,1.6315837,-1.5210633,-1.9530277,0.44767705
1747679455.897799,0.1539391,0.075535715,1.6315837,-1.5210633,-1.9530277,0.44767705
1747679455.8983169,0.1539391,0.075535715,1.6315837,-1.5210633,-1.9530277,0.44767705
1747679455.8988352,0.1539391,0.075535715,1.6315837,-1.5210633,-1.9530277,0.44767705
1747679455.899357,0.2886587,0.12093037,1.3128449,-1.5210633,-1.9530277,0.44767705
1747679455.8998802,0.2886587,0.12093037,1.3128449,-1.3591433,-1.6920382,0.5105276
1747679455.9004004,0.2886587,0.12093037,1.3128449,-1.3591433,-1.6920382,0.5105276
1747679455.9009185,0.2886587,0.12093037,1.3128449,-1.3591433,-1.6920382,0.5105276
1747679455.901437,0.2886587,0.12093037,1.3128449,-1.3591433,-1.6920382,0.5105276
1747679455.901998,0.2886587,0.12093037,1.3128449,-1.3591433,-1.6920382,0.5105276
1747679455.9025378,0.2886587,0.12093037,1.3128449,-1.3591433,-1.6920382,0.5105276
1747679455.9030626,0.2886587,0.12093037,1.3128449,-1.3591433,-1.6920382,0.5105276
1747679455.9035816,0.2886587,0.12093037,1.3128449,-1.3591433,-1.6920382,0.5105276
1747679455.9041002,0.2886587,0.12093037,1.3128449,-1.3591433,-1.6920382,0.5105276
1747679455.9046323,0.2886587,0.12093037,1.3128449,-1.3591433,-1.6920382,0.5105276
1747679455.9051712,0.2886587,0.12093037,1.3128449,-1.3591433,-1.6920382,0.5105276
1747679455.905694,0.2886587,0.12093037,1.3128449,-1.3591433,-1.6920382,0.5105276
1747679455.9062128,0.2886587,0.12093037,1.3128449,-1.3591433,-1.6920382,0.5105276
1747679455.906731,0.2886587,0.12093037,1.3128449,-1.3591433,-1.6920382,0.5105276
1747679455.9072535,0.2886587,0.12093037,1.3128449,-1.3591433,-1.6920382,0.5105276
1747679455.9078033,0.2886587,0.12093037,1.3128449,-1.3591433,-1.6920382,0.5105276
1747679455.9083555,0.2886587,0.12093037,1.3128449,-1.3591433,-1.6920382,0.5105276
1747679455.9088888,0.2886587,0.12093037,1.3128449,-1.3591433,-1.6920382,0.5105276
1747679455.9094107,0.2886587,0.12093037,1.3128449,-1.3591433,-1.6920382,0.5105276
1747679455.9099329,0.2886587,0.12093037,1.3128449,-1.5189328,-1.2201264,0.49454865
1747679455.9104524,0.2886587,0.12093037,1.3128449,-1.5189328,-1.2201264,0.49454865
1747679455.910971,0.2886587,0.12093037,1.3128449,-1.5189328,-1.2201264,0.49454865
1747679455.9114892,0.2886587,0.12093037,1.3128449,-1.5189328,-1.2201264,0.49454865
1747679455.9120111,0.3823767,0.1726705,1.0014279,-1.5189328,-1.2201264,0.49454865
1747679455.9125314,0.3823767,0.1726705,1.0014279,-1.5189328,-1.2201264,0.49454865
1747679455.9130497,0.3823767,0.1726705,1.0014279,-1.5189328,-1.2201264,0.49454865
1747679455.913568,0.3823767,0.1726705,1.0014279,-1.5189328,-1.2201264,0.49454865
1747679455.9141023,0.3823767,0.1726705,1.0014279,-1.5189328,-1.2201264,0.49454865
1747679455.9146473,0.3823767,0.1726705,1.0014279,-1.5189328,-1.2201264,0.49454865
1747679455.915172,0.3823767,0.1726705,1.0014279,-1.5189328,-1.2201264,0.49454865
1747679455.915691,0.3823767,0.1726705,1.0014279,-1.5189328,-1.2201264,0.49454865
1747679455.916209,0.3823767,0.1726705,1.0014279,-1.5189328,-1.2201264,0.49454865
1747679455.9167268,0.3823767,0.1726705,1.0014279,-1.5189328,-1.2201264,0.49454865
1747679455.9174035,0.3823767,0.1726705,1.0014279,-1.5189328,-1.2201264,0.49454865
1747679455.9179597,0.3823767,0.1726705,1.0014279,-1.5189328,-1.2201264,0.49454865
1747679455.9184992,0.3823767,0.1726705,1.0014279,-1.5189328,-1.2201264,0.49454865
1747679455.919032,0.3823767,0.1726705,1.0014279,-1.5189328,-1.2201264,0.49454865
1747679455.9195514,0.3823767,0.1726705,1.0014279,-1.5189328,-1.2201264,0.49454865
1747679455.9200742,0.3823767,0.1726705,1.0014279,-1.9343857,-0.70347345,0.42424124
1747679455.9205947,0.3823767,0.1726705,1.0014279,-1.9343857,-0.70347345,0.42424124
1747679455.921115,0.3823767,0.1726705,1.0014279,-1.9343857,-0.70347345,0.42424124
1747679455.9216373,0.50050044,0.21708892,0.8545055,-1.9343857,-0.70347345,0.42424124
1747679455.9221573,0.50050044,0.21708892,0.8545055,-1.9343857,-0.70347345,0.42424124
1747679455.9226773,0.50050044,0.21708892,0.8545055,-1.9343857,-0.70347345,0.42424124
1747679455.923201,0.50050044,0.21708892,0.8545055,-1.9343857,-0.70347345,0.42424124
1747679455.9237525,0.50050044,0.21708892,0.8545055,-1.9343857,-0.70347345,0.42424124
1747679455.924314,0.50050044,0.21708892,0.8545055,-1.9343857,-0.70347345,0.42424124
1747679455.9248607,0.50050044,0.21708892,0.8545055,-1.9343857,-0.70347345,0.42424124
1747679455.9253962,0.50050044,0.21708892,0.8545055,-1.9343857,-0.70347345,0.42424124
1747679455.925941,0.50050044,0.21708892,0.8545055,-1.9343857,-0.70347345,0.42424124
1747679455.926488,0.50050044,0.21708892,0.8545055,-1.9343857,-0.70347345,0.42424124
1747679455.9270458,0.50050044,0.21708892,0.8545055,-1.9343857,-0.70347345,0.42424124
1747679455.927579,0.50050044,0.21708892,0.8545055,-1.9343857,-0.70347345,0.42424124
1747679455.9281127,0.50050044,0.21708892,0.8545055,-1.9343857,-0.70347345,0.42424124
1747679455.928645,0.50050044,0.21708892,0.8545055,-1.9343857,-0.70347345,0.42424124
1747679455.9292529,0.57664627,0.22197007,0.8798874,-2.4766047,-0.2400838,0.23462431
1747679455.929791,0.57664627,0.22197007,0.8798874,-2.4766047,-0.2400838,0.23462431
1747679455.9303234,0.57664627,0.22197007,0.8798874,-2.4766047,-0.2400838,0.23462431
1747679455.9308517,0.57664627,0.22197007,0.8798874,-2.4766047,-0.2400838,0.23462431
1747679455.9313726,0.57664627,0.22197007,0.8798874,-2.4766047,-0.2400838,0.23462431
1747679455.931891,0.57664627,0.22197007,0.8798874,-2.4766047,-0.2400838,0.23462431
1747679455.932449,0.57664627,0.22197007,0.8798874,-2.4766047,-0.2400838,0.23462431
1747679455.933008,0.57664627,0.22197007,0.8798874,-2.4766047,-0.2400838,0.23462431
1747679455.9335957,0.57664627,0.22197007,0.8798874,-2.4766047,-0.2400838,0.23462431
1747679455.9341486,0.57664627,0.22197007,0.8798874,-2.4766047,-0.2400838,0.23462431
1747679455.9346983,0.57664627,0.22197007,0.8798874,-2.4766047,-0.2400838,0.23462431
1747679455.9352481,0.57664627,0.22197007,0.8798874,-2.4766047,-0.2400838,0.23462431
1747679455.9358141,0.57664627,0.22197007,0.8798874,-2.4766047,-0.2400838,0.23462431
1747679455.9363532,0.57664627,0.22197007,0.8798874,-2.4766047,-0.2400838,0.23462431
1747679455.9368775,0.57664627,0.22197007,0.8798874,-2.4766047,-0.2400838,0.23462431
1747679455.9373963,0.57664627,0.22197007,0.8798874,-2.4766047,-0.2400838,0.23462431
1747679455.9379194,0.57664627,0.22197007,0.8798874,-2.4766047,-0.2400838,0.23462431
1747679455.9385326,0.57664627,0.22197007,0.8798874,-2.4766047,-0.2400838,0.23462431
1747679455.939083,0.57664627,0.22197007,0.8798874,-2.4766047,-0.2400838,0.23462431
1747679455.9396164,0.57664627,0.22197007,0.8798874,-2.4766047,-0.2400838,0.23462431
1747679455.9401362,0.57664627,0.22197007,0.8798874,-2.4766047,-0.2400838,0.23462431
1747679455.9406543,0.57664627,0.22197007,0.8798874,-2.4766047,-0.2400838,0.23462431
1747679455.9411762,0.57664627,0.22197007,0.8798874,-2.4766047,-0.2400838,0.23462431
1747679455.9416955,0.57664627,0.22197007,0.8798874,-2.4766047,-0.2400838,0.23462431
1747679455.9422145,0.57664627,0.22197007,0.8798874,-2.4766047,-0.2400838,0.23462431
1747679455.9427361,0.57664627,0.22197007,0.8798874,-2.4766047,-0.2400838,0.23462431
1747679455.9432557,0.57664627,0.22197007,0.8798874,-2.4766047,-0.2400838,0.23462431
1747679455.9437902,0.57664627,0.22197007,0.8798874,-2.4766047,-0.2400838,0.23462431
1747679455.944336,0.57664627,0.22197007,0.8798874,-2.4766047,-0.2400838,0.23462431
1747679455.9448602,0.57664627,0.22197007,0.8798874,-2.4766047,-0.2400838,0.23462431
1747679455.9453785,0.57664627,0.22197007,0.8798874,-2.4766047,-0.2400838,0.23462431
1747679455.945897,0.57664627,0.22197007,0.8798874,-2.4766047,-0.2400838,0.23462431
1747679455.9464152,0.57664627,0.22197007,0.8798874,-2.4766047,-0.2400838,0.23462431
1747679455.9469335,0.57664627,0.22197007,0.8798874,-2.4766047,-0.2400838,0.23462431
1747679455.9474514,0.57664627,0.22197007,0.8798874,-2.4766047,-0.2400838,0.23462431
1747679455.9480484,0.57664627,0.22197007,0.8798874,-2.4766047,-0.2400838,0.23462431
1747679455.9485958,0.57664627,0.22197007,0.8798874,-2.4766047,-0.2400838,0.23462431
1747679455.949132,0.57664627,0.22197007,0.8798874,-2.4766047,-0.2400838,0.23462431
1747679455.9496741,0.57664627,0.22197007,0.8798874,-2.4766047,-0.2400838,0.23462431
1747679455.950215,0.57664627,0.22197007,0.8798874,-2.4766047,-0.2400838,0.23462431
1747679455.9507515,0.57664627,0.22197007,0.8798874,-3.0965881,0.20413114,-0.12969585
1747679455.951277,0.46926108,0.16046764,1.4563507,-3.0965881,0.20413114,-0.12969585
1747679455.9517965,0.46926108,0.16046764,1.4563507,-3.0965881,0.20413114,-0.12969585
1747679455.9523149,0.46926108,0.16046764,1.4563507,-3.0965881,0.20413114,-0.12969585
1747679455.9528327,0.46926108,0.16046764,1.4563507,-3.0965881,0.20413114,-0.12969585
1747679455.9533505,0.46926108,0.16046764,1.4563507,-3.0965881,0.20413114,-0.12969585
1747679455.9539065,0.46926108,0.16046764,1.4563507,-3.0965881,0.20413114,-0.12969585
1747679455.954471,0.46926108,0.16046764,1.4563507,-3.0965881,0.20413114,-0.12969585
1747679455.9550767,0.46926108,0.16046764,1.4563507,-3.0965881,0.20413114,-0.12969585
1747679455.9556122,0.46926108,0.16046764,1.4563507,-3.0965881,0.20413114,-0.12969585
1747679455.956134,0.46926108,0.16046764,1.4563507,-3.0965881,0.20413114,-0.12969585
1747679455.9566555,0.46926108,0.16046764,1.4563507,-3.0965881,0.20413114,-0.12969585
1747679455.9571767,0.46926108,0.16046764,1.4563507,-3.0965881,0.20413114,-0.12969585
1747679455.9576974,0.46926108,0.16046764,1.4563507,-3.0965881,0.20413114,-0.12969585
1747679455.9582186,0.46926108,0.16046764,1.4563507,-3.0965881,0.20413114,-0.12969585
1747679455.958739,0.46926108,0.16046764,1.4563507,-3.0965881,0.20413114,-0.12969585
1747679455.9592595,0.46926108,0.16046764,1.4563507,-3.0965881,0.20413114,-0.12969585
1747679455.95978,0.46926108,0.16046764,1.4563507,-3.0965881,0.20413114,-0.12969585
1747679455.9603007,0.46926108,0.16046764,1.4563507,-3.0965881,0.20413114,-0.12969585
1747679455.9609122,0.46926108,0.16046764,1.4563507,-3.0965881,0.20413114,-0.12969585
1747679455.9614637,0.46926108,0.16046764,1.4563507,-3.0965881,0.20413114,-0.12969585
1747679455.962023,0.46926108,0.16046764,1.4563507,-2.937864,0.123171106,-0.21172115
1747679455.9626155,0.46926108,0.16046764,1.4563507,-2.937864,0.123171106,-0.21172115
1747679455.9636264,0.46926108,0.16046764,1.4563507,-2.937864,0.123171106,-0.21172115
1747679455.9641998,0.46926108,0.16046764,1.4563507,-2.937864,0.123171106,-0.21172115
1747679455.9647572,0.46926108,0.16046764,1.4563507,-2.937864,0.123171106,-0.21172115
1747679455.9653213,0.46926108,0.16046764,1.4563507,-2.937864,0.123171106,-0.21172115
1747679455.9658809,0.46926108,0.16046764,1.4563507,-2.937864,0.123171106,-0.21172115
1747679455.9664493,0.46926108,0.16046764,1.4563507,-2.937864,0.123171106,-0.21172115
1747679455.9670053,0.46926108,0.16046764,1.4563507,-2.937864,0.123171106,-0.21172115
1747679455.9675612,0.46926108,0.16046764,1.4563507,-2.937864,0.123171106,-0.21172115
1747679455.9681163,0.46926108,0.16046764,1.4563507,-2.937864,0.123171106,-0.21172115
1747679455.9686844,0.46926108,0.16046764,1.4563507,-2.937864,0.123171106,-0.21172115
1747679455.969258,0.46926108,0.16046764,1.4563507,-2.937864,0.123171106,-0.21172115
1747679455.9702682,0.46926108,0.16046764,1.4563507,-2.937864,0.123171106,-0.21172115
1747679455.97096,0.3316128,0.132157,1.9449532,-2.937864,0.123171106,-0.21172115
1747679455.9715126,0.3316128,0.132157,1.9449532,-2.937864,0.123171106,-0.21172115
1747679455.9720469,0.3316128,0.132157,1.9449532,-2.7003102,0.020905798,-0.22663485
1747679455.9725683,0.3316128,0.132157,1.9449532,-2.7003102,0.020905798,-0.22663485
1747679455.973089,0.3316128,0.132157,1.9449532,-2.7003102,0.020905798,-0.22663485
1747679455.9736254,0.3316128,0.132157,1.9449532,-2.7003102,0.020905798,-0.22663485
1747679455.9741707,0.3316128,0.132157,1.9449532,-2.7003102,0.020905798,-0.22663485
1747679455.9746957,0.3316128,0.132157,1.9449532,-2.7003102,0.020905798,-0.22663485
1747679455.9752145,0.3316128,0.132157,1.9449532,-2.7003102,0.020905798,-0.22663485
1747679455.975733,0.3316128,0.132157,1.9449532,-2.7003102,0.020905798,-0.22663485
1747679455.9762511,0.3316128,0.132157,1.9449532,-2.7003102,0.020905798,-0.22663485
1747679455.9767692,0.3316128,0.132157,1.9449532,-2.7003102,0.020905798,-0.22663485
1747679455.977287,0.3316128,0.132157,1.9449532,-2.7003102,0.020905798,-0.22663485
1747679455.977805,0.3316128,0.132157,1.9449532,-2.7003102,0.020905798,-0.22663485
1747679455.9786909,0.3316128,0.132157,1.9449532,-2.7003102,0.020905798,-0.22663485
1747679455.9792414,0.3316128,0.132157,1.9449532,-2.7003102,0.020905798,-0.22663485
1747679455.9797826,0.3316128,0.132157,1.9449532,-2.7003102,0.020905798,-0.22663485
1747679455.980368,0.3316128,0.132157,1.9449532,-2.7003102,0.020905798,-0.22663485
1747679455.9809148,0.3316128,0.132157,1.9449532,-2.7003102,0.020905798,-0.22663485
1747679455.9814477,0.3316128,0.132157,1.9449532,-2.7003102,0.020905798,-0.22663485
1747679455.9819677,0.3316128,0.132157,1.9449532,-2.7003102,0.020905798,-0.22663485
1747679455.9824858,0.3316128,0.132157,1.9449532,-2.7003102,0.020905798,-0.22663485
1747679455.9830039,0.3316128,0.132157,1.9449532,-2.7003102,0.020905798,-0.22663485
1747679455.9835224,0.3316128,0.132157,1.9449532,-2.7003102,0.020905798,-0.22663485
1747679455.9840558,0.3316128,0.132157,1.9449532,-2.7003102,0.020905798,-0.22663485
1747679455.9845943,0.3316128,0.132157,1.9449532,-2.7003102,0.020905798,-0.22663485
1747679455.9851213,0.3316128,0.132157,1.9449532,-2.7003102,0.020905798,-0.22663485
1747679455.9856834,0.3316128,0.132157,1.9449532,-2.7003102,0.020905798,-0.22663485
1747679455.9862356,0.3316128,0.132157,1.9449532,-2.7003102,0.020905798,-0.22663485
1747679455.9867692,0.2808489,0.124347165,2.0869946,-2.7003102,0.020905798,-0.22663485
1747679455.9872928,0.2808489,0.124347165,2.0869946,-2.7003102,0.020905798,-0.22663485
1747679455.9878128,0.2808489,0.124347165,2.0869946,-2.7003102,0.020905798,-0.22663485
1747679455.9883342,0.2808489,0.124347165,2.0869946,-1.9130803,-0.17723323,-0.22130851
1747679455.9889169,0.2808489,0.124347165,2.0869946,-1.9130803,-0.17723323,-0.22130851
1747679455.9894605,0.2808489,0.124347165,2.0869946,-1.9130803,-0.17723323,-0.22130851
1747679455.989985,0.2808489,0.124347165,2.0869946,-1.9130803,-0.17723323,-0.22130851
1747679455.9905033,0.2808489,0.124347165,2.0869946,-1.9130803,-0.17723323,-0.22130851
1747679455.9910214,0.2808489,0.124347165,2.0869946,-1.9130803,-0.17723323,-0.22130851
1747679455.9915428,0.2808489,0.124347165,2.0869946,-1.9130803,-0.17723323,-0.22130851
1747679455.9920635,0.2808489,0.124347165,2.0869946,-1.9130803,-0.17723323,-0.22130851
1747679455.9925814,0.2808489,0.124347165,2.0869946,-1.9130803,-0.17723323,-0.22130851
1747679455.9930995,0.2808489,0.124347165,2.0869946,-1.9130803,-0.17723323,-0.22130851
1747679455.993643,0.2808489,0.124347165,2.0869946,-1.9130803,-0.17723323,-0.22130851
1747679455.9941964,0.2808489,0.124347165,2.0869946,-1.9130803,-0.17723323,-0.22130851
1747679455.9947379,0.2808489,0.124347165,2.0869946,-1.9130803,-0.17723323,-0.22130851
1747679455.9952657,0.23984726,0.13410947,2.017194,-1.9130803,-0.17723323,-0.22130851
1747679455.9957883,0.23984726,0.13410947,2.017194,-1.3122716,-0.21025641,-0.20213377
1747679455.9963105,0.23984726,0.13410947,2.017194,-1.3122716,-0.21025641,-0.20213377
1747679455.9968307,0.23984726,0.13410947,2.017194,-1.3122716,-0.21025641,-0.20213377
1747679455.9973488,0.23984726,0.13410947,2.017194,-1.3122716,-0.21025641,-0.20213377
1747679455.9978678,0.23984726,0.13410947,2.017194,-1.3122716,-0.21025641,-0.20213377
1747679455.9983861,0.23984726,0.13410947,2.017194,-1.3122716,-0.21025641,-0.20213377
1747679455.998904,0.23984726,0.13410947,2.017194,-1.3122716,-0.21025641,-0.20213377
1747679455.9994226,0.23984726,0.13410947,2.017194,-1.3122716,-0.21025641,-0.20213377
1747679455.9999406,0.23984726,0.13410947,2.017194,-1.3122716,-0.21025641,-0.20213377
1747679456.0004585,0.23984726,0.13410947,2.017194,-1.3122716,-0.21025641,-0.20213377
1747679456.0009816,0.23984726,0.13410947,2.017194,-1.3122716,-0.21025641,-0.20213377
1747679456.0015326,0.23984726,0.13410947,2.017194,-1.3122716,-0.21025641,-0.20213377
1747679456.0020852,0.23984726,0.13410947,2.017194,-1.3122716,-0.21025641,-0.20213377
1747679456.0026183,0.23984726,0.13410947,2.017194,-1.3122716,-0.21025641,-0.20213377
1747679456.0031378,0.23984726,0.13410947,2.017194,-1.3122716,-0.21025641,-0.20213377
1747679456.003673,0.23984726,0.13410947,2.017194,-1.3122716,-0.21025641,-0.20213377
1747679456.0042186,0.23984726,0.13410947,2.017194,-1.3122716,-0.21025641,-0.20213377
1747679456.004743,0.23984726,0.13410947,2.017194,-1.3122716,-0.21025641,-0.20213377
1747679456.005262,0.23984726,0.13410947,2.017194,-1.3122716,-0.21025641,-0.20213377
1747679456.0057847,0.23984726,0.13410947,2.017194,-1.3122716,-0.21025641,-0.20213377
1747679456.006305,0.23984726,0.13410947,2.017194,-1.3122716,-0.21025641,-0.20213377
1747679456.0068257,0.23984726,0.13410947,2.017194,-0.8360988,-0.1548627,-0.19148114
1747679456.0073454,0.23984726,0.13410947,2.017194,-0.8360988,-0.1548627,-0.19148114
1747679456.0078638,0.23984726,0.13410947,2.017194,-0.8360988,-0.1548627,-0.19148114
1747679456.0083845,0.20372678,0.17755164,1.8326868,-0.8360988,-0.1548627,-0.19148114
1747679456.0092235,0.20372678,0.17755164,1.8326868,-0.8360988,-0.1548627,-0.19148114
1747679456.0098417,0.20372678,0.17755164,1.8326868,-0.8360988,-0.1548627,-0.19148114
1747679456.0104089,0.20372678,0.17755164,1.8326868,-0.8360988,-0.1548627,-0.19148114
1747679456.0109787,0.20372678,0.17755164,1.8326868,-0.8360988,-0.1548627,-0.19148114
1747679456.0115213,0.20372678,0.17755164,1.8326868,-0.59747976,-0.070706874,-0.17550218
1747679456.0120463,0.20372678,0.17755164,1.8326868,-0.59747976,-0.070706874,-0.17550218
1747679456.012568,0.15735592,0.22441064,1.5925345,-0.59747976,-0.070706874,-0.17550218
1747679456.013088,0.15735592,0.22441064,1.5925345,-0.59747976,-0.070706874,-0.17550218
1747679456.013606,0.15735592,0.22441064,1.5925345,-0.59747976,-0.070706874,-0.17550218
1747679456.0141397,0.15735592,0.22441064,1.5925345,-0.59747976,-0.070706874,-0.17550218
1747679456.014678,0.15735592,0.22441064,1.5925345,-0.59747976,-0.070706874,-0.17550218
1747679456.0152009,0.15735592,0.22441064,1.5925345,-0.59747976,-0.070706874,-0.17550218
1747679456.0157194,0.15735592,0.22441064,1.5925345,-0.59747976,-0.070706874,-0.17550218
1747679456.0162377,0.15735592,0.22441064,1.5925345,-0.59747976,-0.070706874,-0.17550218
1747679456.0167606,0.15735592,0.22441064,1.5925345,-0.59747976,-0.070706874,-0.17550218
1747679456.0173132,0.15735592,0.22441064,1.5925345,-0.59747976,-0.070706874,-0.17550218
1747679456.017866,0.15735592,0.22441064,1.5925345,-0.59747976,-0.070706874,-0.17550218
1747679456.018399,0.15735592,0.22441064,1.5925345,-0.59747976,-0.070706874,-0.17550218
1747679456.018918,0.15735592,0.22441064,1.5925345,-0.59747976,-0.070706874,-0.17550218
1747679456.0194366,0.15735592,0.22441064,1.5925345,-0.59747976,-0.070706874,-0.17550218
1747679456.0199594,0.11440183,0.26150733,1.4016818,-0.59747976,-0.070706874,-0.17550218
1747679456.0204818,0.11440183,0.26150733,1.4016818,-0.59747976,-0.070706874,-0.17550218
1747679456.0210035,0.11440183,0.26150733,1.4016818,-0.59747976,-0.070706874,-0.17550218
1747679456.0215266,0.11440183,0.26150733,1.4016818,-0.59747976,-0.070706874,-0.17550218
1747679456.022048,0.11440183,0.26150733,1.4016818,-0.47817022,0.06564687,-0.13076112
1747679456.0225675,0.11440183,0.26150733,1.4016818,-0.47817022,0.06564687,-0.13076112
1747679456.023086,0.11440183,0.26150733,1.4016818,-0.47817022,0.06564687,-0.13076112
1747679456.0236044,0.11440183,0.26150733,1.4016818,-0.47817022,0.06564687,-0.13076112
1747679456.0241418,0.11440183,0.26150733,1.4016818,-0.47817022,0.06564687,-0.13076112
1747679456.0246983,0.11440183,0.26150733,1.4016818,-0.47817022,0.06564687,-0.13076112
1747679456.025244,0.11440183,0.26150733,1.4016818,-0.47817022,0.06564687,-0.13076112
1747679456.0257683,0.11440183,0.26150733,1.4016818,-0.47817022,0.06564687,-0.13076112
1747679456.026287,0.11440183,0.26150733,1.4016818,-0.47817022,0.06564687,-0.13076112
1747679456.0268052,0.11440183,0.26150733,1.4016818,-0.47817022,0.06564687,-0.13076112
1747679456.0273228,0.11440183,0.26150733,1.4016818,-0.47817022,0.06564687,-0.13076112
1747679456.0278413,0.11440183,0.26150733,1.4016818,-0.47817022,0.06564687,-0.13076112
1747679456.028359,0.11440183,0.26150733,1.4016818,-0.47817022,0.06564687,-0.13076112
1747679456.0288768,0.11440183,0.26150733,1.4016818,-0.47817022,0.06564687,-0.13076112
1747679456.0293946,0.11440183,0.26150733,1.4016818,-0.47817022,0.06564687,-0.13076112
1747679456.0299168,0.11440183,0.26150733,1.4016818,-0.47817022,0.06564687,-0.13076112
1747679456.030438,0.11440183,0.26150733,1.4016818,-0.47817022,0.06564687,-0.13076112
1747679456.030961,0.09390102,0.2893299,1.291856,-0.47817022,0.06564687,-0.13076112
1747679456.031485,0.09390102,0.2893299,1.291856,-0.47817022,0.06564687,-0.13076112
1747679456.0320365,0.09390102,0.2893299,1.291856,-0.5165197,0.14021532,-0.06471477
1747679456.0325902,0.09390102,0.2893299,1.291856,-0.5165197,0.14021532,-0.06471477
1747679456.033123,0.09390102,0.2893299,1.291856,-0.5165197,0.14021532,-0.06471477
1747679456.0336425,0.09390102,0.2893299,1.291856,-0.5165197,0.14021532,-0.06471477
1747679456.0341773,0.09390102,0.2893299,1.291856,-0.5165197,0.14021532,-0.06471477
1747679456.0347226,0.09390102,0.2893299,1.291856,-0.5165197,0.14021532,-0.06471477
1747679456.035247,0.09390102,0.2893299,1.291856,-0.5165197,0.14021532,-0.06471477
1747679456.0357656,0.09390102,0.2893299,1.291856,-0.5165197,0.14021532,-0.06471477
1747679456.0362875,0.09390102,0.2893299,1.291856,-0.5165197,0.14021532,-0.06471477
1747679456.0368059,0.09390102,0.2893299,1.291856,-0.5165197,0.14021532,-0.06471477
1747679456.0373719,0.09390102,0.2893299,1.291856,-0.5165197,0.14021532,-0.06471477
1747679456.0378916,0.09390102,0.2893299,1.291856,-0.5165197,0.14021532,-0.06471477
1747679456.0384097,0.09390102,0.2893299,1.291856,-0.5165197,0.14021532,-0.06471477
1747679456.039058,0.12904526,0.31910485,1.2625692,-0.5165197,0.14021532,-0.06471477
1747679456.0396214,0.12904526,0.31910485,1.2625692,-0.5165197,0.14021532,-0.06471477
1747679456.0401766,0.12904526,0.31910485,1.2625692,-0.6017408,0.113583736,0.0023968432
1747679456.040719,0.12904526,0.31910485,1.2625692,-0.6017408,0.113583736,0.0023968432
1747679456.0412521,0.12904526,0.31910485,1.2625692,-0.6017408,0.113583736,0.0023968432
1747679456.0417721,0.12904526,0.31910485,1.2625692,-0.6017408,0.113583736,0.0023968432
1747679456.0422902,0.12904526,0.31910485,1.2625692,-0.6017408,0.113583736,0.0023968432
1747679456.0428083,0.12904526,0.31910485,1.2625692,-0.6017408,0.113583736,0.0023968432
1747679456.0433435,0.12904526,0.31910485,1.2625692,-0.6017408,0.113583736,0.0023968432
1747679456.0438888,0.12904526,0.31910485,1.2625692,-0.6017408,0.113583736,0.0023968432
1747679456.0444133,0.12904526,0.31910485,1.2625692,-0.6017408,0.113583736,0.0023968432
1747679456.0449321,0.12904526,0.31910485,1.2625692,-0.6017408,0.113583736,0.0023968432
1747679456.0454504,0.12904526,0.31910485,1.2625692,-0.6017408,0.113583736,0.0023968432
1747679456.045969,0.12904526,0.31910485,1.2625692,-0.6017408,0.113583736,0.0023968432
1747679456.0464866,0.12904526,0.31910485,1.2625692,-0.6017408,0.113583736,0.0023968432
1747679456.0470047,0.12904526,0.31910485,1.2625692,-0.6017408,0.113583736,0.0023968432
1747679456.0475273,0.12904526,0.31910485,1.2625692,-0.6017408,0.113583736,0.0023968432
1747679456.0480778,0.12904526,0.31910485,1.2625692,-0.6017408,0.113583736,0.0023968432
1747679456.0486302,0.12904526,0.31910485,1.2625692,-0.6017408,0.113583736,0.0023968432
1747679456.0491636,0.12904526,0.31910485,1.2625692,-0.6017408,0.113583736,0.0023968432
1747679456.0496867,0.12904526,0.31910485,1.2625692,-0.6017408,0.113583736,0.0023968432
1747679456.05021,0.17932107,0.33814132,1.3118687,-0.67098296,-0.01957422,0.022636853
1747679456.0507298,0.17932107,0.33814132,1.3118687,-0.67098296,-0.01957422,0.022636853
1747679456.051248,0.17932107,0.33814132,1.3118687,-0.67098296,-0.01957422,0.022636853
1747679456.0517685,0.17932107,0.33814132,1.3118687,-0.67098296,-0.01957422,0.022636853
1747679456.052288,0.17932107,0.33814132,1.3118687,-0.67098296,-0.01957422,0.022636853
1747679456.0528064,0.17932107,0.33814132,1.3118687,-0.67098296,-0.01957422,0.022636853
1747679456.0533242,0.17932107,0.33814132,1.3118687,-0.67098296,-0.01957422,0.022636853
1747679456.053859,0.17932107,0.33814132,1.3118687,-0.67098296,-0.01957422,0.022636853
1747679456.0544093,0.17932107,0.33814132,1.3118687,-0.67098296,-0.01957422,0.022636853
1747679456.0549395,0.17932107,0.33814132,1.3118687,-0.67098296,-0.01957422,0.022636853
1747679456.0554612,0.17932107,0.33814132,1.3118687,-0.67098296,-0.01957422,0.022636853
1747679456.0559824,0.17932107,0.33814132,1.3118687,-0.67098296,-0.01957422,0.022636853
1747679456.0565033,0.17932107,0.33814132,1.3118687,-0.67098296,-0.01957422,0.022636853
1747679456.057024,0.17932107,0.33814132,1.3118687,-0.67098296,-0.01957422,0.022636853
1747679456.057545,0.17932107,0.33814132,1.3118687,-0.67098296,-0.01957422,0.022636853
1747679456.0580654,0.17932107,0.33814132,1.3118687,-0.67098296,-0.01957422,0.022636853
1747679456.0585864,0.17932107,0.33814132,1.3118687,-0.67098296,-0.01957422,0.022636853
1747679456.0591068,0.17932107,0.33814132,1.3118687,-0.67098296,-0.01957422,0.022636853
1747679456.0596275,0.17932107,0.33814132,1.3118687,-0.67098296,-0.01957422,0.022636853
1747679456.0601525,0.2110485,0.33862945,1.4065629,-0.6635261,-0.16018902,0.015180007
1747679456.0606754,0.2110485,0.33862945,1.4065629,-0.6635261,-0.16018902,0.015180007
1747679456.0612128,0.2110485,0.33862945,1.4065629,-0.6635261,-0.16018902,0.015180007
1747679456.061757,0.2110485,0.33862945,1.4065629,-0.6635261,-0.16018902,0.015180007
1747679456.0622804,0.2110485,0.33862945,1.4065629,-0.6635261,-0.16018902,0.015180007
1747679456.0628052,0.2110485,0.33862945,1.4065629,-0.6635261,-0.16018902,0.015180007
1747679456.063338,0.2110485,0.33862945,1.4065629,-0.6635261,-0.16018902,0.015180007
1747679456.0638897,0.2110485,0.33862945,1.4065629,-0.6635261,-0.16018902,0.015180007
1747679456.064456,0.2110485,0.33862945,1.4065629,-0.6635261,-0.16018902,0.015180007
1747679456.0650058,0.2110485,0.33862945,1.4065629,-0.6635261,-0.16018902,0.015180007
1747679456.0655322,0.2110485,0.33862945,1.4065629,-0.6635261,-0.16018902,0.015180007
1747679456.0660534,0.2110485,0.33862945,1.4065629,-0.6635261,-0.16018902,0.015180007
1747679456.0665743,0.2110485,0.33862945,1.4065629,-0.6635261,-0.16018902,0.015180007
1747679456.0670955,0.2110485,0.33862945,1.4065629,-0.6635261,-0.16018902,0.015180007
1747679456.067622,0.2110485,0.33862945,1.4065629,-0.6635261,-0.16018902,0.015180007
1747679456.0681496,0.2110485,0.33862945,1.4065629,-0.6635261,-0.16018902,0.015180007
1747679456.068671,0.2110485,0.33862945,1.4065629,-0.6635261,-0.16018902,0.015180007
1747679456.0698783,0.2110485,0.33862945,1.4065629,-0.6635261,-0.16018902,0.015180007
1747679456.0702224,0.2110485,0.33862945,1.4065629,-0.6635261,-0.16018902,0.015180007
1747679456.0712588,0.2110485,0.33862945,1.4065629,-0.6635261,-0.16018902,0.015180007
1747679456.0717916,0.2110485,0.33862945,1.4065629,-0.6635261,-0.16018902,0.015180007
1747679456.072311,0.2110485,0.33862945,1.4065629,-0.6635261,-0.16018902,0.015180007
1747679456.0728292,0.2110485,0.33862945,1.4065629,-0.6635261,-0.16018902,0.015180007
1747679456.07335,0.2110485,0.33862945,1.4065629,-0.6635261,-0.16018902,0.015180007
1747679456.0738902,0.2110485,0.33862945,1.4065629,-0.6635261,-0.16018902,0.015180007
1747679456.0744367,0.2110485,0.33862945,1.4065629,-0.6635261,-0.16018902,0.015180007
1747679456.0749648,0.22813252,0.33228394,1.466601,-0.6635261,-0.16018902,0.015180007
1747679456.0754855,0.22813252,0.33228394,1.466601,-0.6635261,-0.16018902,0.015180007
1747679456.076004,0.22813252,0.33228394,1.466601,-0.6635261,-0.16018902,0.015180007
1747679456.0765245,0.22813252,0.33228394,1.466601,-0.598545,-0.24541011,0.006657898
1747679456.077044,0.22813252,0.33228394,1.466601,-0.598545,-0.24541011,0.006657898
1747679456.0775619,0.22813252,0.33228394,1.466601,-0.598545,-0.24541011,0.006657898
1747679456.0780802,0.22813252,0.33228394,1.466601,-0.598545,-0.24541011,0.006657898
1747679456.0785985,0.22813252,0.33228394,1.466601,-0.598545,-0.24541011,0.006657898
1747679456.0791214,0.22813252,0.33228394,1.466601,-0.598545,-0.24541011,0.006657898
1747679456.0796716,0.22813252,0.33228394,1.466601,-0.598545,-0.24541011,0.006657898
1747679456.080221,0.22813252,0.33228394,1.466601,-0.598545,-0.24541011,0.006657898
1747679456.0807543,0.22813252,0.33228394,1.466601,-0.598545,-0.24541011,0.006657898
1747679456.0812733,0.22813252,0.33228394,1.466601,-0.598545,-0.24541011,0.006657898
1747679456.0817916,0.22813252,0.33228394,1.466601,-0.598545,-0.24541011,0.006657898
1747679456.082312,0.22813252,0.33228394,1.466601,-0.598545,-0.24541011,0.006657898
1747679456.0828364,0.22813252,0.33228394,1.466601,-0.598545,-0.24541011,0.006657898
1747679456.0833585,0.22813252,0.33228394,1.466601,-0.598545,-0.24541011,0.006657898
1747679456.0838811,0.24912143,0.32691467,1.552021,-0.49201864,-0.31145647,-0.0039947387
1747679456.084427,0.24912143,0.32691467,1.552021,-0.49201864,-0.31145647,-0.0039947387
1747679456.0849717,0.24912143,0.32691467,1.552021,-0.49201864,-0.31145647,-0.0039947387
1747679456.0854967,0.24912143,0.32691467,1.552021,-0.49201864,-0.31145647,-0.0039947387
1747679456.0860164,0.24912143,0.32691467,1.552021,-0.49201864,-0.31145647,-0.0039947387
1747679456.0865347,0.24912143,0.32691467,1.552021,-0.49201864,-0.31145647,-0.0039947387
1747679456.0870533,0.24912143,0.32691467,1.552021,-0.49201864,-0.31145647,-0.0039947387
1747679456.0875714,0.24912143,0.32691467,1.552021,-0.49201864,-0.31145647,-0.0039947387
1747679456.0880897,0.24912143,0.32691467,1.552021,-0.49201864,-0.31145647,-0.0039947387
1747679456.0886078,0.24912143,0.32691467,1.552021,-0.49201864,-0.31145647,-0.0039947387
1747679456.0891259,0.24912143,0.32691467,1.552021,-0.49201864,-0.31145647,-0.0039947387
1747679456.0896437,0.24912143,0.32691467,1.552021,-0.49201864,-0.31145647,-0.0039947387
1747679456.090162,0.24912143,0.32691467,1.552021,-0.49201864,-0.31145647,-0.0039947387
1747679456.09068,0.24912143,0.32691467,1.552021,-0.49201864,-0.31145647,-0.0039947387
1747679456.0911977,0.24912143,0.32691467,1.552021,-0.49201864,-0.31145647,-0.0039947387
1747679456.0917158,0.24912143,0.32691467,1.552021,-0.49201864,-0.31145647,-0.0039947387
1747679456.092234,0.24912143,0.32691467,1.552021,-0.49201864,-0.31145647,-0.0039947387
1747679456.092752,0.24912143,0.32691467,1.552021,-0.49201864,-0.31145647,-0.0039947387
1747679456.0932696,0.24912143,0.32691467,1.552021,-0.49201864,-0.31145647,-0.0039947387
1747679456.093812,0.24912143,0.32691467,1.552021,-0.49201864,-0.31145647,-0.0039947387
1747679456.094357,0.26034808,0.33423638,1.6257263,-0.49201864,-0.31145647,-0.0039947387
1747679456.0948858,0.26034808,0.33423638,1.6257263,-0.49201864,-0.31145647,-0.0039947387
1747679456.0954509,0.26034808,0.33423638,1.6257263,-0.27896592,-0.33595753,-0.01571264
1747679456.095995,0.26034808,0.33423638,1.6257263,-0.27896592,-0.33595753,-0.01571264
1747679456.0965276,0.26034808,0.33423638,1.6257263,-0.27896592,-0.33595753,-0.01571264
1747679456.0970478,0.26034808,0.33423638,1.6257263,-0.27896592,-0.33595753,-0.01571264
1747679456.0975661,0.26034808,0.33423638,1.6257263,-0.27896592,-0.33595753,-0.01571264
1747679456.0980847,0.26034808,0.33423638,1.6257263,-0.27896592,-0.33595753,-0.01571264
1747679456.0986028,0.26034808,0.33423638,1.6257263,-0.27896592,-0.33595753,-0.01571264
1747679456.0991209,0.26034808,0.33423638,1.6257263,-0.27896592,-0.33595753,-0.01571264
1747679456.099757,0.26034808,0.33423638,1.6257263,-0.27896592,-0.33595753,-0.01571264
1747679456.1003191,0.26034808,0.33423638,1.6257263,-0.27896592,-0.33595753,-0.01571264
1747679456.1008694,0.26034808,0.33423638,1.6257263,-0.27896592,-0.33595753,-0.01571264
1747679456.1014118,0.26034808,0.33423638,1.6257263,-0.27896592,-0.33595753,-0.01571264
1747679456.1019447,0.26034808,0.33423638,1.6257263,-0.27896592,-0.33595753,-0.01571264
1747679456.1024644,0.26034808,0.33423638,1.6257263,-0.27896592,-0.33595753,-0.01571264
1747679456.1029828,0.26034808,0.33423638,1.6257263,-0.27896592,-0.33595753,-0.01571264
1747679456.1035013,0.26034808,0.33423638,1.6257263,-0.27896592,-0.33595753,-0.01571264
1747679456.104036,0.26034808,0.33423638,1.6257263,-0.27896592,-0.33595753,-0.01571264
1747679456.104581,0.28963494,0.34253436,1.6364648,-0.09574057,-0.3071954,-0.02210422
1747679456.105105,0.28963494,0.34253436,1.6364648,-0.09574057,-0.3071954,-0.02210422
1747679456.1056263,0.28963494,0.34253436,1.6364648,-0.09574057,-0.3071954,-0.02210422
1747679456.106146,0.28963494,0.34253436,1.6364648,-0.09574057,-0.3071954,-0.02210422
1747679456.1066716,0.28963494,0.34253436,1.6364648,-0.09574057,-0.3071954,-0.02210422
1747679456.1071944,0.28963494,0.34253436,1.6364648,-0.09574057,-0.3071954,-0.02210422
1747679456.1077135,0.28963494,0.34253436,1.6364648,-0.09574057,-0.3071954,-0.02210422
1747679456.1082346,0.28963494,0.34253436,1.6364648,-0.09574057,-0.3071954,-0.02210422
1747679456.108755,0.28963494,0.34253436,1.6364648,-0.09574057,-0.3071954,-0.02210422
1747679456.1092737,0.28963494,0.34253436,1.6364648,-0.09574057,-0.3071954,-0.02210422
1747679456.1097963,0.28963494,0.34253436,1.6364648,-0.09574057,-0.3071954,-0.02210422
1747679456.1103466,0.28963494,0.34253436,1.6364648,-0.09574057,-0.3071954,-0.02210422
1747679456.1108992,0.28963494,0.34253436,1.6364648,-0.09574057,-0.3071954,-0.02210422
1747679456.1114318,0.28963494,0.34253436,1.6364648,-0.09574057,-0.3071954,-0.02210422
1747679456.1119518,0.28963494,0.34253436,1.6364648,-0.09574057,-0.3071954,-0.02210422
1747679456.1124704,0.28963494,0.34253436,1.6364648,-0.09574057,-0.3071954,-0.02210422
1747679456.1129887,0.28963494,0.34253436,1.6364648,-0.09574057,-0.3071954,-0.02210422
1747679456.1135068,0.28963494,0.34253436,1.6364648,-0.09574057,-0.3071954,-0.02210422
1747679456.114025,0.28963494,0.34253436,1.6364648,-0.09574057,-0.3071954,-0.02210422
1747679456.1145623,0.28963494,0.34253436,1.6364648,-0.09574057,-0.3071954,-0.02210422
1747679456.1151152,0.28963494,0.34253436,1.6364648,-0.09574057,-0.3071954,-0.02210422
1747679456.1156604,0.3423513,0.36791632,1.6135235,-0.09574057,-0.3071954,-0.02210422
1747679456.1161933,0.3423513,0.36791632,1.6135235,-0.09574057,-0.3071954,-0.02210422
1747679456.1168003,0.3423513,0.36791632,1.6135235,0.031025803,-0.24541011,-0.06791056
1747679456.117338,0.3423513,0.36791632,1.6135235,0.031025803,-0.24541011,-0.06791056
1747679456.1178603,0.3423513,0.36791632,1.6135235,0.031025803,-0.24541011,-0.06791056
1747679456.118379,0.3423513,0.36791632,1.6135235,0.031025803,-0.24541011,-0.06791056
1747679456.118897,0.3423513,0.36791632,1.6135235,0.031025803,-0.24541011,-0.06791056
1747679456.1194153,0.3423513,0.36791632,1.6135235,0.031025803,-0.24541011,-0.06791056
1747679456.1199365,0.3423513,0.36791632,1.6135235,0.031025803,-0.24541011,-0.06791056
1747679456.120458,0.3423513,0.36791632,1.6135235,0.031025803,-0.24541011,-0.06791056
1747679456.1209936,0.3423513,0.36791632,1.6135235,0.031025803,-0.24541011,-0.06791056
1747679456.1215312,0.3423513,0.36791632,1.6135235,0.031025803,-0.24541011,-0.06791056
1747679456.1220567,0.41068733,0.4113585,1.633048,0.008655267,-0.14847112,-0.15419692
1747679456.1225784,0.41068733,0.4113585,1.633048,0.008655267,-0.14847112,-0.15419692
1747679456.1230977,0.41068733,0.4113585,1.633048,0.008655267,-0.14847112,-0.15419692
1747679456.123631,0.41068733,0.4113585,1.633048,0.008655267,-0.14847112,-0.15419692
1747679456.124168,0.41068733,0.4113585,1.633048,0.008655267,-0.14847112,-0.15419692
1747679456.1246908,0.41068733,0.4113585,1.633048,0.008655267,-0.14847112,-0.15419692
1747679456.125209,0.41068733,0.4113585,1.633048,0.008655267,-0.14847112,-0.15419692
1747679456.125732,0.41068733,0.4113585,1.633048,0.008655267,-0.14847112,-0.15419692
1747679456.126282,0.41068733,0.4113585,1.633048,0.008655267,-0.14847112,-0.15419692
1747679456.126831,0.41068733,0.4113585,1.633048,0.008655267,-0.14847112,-0.15419692
1747679456.1273644,0.41068733,0.4113585,1.633048,0.008655267,-0.14847112,-0.15419692
1747679456.1278841,0.41068733,0.4113585,1.633048,0.008655267,-0.14847112,-0.15419692
1747679456.1284027,0.41068733,0.4113585,1.633048,0.008655267,-0.14847112,-0.15419692
1747679456.1289208,0.41068733,0.4113585,1.633048,0.008655267,-0.14847112,-0.15419692
1747679456.129439,0.41068733,0.4113585,1.633048,0.008655267,-0.14847112,-0.15419692
1747679456.1300578,0.41068733,0.4113585,1.633048,0.008655267,-0.14847112,-0.15419692
1747679456.1306229,0.4634037,0.4289306,1.7028486,0.008655267,-0.14847112,-0.15419692
1747679456.1311736,0.4634037,0.4289306,1.7028486,-0.07017424,0.030493172,-0.2894854
1747679456.131718,0.4634037,0.4289306,1.7028486,-0.07017424,0.030493172,-0.2894854
1747679456.1322508,0.4634037,0.4289306,1.7028486,-0.07017424,0.030493172,-0.2894854
1747679456.1327708,0.4634037,0.4289306,1.7028486,-0.07017424,0.030493172,-0.2894854
1747679456.133289,0.4634037,0.4289306,1.7028486,-0.07017424,0.030493172,-0.2894854
1747679456.133824,0.4634037,0.4289306,1.7028486,-0.07017424,0.030493172,-0.2894854
1747679456.1343691,0.4634037,0.4289306,1.7028486,-0.07017424,0.030493172,-0.2894854
1747679456.1348934,0.4634037,0.4289306,1.7028486,-0.07017424,0.030493172,-0.2894854
1747679456.1354117,0.4634037,0.4289306,1.7028486,-0.07017424,0.030493172,-0.2894854
1747679456.1359298,0.4634037,0.4289306,1.7028486,-0.07017424,0.030493172,-0.2894854
1747679456.1364481,0.4634037,0.4289306,1.7028486,-0.07017424,0.030493172,-0.2894854
1747679456.136966,0.4634037,0.4289306,1.7028486,-0.07017424,0.030493172,-0.2894854
1747679456.1374838,0.4634037,0.4289306,1.7028486,-0.07017424,0.030493172,-0.2894854
1747679456.138002,0.4634037,0.4289306,1.7028486,-0.07017424,0.030493172,-0.2894854
1747679456.1385195,0.4634037,0.4289306,1.7028486,-0.07017424,0.030493172,-0.2894854
1747679456.1390371,0.4634037,0.4289306,1.7028486,-0.07017424,0.030493172,-0.2894854
1747679456.1395595,0.4634037,0.4289306,1.7028486,-0.07017424,0.030493172,-0.2894854
1747679456.1400814,0.4634037,0.4289306,1.7028486,-0.07017424,0.030493172,-0.2894854
1747679456.1406035,0.4634037,0.4289306,1.7028486,-0.097871095,0.32131013,-0.4364918
1747679456.141123,0.4634037,0.4289306,1.7028486,-0.097871095,0.32131013,-0.4364918
1747679456.1416802,0.47609466,0.39281014,1.8649024,-0.097871095,0.32131013,-0.4364918
1747679456.142235,0.47609466,0.39281014,1.8649024,-0.097871095,0.32131013,-0.4364918
1747679456.1427965,0.47609466,0.39281014,1.8649024,-0.097871095,0.32131013,-0.4364918
1747679456.1433702,0.47609466,0.39281014,1.8649024,-0.097871095,0.32131013,-0.4364918
1747679456.1439295,0.47609466,0.39281014,1.8649024,-0.097871095,0.32131013,-0.4364918
1747679456.1444755,0.47609466,0.39281014,1.8649024,-0.097871095,0.32131013,-0.4364918
1747679456.145,0.47609466,0.39281014,1.8649024,-0.097871095,0.32131013,-0.4364918
1747679456.145547,0.47609466,0.39281014,1.8649024,-0.097871095,0.32131013,-0.4364918
1747679456.1460934,0.47609466,0.39281014,1.8649024,-0.097871095,0.32131013,-0.4364918
1747679456.146684,0.47609466,0.39281014,1.8649024,-0.097871095,0.32131013,-0.4364918
1747679456.1472306,0.47609466,0.39281014,1.8649024,-0.097871095,0.32131013,-0.4364918
1747679456.1477818,0.47609466,0.39281014,1.8649024,-0.097871095,0.32131013,-0.4364918
1747679456.148331,0.47609466,0.39281014,1.8649024,-0.097871095,0.32131013,-0.4364918
1747679456.148877,0.47609466,0.39281014,1.8649024,-0.097871095,0.32131013,-0.4364918
1747679456.1494231,0.47609466,0.39281014,1.8649024,-0.097871095,0.32131013,-0.4364918
1747679456.1499708,0.47609466,0.39281014,1.8649024,-0.097871095,0.32131013,-0.4364918
1747679456.1505318,0.47609466,0.39281014,1.8649024,-0.097871095,0.32131013,-0.4364918
1747679456.151079,0.47609466,0.39281014,1.8649024,-0.097871095,0.32131013,-0.4364918
1747679456.1516345,0.47609466,0.39281014,1.8649024,-0.097871095,0.32131013,-0.4364918
1747679456.152193,0.46096313,0.36108267,1.9830261,-0.03395528,0.58123446,-0.5387571
1747679456.1527424,0.46096313,0.36108267,1.9830261,-0.03395528,0.58123446,-0.5387571
1747679456.1532953,0.46096313,0.36108267,1.9830261,-0.03395528,0.58123446,-0.5387571
1747679456.1538439,0.46096313,0.36108267,1.9830261,-0.03395528,0.58123446,-0.5387571
1747679456.1543925,0.46096313,0.36108267,1.9830261,-0.03395528,0.58123446,-0.5387571
1747679456.1549497,0.46096313,0.36108267,1.9830261,-0.03395528,0.58123446,-0.5387571
1747679456.1554995,0.46096313,0.36108267,1.9830261,-0.03395528,0.58123446,-0.5387571
1747679456.1560566,0.46096313,0.36108267,1.9830261,-0.03395528,0.58123446,-0.5387571
1747679456.1566162,0.46096313,0.36108267,1.9830261,-0.03395528,0.58123446,-0.5387571
1747679456.1571753,0.46096313,0.36108267,1.9830261,-0.03395528,0.58123446,-0.5387571
1747679456.159091,0.46096313,0.36108267,1.9830261,-0.03395528,0.58123446,-0.5387571
1747679456.163526,0.40141317,0.2971397,2.1201863,0.24301326,0.92424935,-0.6378266
1747679456.1640937,0.40141317,0.2971397,2.1201863,0.24301326,0.92424935,-0.6378266
1747679456.165152,0.40141317,0.2971397,2.1201863,0.24301326,0.92424935,-0.6378266
1747679456.1666145,0.40141317,0.2971397,2.1201863,0.24301326,0.92424935,-0.6378266
1747679456.1672583,0.40141317,0.2971397,2.1201863,0.24301326,0.92424935,-0.6378266
1747679456.167831,0.40141317,0.2971397,2.1201863,0.24301326,0.92424935,-0.6378266
1747679456.1694186,0.40141317,0.2971397,2.1201863,0.24301326,0.92424935,-0.6378266
1747679456.170493,0.40141317,0.2971397,2.1201863,0.24301326,0.92424935,-0.6378266
1747679456.1740036,0.40141317,0.2971397,2.1201863,0.24301326,0.92424935,-0.6378266
1747679456.1746411,0.40141317,0.2971397,2.1201863,0.24301326,0.92424935,-0.6378266
1747679456.1752036,0.40141317,0.2971397,2.1201863,0.24301326,0.92424935,-0.6378266
1747679456.1758444,0.40141317,0.2971397,2.1201863,0.24301326,0.92424935,-0.6378266
1747679456.1764045,0.33747014,0.25418562,2.144104,0.6169208,1.1309105,-0.6708498
1747679456.176997,0.33747014,0.25418562,2.144104,0.6169208,1.1309105,-0.6708498
1747679456.1777756,0.33747014,0.25418562,2.144104,0.6169208,1.1309105,-0.6708498
1747679456.1783414,0.33747014,0.25418562,2.144104,0.6169208,1.1309105,-0.6708498
1747679456.178987,0.33747014,0.25418562,2.144104,0.6169208,1.1309105,-0.6708498
1747679456.179591,0.33747014,0.25418562,2.144104,0.6169208,1.1309105,-0.6708498
1747679456.180179,0.33747014,0.25418562,2.144104,0.6169208,1.1309105,-0.6708498
1747679456.1807451,0.33747014,0.25418562,2.144104,0.6169208,1.1309105,-0.6708498
1747679456.1813436,0.33747014,0.25418562,2.144104,0.6169208,1.1309105,-0.6708498
1747679456.181916,0.33747014,0.25418562,2.144104,0.6169208,1.1309105,-0.6708498
1747679456.182509,0.33747014,0.25418562,2.144104,0.8725841,1.1980221,-0.6708498
1747679456.1831532,0.33747014,0.25418562,2.144104,0.8725841,1.1980221,-0.6708498
1747679456.1837332,0.29012305,0.23368481,2.1216507,0.8725841,1.1980221,-0.6708498
1747679456.1842978,0.29012305,0.23368481,2.1216507,0.8725841,1.1980221,-0.6708498
1747679456.1848466,0.29012305,0.23368481,2.1216507,0.8725841,1.1980221,-0.6708498
1747679456.1853883,0.29012305,0.23368481,2.1216507,0.8725841,1.1980221,-0.6708498
1747679456.185926,0.29012305,0.23368481,2.1216507,0.8725841,1.1980221,-0.6708498
1747679456.1864629,0.29012305,0.23368481,2.1216507,0.8725841,1.1980221,-0.6708498
1747679456.1870024,0.29012305,0.23368481,2.1216507,0.8725841,1.1980221,-0.6708498
1747679456.1875405,0.29012305,0.23368481,2.1216507,0.8725841,1.1980221,-0.6708498
1747679456.1880774,0.29012305,0.23368481,2.1216507,0.8725841,1.1980221,-0.6708498
1747679456.1893675,0.29012305,0.23368481,2.1216507,0.8725841,1.1980221,-0.6708498
1747679456.1899323,0.29012305,0.23368481,2.1216507,0.8725841,1.1980221,-0.6708498
1747679456.1904836,0.29012305,0.23368481,2.1216507,0.8725841,1.1980221,-0.6708498
1747679456.191468,0.29012305,0.23368481,2.1216507,0.8725841,1.1980221,-0.6708498
1747679456.1920278,0.29012305,0.23368481,2.1216507,0.8725841,1.1980221,-0.6708498
1747679456.1925879,0.29012305,0.23368481,2.1216507,0.8725841,1.1980221,-0.6708498
1747679456.193152,0.29012305,0.23368481,2.1216507,0.8725841,1.1980221,-0.6708498
1747679456.193849,0.29012305,0.23368481,2.1216507,1.3871064,1.2044137,-0.6261087
1747679456.1944096,0.21641776,0.22489876,2.0045033,1.3871064,1.2044137,-0.6261087
1747679456.1949656,0.21641776,0.22489876,2.0045033,1.3871064,1.2044137,-0.6261087
1747679456.1955044,0.21641776,0.22489876,2.0045033,1.3871064,1.2044137,-0.6261087
1747679456.1960504,0.21641776,0.22489876,2.0045033,1.3871064,1.2044137,-0.6261087
1747679456.1966062,0.21641776,0.22489876,2.0045033,1.3871064,1.2044137,-0.6261087
1747679456.1971629,0.21641776,0.22489876,2.0045033,1.3871064,1.2044137,-0.6261087
1747679456.197719,0.21641776,0.22489876,2.0045033,1.3871064,1.2044137,-0.6261087
1747679456.1982756,0.21641776,0.22489876,2.0045033,1.3871064,1.2044137,-0.6261087
1747679456.1988313,0.21641776,0.22489876,2.0045033,1.3871064,1.2044137,-0.6261087
1747679456.1993897,0.21641776,0.22489876,2.0045033,1.3871064,1.2044137,-0.6261087
1747679456.199945,0.21641776,0.22489876,2.0045033,1.3871064,1.2044137,-0.6261087
1747679456.201255,0.21641776,0.22489876,2.0045033,1.3871064,1.2044137,-0.6261087
1747679456.201826,0.21641776,0.22489876,2.0045033,1.3871064,1.2044137,-0.6261087
1747679456.2023833,0.21641776,0.22489876,2.0045033,1.3871064,1.2044137,-0.6261087
1747679456.2029302,0.21641776,0.22489876,2.0045033,1.3871064,1.2044137,-0.6261087
1747679456.2041287,0.21641776,0.22489876,2.0045033,1.3871064,1.2044137,-0.6261087
1747679456.2046962,0.21641776,0.22489876,2.0045033,1.3871064,1.2044137,-0.6261087
1747679456.2055194,0.21641776,0.22489876,2.0045033,1.3871064,1.2044137,-0.6261087
1747679456.2060807,0.21641776,0.22489876,2.0045033,1.3871064,1.2044137,-0.6261087
1747679456.2066905,0.18664278,0.23563726,1.8751528,1.7546223,1.0488852,-0.5771066
1747679456.2072587,0.18664278,0.23563726,1.8751528,1.7546223,1.0488852,-0.5771066
1747679456.2077868,0.18664278,0.23563726,1.8751528,1.7546223,1.0488852,-0.5771066
1747679456.2083387,0.18664278,0.23563726,1.8751528,1.7546223,1.0488852,-0.5771066
1747679456.208896,0.18664278,0.23563726,1.8751528,1.7546223,1.0488852,-0.5771066
1747679456.209456,0.18664278,0.23563726,1.8751528,1.7546223,1.0488852,-0.5771066
1747679456.2100153,0.18664278,0.23563726,1.8751528,1.7546223,1.0488852,-0.5771066
1747679456.2105708,0.18664278,0.23563726,1.8751528,1.7546223,1.0488852,-0.5771066
1747679456.2111301,0.18664278,0.23563726,1.8751528,1.7546223,1.0488852,-0.5771066
1747679456.2116892,0.18664278,0.23563726,1.8751528,1.7546223,1.0488852,-0.5771066
1747679456.2122436,0.18664278,0.23563726,1.8751528,1.7546223,1.0488852,-0.5771066
1747679456.2127962,0.18664278,0.23563726,1.8751528,1.7546223,1.0488852,-0.5771066
1747679456.2133446,0.18664278,0.23563726,1.8751528,1.7546223,1.0488852,-0.5771066
1747679456.2138963,0.18664278,0.23563726,1.8751528,1.7546223,1.0488852,-0.5771066
1747679456.2144554,0.18664278,0.23563726,1.8751528,1.7546223,1.0488852,-0.5771066
1747679456.215011,0.19152392,0.23319669,1.7033365,1.7546223,1.0488852,-0.5771066
1747679456.2155714,0.19152392,0.23319669,1.7033365,1.7546223,1.0488852,-0.5771066
1747679456.2161255,0.19152392,0.23319669,1.7033365,1.7546223,1.0488852,-0.5771066
1747679456.2166789,0.19152392,0.23319669,1.7033365,2.0784626,0.7740472,-0.53130025
1747679456.217229,0.19152392,0.23319669,1.7033365,2.0784626,0.7740472,-0.53130025
1747679456.2177782,0.19152392,0.23319669,1.7033365,2.0784626,0.7740472,-0.53130025
1747679456.2183292,0.19152392,0.23319669,1.7033365,2.0784626,0.7740472,-0.53130025
1747679456.2188826,0.19152392,0.23319669,1.7033365,2.0784626,0.7740472,-0.53130025
1747679456.2194326,0.22813252,0.2229463,1.585701,2.0784626,0.7740472,-0.53130025
1747679456.220036,0.22813252,0.2229463,1.585701,2.0784626,0.7740472,-0.53130025
1747679456.2211626,0.22813252,0.2229463,1.585701,2.2329257,0.55886394,-0.51319075
1747679456.2218668,0.22813252,0.2229463,1.585701,2.2329257,0.55886394,-0.51319075
1747679456.2224727,0.22813252,0.2229463,1.585701,2.2329257,0.55886394,-0.51319075
1747679456.2233477,0.22813252,0.2229463,1.585701,2.2329257,0.55886394,-0.51319075
1747679456.2239497,0.22813252,0.2229463,1.585701,2.2329257,0.55886394,-0.51319075
1747679456.224574,0.22813252,0.2229463,1.585701,2.2329257,0.55886394,-0.51319075
1747679456.2252047,0.22813252,0.2229463,1.585701,2.2329257,0.55886394,-0.51319075
1747679456.2258086,0.22813252,0.2229463,1.585701,2.2329257,0.55886394,-0.51319075
1747679456.2265463,0.22813252,0.2229463,1.585701,2.2329257,0.55886394,-0.51319075
1747679456.2271214,0.22813252,0.2229463,1.585701,2.2329257,0.55886394,-0.51319075
1747679456.2276976,0.22813252,0.2229463,1.585701,2.2329257,0.55886394,-0.51319075
1747679456.2282734,0.22813252,0.2229463,1.585701,2.2329257,0.55886394,-0.51319075
1747679456.228832,0.22813252,0.2229463,1.585701,2.2329257,0.55886394,-0.51319075
1747679456.2293968,0.2613243,0.21367213,1.5041858,2.2329257,0.55886394,-0.51319075
1747679456.2304373,0.2613243,0.21367213,1.5041858,2.306429,0.43316284,-0.52490866
1747679456.2310007,0.2613243,0.21367213,1.5041858,2.306429,0.43316284,-0.52490866
1747679456.2315898,0.2613243,0.21367213,1.5041858,2.306429,0.43316284,-0.52490866
1747679456.23437,0.2613243,0.21367213,1.5041858,2.306429,0.43316284,-0.52490866
1747679456.2360048,0.2613243,0.21367213,1.5041858,2.306429,0.43316284,-0.52490866
1747679456.2367468,0.2613243,0.21367213,1.5041858,2.306429,0.43316284,-0.52490866
1747679456.2372992,0.2613243,0.21367213,1.5041858,2.306429,0.43316284,-0.52490866
1747679456.2379377,0.2613243,0.21367213,1.5041858,2.306429,0.43316284,-0.52490866
1747679456.238511,0.2613243,0.21367213,1.5041858,2.306429,0.43316284,-0.52490866
1747679456.2390752,0.2613243,0.21367213,1.5041858,2.306429,0.43316284,-0.52490866
1747679456.23974,0.2613243,0.21367213,1.5041858,2.306429,0.43316284,-0.52490866
1747679456.2403064,0.2613243,0.21367213,1.5041858,2.306429,0.43316284,-0.52490866
1747679456.2408729,0.2852419,0.19854057,1.4768515,2.306429,0.43316284,-0.52490866
1747679456.2414255,0.2852419,0.19854057,1.4768515,2.3192122,0.42357546,-0.5526055
1747679456.2419813,0.2852419,0.19854057,1.4768515,2.3192122,0.42357546,-0.5526055
1747679456.2425425,0.2852419,0.19854057,1.4768515,2.3192122,0.42357546,-0.5526055
1747679456.243091,0.2852419,0.19854057,1.4768515,2.3192122,0.42357546,-0.5526055
1747679456.2436473,0.2852419,0.19854057,1.4768515,2.3192122,0.42357546,-0.5526055
1747679456.2452605,0.2852419,0.19854057,1.4768515,2.3192122,0.42357546,-0.5526055
1747679456.2458186,0.2852419,0.19854057,1.4768515,2.3192122,0.42357546,-0.5526055
1747679456.2464778,0.2852419,0.19854057,1.4768515,2.3192122,0.42357546,-0.5526055
1747679456.2471924,0.2852419,0.19854057,1.4768515,2.3192122,0.42357546,-0.5526055
1747679456.2479572,0.2852419,0.19854057,1.4768515,2.3192122,0.42357546,-0.5526055
1747679456.2487576,0.2852419,0.19854057,1.4768515,2.3192122,0.42357546,-0.5526055
1747679456.2493258,0.2989091,0.1824328,1.48759,2.3192122,0.42357546,-0.5526055
1747679456.2498703,0.2989091,0.1824328,1.48759,2.3192122,0.42357546,-0.5526055
1747679456.2504315,0.2989091,0.1824328,1.48759,2.33093,0.5247755,-0.5653887
1747679456.2510266,0.2989091,0.1824328,1.48759,2.33093,0.5247755,-0.5653887
1747679456.2516716,0.2989091,0.1824328,1.48759,2.33093,0.5247755,-0.5653887
1747679456.2524147,0.2989091,0.1824328,1.48759,2.33093,0.5247755,-0.5653887
1747679456.2529898,0.2989091,0.1824328,1.48759,2.33093,0.5247755,-0.5653887
1747679456.2535596,0.2989091,0.1824328,1.48759,2.33093,0.5247755,-0.5653887
1747679456.254094,0.2989091,0.1824328,1.48759,2.33093,0.5247755,-0.5653887
1747679456.254656,0.2989091,0.1824328,1.48759,2.33093,0.5247755,-0.5653887
1747679456.2552118,0.2989091,0.1824328,1.48759,2.33093,0.5247755,-0.5653887
1747679456.255748,0.2989091,0.1824328,1.48759,2.33093,0.5247755,-0.5653887
1747679456.256312,0.2989091,0.1824328,1.48759,2.33093,0.5247755,-0.5653887
1747679456.2568824,0.2989091,0.1824328,1.48759,2.33093,0.5247755,-0.5653887
1747679456.2574353,0.2989091,0.1824328,1.48759,2.33093,0.5247755,-0.5653887
1747679456.2579727,0.2989091,0.1824328,1.48759,2.33093,0.5247755,-0.5653887
1747679456.2585256,0.2989091,0.1824328,1.48759,2.33093,0.5247755,-0.5653887
1747679456.259055,0.2989091,0.1824328,1.48759,2.33093,0.5247755,-0.5653887
1747679456.259603,0.2989091,0.1824328,1.48759,2.33093,0.5247755,-0.5653887
1747679456.2601454,0.2989091,0.1824328,1.48759,2.33093,0.5247755,-0.5653887
1747679456.2606795,0.2989091,0.1824328,1.48759,2.33093,0.5247755,-0.5653887
1747679456.2612293,0.33258903,0.14582421,1.4968641,2.33093,0.5247755,-0.5653887
1747679456.2617748,0.33258903,0.14582421,1.4968641,2.33093,0.5247755,-0.5653887
1747679456.262317,0.33258903,0.14582421,1.4968641,2.3543658,0.8060051,-0.5675192
1747679456.2628624,0.33258903,0.14582421,1.4968641,2.3543658,0.8060051,-0.5675192
1747679456.263406,0.33258903,0.14582421,1.4968641,2.3543658,0.8060051,-0.5675192
1747679456.2639663,0.33258903,0.14582421,1.4968641,2.3543658,0.8060051,-0.5675192
1747679456.264512,0.33258903,0.14582421,1.4968641,2.3543658,0.8060051,-0.5675192
1747679456.2650552,0.33258903,0.14582421,1.4968641,2.3543658,0.8060051,-0.5675192
1747679456.2655988,0.33258903,0.14582421,1.4968641,2.3543658,0.8060051,-0.5675192
1747679456.266142,0.33258903,0.14582421,1.4968641,2.3543658,0.8060051,-0.5675192
1747679456.2666886,0.33258903,0.14582421,1.4968641,2.3543658,0.8060051,-0.5675192
1747679456.2674088,0.33258903,0.14582421,1.4968641,2.3543658,0.8060051,-0.5675192
1747679456.267973,0.33258903,0.14582421,1.4968641,2.3543658,0.8060051,-0.5675192
1747679456.2689939,0.33258903,0.14582421,1.4968641,2.3543658,0.8060051,-0.5675192
1747679456.2699904,0.33258903,0.14582421,1.4968641,2.3543658,0.8060051,-0.5675192
1747679456.2709877,0.33258903,0.14582421,1.4968641,2.3543658,0.8060051,-0.5675192
1747679456.2719867,0.33258903,0.14582421,1.4968641,2.3543658,0.8060051,-0.5675192
1747679456.2729897,0.349673,0.11848979,1.5110195,2.3543658,0.8060051,-0.5675192
1747679456.2739801,0.349673,0.11848979,1.5110195,2.3905847,1.072321,-0.5834982
1747679456.2749877,0.349673,0.11848979,1.5110195,2.3905847,1.072321,-0.5834982
1747679456.2759845,0.349673,0.11848979,1.5110195,2.3905847,1.072321,-0.5834982
1747679456.276989,0.349673,0.11848979,1.5110195,2.3905847,1.072321,-0.5834982
1747679456.2779934,0.349673,0.11848979,1.5110195,2.3905847,1.072321,-0.5834982
1747679456.2789948,0.349673,0.11848979,1.5110195,2.3905847,1.072321,-0.5834982
1747679456.279993,0.349673,0.11848979,1.5110195,2.3905847,1.072321,-0.5834982
1747679456.280994,0.349673,0.11848979,1.5110195,2.3905847,1.072321,-0.5834982
1747679456.2831423,0.349673,0.11848979,1.5110195,2.3905847,1.072321,-0.5834982
1747679456.2837126,0.3355177,0.09896521,1.5124837,2.4523702,1.2949611,-0.59628135
1747679456.2842717,0.3355177,0.09896521,1.5124837,2.4523702,1.2949611,-0.59628135
1747679456.284834,0.3355177,0.09896521,1.5124837,2.4523702,1.2949611,-0.59628135
1747679456.2853749,0.3355177,0.09896521,1.5124837,2.4523702,1.2949611,-0.59628135
1747679456.2859182,0.3355177,0.09896521,1.5124837,2.4523702,1.2949611,-0.59628135
1747679456.2864633,0.3355177,0.09896521,1.5124837,2.4523702,1.2949611,-0.59628135
1747679456.2870038,0.3355177,0.09896521,1.5124837,2.4523702,1.2949611,-0.59628135
1747679456.287549,0.3355177,0.09896521,1.5124837,2.4523702,1.2949611,-0.59628135
1747679456.2880878,0.3355177,0.09896521,1.5124837,2.4523702,1.2949611,-0.59628135
1747679456.2886508,0.3355177,0.09896521,1.5124837,2.4523702,1.2949611,-0.59628135
1747679456.2891955,0.3355177,0.09896521,1.5124837,2.4523702,1.2949611,-0.59628135
1747679456.2897458,0.3355177,0.09896521,1.5124837,2.4523702,1.2949611,-0.59628135
1747679456.2902887,0.3355177,0.09896521,1.5124837,2.4523702,1.2949611,-0.59628135
1747679456.2908425,0.3355177,0.09896521,1.5124837,2.4523702,1.2949611,-0.59628135
1747679456.2914052,0.3355177,0.09896521,1.5124837,2.4523702,1.2949611,-0.59628135
1747679456.2919185,0.3355177,0.09896521,1.5124837,2.4523702,1.2949611,-0.59628135
1747679456.292448,0.3355177,0.09896521,1.5124837,2.4523702,1.2949611,-0.59628135
1747679456.292981,0.31599313,0.08529801,1.5056502,2.4523702,1.2949611,-0.59628135
1747679456.2935214,0.31599313,0.08529801,1.5056502,2.4523702,1.2949611,-0.59628135
1747679456.2940528,0.31599313,0.08529801,1.5056502,2.4523702,1.2949611,-0.59628135
1747679456.294585,0.31599313,0.08529801,1.5056502,2.4523702,1.2949611,-0.59628135
1747679456.295107,0.31599313,0.08529801,1.5056502,2.5120249,1.4387717,-0.59521604
1747679456.2956343,0.31599313,0.08529801,1.5056502,2.5120249,1.4387717,-0.59521604
1747679456.2961624,0.31599313,0.08529801,1.5056502,2.5120249,1.4387717,-0.59521604
1747679456.2966905,0.31599313,0.08529801,1.5056502,2.5120249,1.4387717,-0.59521604
1747679456.297943,0.31599313,0.08529801,1.5056502,2.5120249,1.4387717,-0.59521604
1747679456.298517,0.31599313,0.08529801,1.5056502,2.5120249,1.4387717,-0.59521604
1747679456.2990422,0.31599313,0.08529801,1.5056502,2.5120249,1.4387717,-0.59521604
1747679456.2995718,0.31599313,0.08529801,1.5056502,2.5120249,1.4387717,-0.59521604
1747679456.3000996,0.31599313,0.08529801,1.5056502,2.5120249,1.4387717,-0.59521604
1747679456.3006268,0.31599313,0.08529801,1.5056502,2.5120249,1.4387717,-0.59521604
1747679456.3011544,0.31599313,0.08529801,1.5056502,2.5120249,1.4387717,-0.59521604
1747679456.3016899,0.31599313,0.08529801,1.5056502,2.5120249,1.4387717,-0.59521604
1747679456.3022296,0.31599313,0.08529801,1.5056502,2.5120249,1.4387717,-0.59521604
1747679456.3027573,0.31599313,0.08529801,1.5056502,2.5120249,1.4387717,-0.59521604
1747679456.3033009,0.31599313,0.08529801,1.5056502,2.5120249,1.4387717,-0.59521604
1747679456.303846,0.31599313,0.08529801,1.5056502,2.5120249,1.4387717,-0.59521604
1747679456.3043768,0.29402795,0.06430908,1.462208,2.6718144,1.6422371,-0.5675192
1747679456.3049214,0.29402795,0.06430908,1.462208,2.6718144,1.6422371,-0.5675192
1747679456.3054368,0.29402795,0.06430908,1.462208,2.6718144,1.6422371,-0.5675192
1747679456.3059647,0.29402795,0.06430908,1.462208,2.6718144,1.6422371,-0.5675192
1747679456.3064919,0.29402795,0.06430908,1.462208,2.6718144,1.6422371,-0.5675192
1747679456.3070314,0.29402795,0.06430908,1.462208,2.6718144,1.6422371,-0.5675192
1747679456.3075588,0.29402795,0.06430908,1.462208,2.6718144,1.6422371,-0.5675192
1747679456.3080974,0.29402795,0.06430908,1.462208,2.6718144,1.6422371,-0.5675192
1747679456.3086243,0.29402795,0.06430908,1.462208,2.6718144,1.6422371,-0.5675192
1747679456.3091514,0.29402795,0.06430908,1.462208,2.6718144,1.6422371,-0.5675192
1747679456.3096783,0.29402795,0.06430908,1.462208,2.6718144,1.6422371,-0.5675192
1747679456.310218,0.29402795,0.06430908,1.462208,2.6718144,1.6422371,-0.5675192
1747679456.3107452,0.29402795,0.06430908,1.462208,2.6718144,1.6422371,-0.5675192
1747679456.3112745,0.29402795,0.06430908,1.462208,2.6718144,1.6422371,-0.5675192
1747679456.311835,0.29402795,0.06430908,1.462208,2.6718144,1.6422371,-0.5675192
1747679456.3125114,0.29402795,0.06430908,1.462208,2.6718144,1.6422371,-0.5675192
1747679456.313774,0.29402795,0.06430908,1.462208,2.6718144,1.6422371,-0.5675192
1747679456.3143418,0.29402795,0.06430908,1.462208,2.6718144,1.6422371,-0.5675192
1747679456.3149111,0.26962224,0.045760736,1.4182776,2.6718144,1.6422371,-0.5675192
1747679456.3154542,0.26962224,0.045760736,1.4182776,2.6718144,1.6422371,-0.5675192
1747679456.3159707,0.26962224,0.045760736,1.4182776,2.6718144,1.6422371,-0.5675192
1747679456.3165042,0.26962224,0.045760736,1.4182776,2.8039072,1.6720644,-0.5462139
1747679456.3170345,0.26962224,0.045760736,1.4182776,2.8039072,1.6720644,-0.5462139
1747679456.3175623,0.26962224,0.045760736,1.4182776,2.8039072,1.6720644,-0.5462139
1747679456.3181138,0.26962224,0.045760736,1.4182776,2.8039072,1.6720644,-0.5462139
1747679456.3186846,0.26962224,0.045760736,1.4182776,2.8039072,1.6720644,-0.5462139
1747679456.319205,0.26962224,0.045760736,1.4182776,2.8039072,1.6720644,-0.5462139
1747679456.3197587,0.26962224,0.045760736,1.4182776,2.8039072,1.6720644,-0.5462139
1747679456.3202941,0.26962224,0.045760736,1.4182776,2.8039072,1.6720644,-0.5462139
1747679456.320813,0.26962224,0.045760736,1.4182776,2.8039072,1.6720644,-0.5462139
1747679456.3213449,0.26962224,0.045760736,1.4182776,2.8039072,1.6720644,-0.5462139
1747679456.3218696,0.26962224,0.045760736,1.4182776,2.8039072,1.6720644,-0.5462139
1747679456.3223937,0.26962224,0.045760736,1.4182776,2.8039072,1.6720644,-0.5462139
1747679456.3229177,0.26962224,0.045760736,1.4182776,2.8039072,1.6720644,-0.5462139
1747679456.323463,0.26962224,0.045760736,1.4182776,2.8039072,1.6720644,-0.5462139
1747679456.3239808,0.26962224,0.045760736,1.4182776,2.8039072,1.6720644,-0.5462139
1747679456.3245175,0.26962224,0.045760736,1.4182776,2.8039072,1.6720644,-0.5462139
1747679456.3250477,0.27059847,0.03648656,1.3670257,2.944522,1.5378412,-0.51319075
1747679456.325584,0.27059847,0.03648656,1.3670257,2.944522,1.5378412,-0.51319075
1747679456.326108,0.27059847,0.03648656,1.3670257,2.944522,1.5378412,-0.51319075
1747679456.326632,0.27059847,0.03648656,1.3670257,2.944522,1.5378412,-0.51319075
1747679456.3271558,0.27059847,0.03648656,1.3670257,2.944522,1.5378412,-0.51319075
1747679456.3277018,0.27059847,0.03648656,1.3670257,2.944522,1.5378412,-0.51319075
1747679456.328254,0.27059847,0.03648656,1.3670257,2.944522,1.5378412,-0.51319075
1747679456.3287833,0.27059847,0.03648656,1.3670257,2.944522,1.5378412,-0.51319075
1747679456.3293312,0.27059847,0.03648656,1.3670257,2.944522,1.5378412,-0.51319075
1747679456.3298573,0.27059847,0.03648656,1.3670257,2.944522,1.5378412,-0.51319075
1747679456.3304029,0.27059847,0.03648656,1.3670257,2.944522,1.5378412,-0.51319075
1747679456.3309653,0.24179971,0.030629186,1.3484774,2.944522,1.5378412,-0.51319075
1747679456.3315034,0.24179971,0.030629186,1.3484774,2.944522,1.5378412,-0.51319075
1747679456.3320286,0.24179971,0.030629186,1.3484774,2.944522,1.5378412,-0.51319075
1747679456.332556,0.24179971,0.030629186,1.3484774,3.0723536,1.3237232,-0.5121255
1747679456.3330972,0.24179971,0.030629186,1.3484774,3.0723536,1.3237232,-0.5121255
1747679456.33364,0.24179971,0.030629186,1.3484774,3.0723536,1.3237232,-0.5121255
1747679456.3341951,0.24179971,0.030629186,1.3484774,3.0723536,1.3237232,-0.5121255
1747679456.334727,0.24179971,0.030629186,1.3484774,3.0723536,1.3237232,-0.5121255
1747679456.3352714,0.24179971,0.030629186,1.3484774,3.0723536,1.3237232,-0.5121255
1747679456.3358028,0.24179971,0.030629186,1.3484774,3.0723536,1.3237232,-0.5121255
1747679456.3363433,0.24179971,0.030629186,1.3484774,3.0723536,1.3237232,-0.5121255
1747679456.336874,0.24179971,0.030629186,1.3484774,3.0723536,1.3237232,-0.5121255
1747679456.3374135,0.24179971,0.030629186,1.3484774,3.0723536,1.3237232,-0.5121255
1747679456.3379521,0.24179971,0.030629186,1.3484774,3.0723536,1.3237232,-0.5121255
1747679456.3384917,0.24179971,0.030629186,1.3484774,3.0723536,1.3237232,-0.5121255
1747679456.3390312,0.24179971,0.030629186,1.3484774,3.0723536,1.3237232,-0.5121255
1747679456.3395703,0.24179971,0.030629186,1.3484774,3.0723536,1.3237232,-0.5121255
1747679456.340123,0.20275055,0.02037878,1.3484774,3.0723536,1.3237232,-0.5121255
1747679456.3406491,0.20275055,0.02037878,1.3484774,3.2332084,1.0627337,-0.49082023
1747679456.3411958,0.20275055,0.02037878,1.3484774,3.2332084,1.0627337,-0.49082023
1747679456.3417132,0.20275055,0.02037878,1.3484774,3.2332084,1.0627337,-0.49082023
1747679456.342255,0.20275055,0.02037878,1.3484774,3.2332084,1.0627337,-0.49082023
1747679456.3428628,0.20275055,0.02037878,1.3484774,3.2332084,1.0627337,-0.49082023
1747679456.3433464,0.20275055,0.02037878,1.3484774,3.2332084,1.0627337,-0.49082023
1747679456.3439074,0.20275055,0.02037878,1.3484774,3.2332084,1.0627337,-0.49082023
1747679456.344468,0.20275055,0.02037878,1.3484774,3.2332084,1.0627337,-0.49082023
1747679456.345037,0.20275055,0.02037878,1.3484774,3.2332084,1.0627337,-0.49082023
1747679456.3456068,0.20275055,0.02037878,1.3484774,3.2332084,1.0627337,-0.49082023
1747679456.3461404,0.20275055,0.02037878,1.3484774,3.2332084,1.0627337,-0.49082023
1747679456.3466933,0.20275055,0.02037878,1.3484774,3.2332084,1.0627337,-0.49082023
1747679456.347225,0.20275055,0.02037878,1.3484774,3.2332084,1.0627337,-0.49082023
1747679456.3477519,0.20275055,0.02037878,1.3484774,3.2332084,1.0627337,-0.49082023
1747679456.3482785,0.20275055,0.02037878,1.3484774,3.2332084,1.0627337,-0.49082023
1747679456.3488052,0.20275055,0.02037878,1.3484774,3.2332084,1.0627337,-0.49082023
1747679456.3493316,0.20275055,0.02037878,1.3484774,3.2332084,1.0627337,-0.49082023
1747679456.3498578,0.20275055,0.02037878,1.3484774,3.2332084,1.0627337,-0.49082023
1747679456.3503838,0.20275055,0.02037878,1.3484774,3.2332084,1.0627337,-0.49082023
1747679456.3509197,0.20665547,0.017938208,1.3504298,3.42176,0.83370197,-0.4567318
1747679456.3514438,0.20665547,0.017938208,1.3504298,3.42176,0.83370197,-0.4567318
1747679456.3519852,0.20665547,0.017938208,1.3504298,3.42176,0.83370197,-0.4567318
1747679456.3525126,0.20665547,0.017938208,1.3504298,3.42176,0.83370197,-0.4567318
1747679456.353039,0.20665547,0.017938208,1.3504298,3.42176,0.83370197,-0.4567318
1747679456.3535657,0.20665547,0.017938208,1.3504298,3.42176,0.83370197,-0.4567318
1747679456.3541052,0.20665547,0.017938208,1.3504298,3.42176,0.83370197,-0.4567318
1747679456.3546655,0.20665547,0.017938208,1.3504298,3.42176,0.83370197,-0.4567318
1747679456.3551972,0.20665547,0.017938208,1.3504298,3.42176,0.83370197,-0.4567318
1747679456.3557243,0.20665547,0.017938208,1.3504298,3.42176,0.83370197,-0.4567318
1747679456.3562505,0.20665547,0.017938208,1.3504298,3.42176,0.83370197,-0.4567318
1747679456.3567767,0.20665547,0.017938208,1.3504298,3.42176,0.83370197,-0.4567318
1747679456.3573027,0.20665547,0.017938208,1.3504298,3.42176,0.83370197,-0.4567318
1747679456.357829,0.20665547,0.017938208,1.3504298,3.42176,0.83370197,-0.4567318
1747679456.3583784,0.20665547,0.017938208,1.3504298,3.42176,0.83370197,-0.4567318
1747679456.3589406,0.20665547,0.017938208,1.3504298,3.42176,0.83370197,-0.4567318
1747679456.3595097,0.24716897,0.004271002,1.3289527,3.571962,0.74635035,-0.4599276
1747679456.3601313,0.24716897,0.004271002,1.3289527,3.571962,0.74635035,-0.4599276
1747679456.360819,0.24716897,0.004271002,1.3289527,3.571962,0.74635035,-0.4599276
1747679456.361789,0.24716897,0.004271002,1.3289527,3.571962,0.74635035,-0.4599276
1747679456.3622692,0.24716897,0.004271002,1.3289527,3.571962,0.74635035,-0.4599276
1747679456.3628364,0.24716897,0.004271002,1.3289527,3.571962,0.74635035,-0.4599276
1747679456.3633897,0.24716897,0.004271002,1.3289527,3.571962,0.74635035,-0.4599276
1747679456.3639536,0.24716897,0.004271002,1.3289527,3.571962,0.74635035,-0.4599276
1747679456.3644767,0.24716897,0.004271002,1.3289527,3.571962,0.74635035,-0.4599276
1747679456.3650093,0.24716897,0.004271002,1.3289527,3.571962,0.74635035,-0.4599276
1747679456.3655403,0.24716897,0.004271002,1.3289527,3.571962,0.74635035,-0.4599276
1747679456.3660793,0.24716897,0.004271002,1.3289527,3.571962,0.74635035,-0.4599276
1747679456.3666172,0.24716897,0.004271002,1.3289527,3.571962,0.74635035,-0.4599276
1747679456.3671544,0.24716897,0.004271002,1.3289527,3.571962,0.74635035,-0.4599276
1747679456.367692,0.24716897,0.004271002,1.3289527,3.571962,0.74635035,-0.4599276
1747679456.3682292,0.24716897,0.004271002,1.3289527,3.571962,0.74635035,-0.4599276
1747679456.3687665,0.24716897,0.004271002,1.3289527,3.571962,0.74635035,-0.4599276
1747679456.3693032,0.24716897,0.004271002,1.3289527,3.571962,0.74635035,-0.4599276
1747679456.3698404,0.24716897,0.004271002,1.3289527,3.571962,0.74635035,-0.4599276
1747679456.370399,0.24716897,0.004271002,1.3289527,3.571962,0.74635035,-0.4599276
1747679456.3709133,0.30427837,-0.022087181,1.2601286,3.7381432,0.75487244,-0.49934232
1747679456.3714387,0.30427837,-0.022087181,1.2601286,3.7381432,0.75487244,-0.49934232
1747679456.3719761,0.30427837,-0.022087181,1.2601286,3.7381432,0.75487244,-0.49934232
1747679456.3725085,0.30427837,-0.022087181,1.2601286,3.7381432,0.75487244,-0.49934232
1747679456.3730588,0.30427837,-0.022087181,1.2601286,3.7381432,0.75487244,-0.49934232
1747679456.373626,0.30427837,-0.022087181,1.2601286,3.7381432,0.75487244,-0.49934232
1747679456.374187,0.30427837,-0.022087181,1.2601286,3.7381432,0.75487244,-0.49934232
1747679456.3747354,0.30427837,-0.022087181,1.2601286,3.7381432,0.75487244,-0.49934232
1747679456.3752763,0.30427837,-0.022087181,1.2601286,3.7381432,0.75487244,-0.49934232
1747679456.3758254,0.30427837,-0.022087181,1.2601286,3.7381432,0.75487244,-0.49934232
1747679456.376396,0.30427837,-0.022087181,1.2601286,3.7381432,0.75487244,-0.49934232
1747679456.3769398,0.30427837,-0.022087181,1.2601286,3.7381432,0.75487244,-0.49934232
1747679456.3774729,0.30427837,-0.022087181,1.2601286,3.7381432,0.75487244,-0.49934232
1747679456.3779926,0.30427837,-0.022087181,1.2601286,3.7381432,0.75487244,-0.49934232
1747679456.3785114,0.30427837,-0.022087181,1.2601286,3.7381432,0.75487244,-0.49934232
1747679456.3790298,0.30427837,-0.022087181,1.2601286,3.7381432,0.75487244,-0.49934232
1747679456.379548,0.30427837,-0.022087181,1.2601286,3.7381432,0.75487244,-0.49934232
1747679456.3800666,0.30427837,-0.022087181,1.2601286,3.7381432,0.75487244,-0.49934232
1747679456.3805854,0.30427837,-0.022087181,1.2601286,3.8361475,0.88376933,-0.5472792
1747679456.381105,0.30427837,-0.022087181,1.2601286,3.8361475,0.88376933,-0.5472792
1747679456.381623,0.30427837,-0.022087181,1.2601286,3.8361475,0.88376933,-0.5472792
1747679456.3821437,0.28963494,-0.035754386,1.2191269,3.8361475,0.88376933,-0.5472792
1747679456.382662,0.28963494,-0.035754386,1.2191269,3.8361475,0.88376933,-0.5472792
1747679456.3831804,0.28963494,-0.035754386,1.2191269,3.8361475,0.88376933,-0.5472792
1747679456.3837085,0.28963494,-0.035754386,1.2191269,3.8361475,0.88376933,-0.5472792
1747679456.3842385,0.28963494,-0.035754386,1.2191269,3.8361475,0.88376933,-0.5472792
1747679456.3847582,0.28963494,-0.035754386,1.2191269,3.8361475,0.88376933,-0.5472792
1747679456.3852766,0.28963494,-0.035754386,1.2191269,3.8361475,0.88376933,-0.5472792
1747679456.3857949,0.28963494,-0.035754386,1.2191269,3.8361475,0.88376933,-0.5472792
1747679456.386313,0.28963494,-0.035754386,1.2191269,3.8361475,0.88376933,-0.5472792
1747679456.386831,0.28963494,-0.035754386,1.2191269,3.8361475,0.88376933,-0.5472792
1747679456.3873494,0.28963494,-0.035754386,1.2191269,3.8361475,0.88376933,-0.5472792
1747679456.3878672,0.28963494,-0.035754386,1.2191269,3.8361475,0.88376933,-0.5472792
1747679456.3884156,0.28963494,-0.035754386,1.2191269,3.8361475,0.88376933,-0.5472792
1747679456.3889546,0.28963494,-0.035754386,1.2191269,3.8361475,0.88376933,-0.5472792
1747679456.389477,0.28963494,-0.035754386,1.2191269,3.8361475,0.88376933,-0.5472792
1747679456.389996,0.28963494,-0.035754386,1.2191269,3.8361475,0.88376933,-0.5472792
1747679456.3905294,0.28963494,-0.035754386,1.2191269,3.8361475,0.88376933,-0.5472792
1747679456.39106,0.28963494,-0.035754386,1.2191269,3.8361475,0.88376933,-0.5472792
1747679456.3915882,0.28963494,-0.035754386,1.2191269,3.8361475,0.88376933,-0.5472792
1747679456.3921459,0.28963494,-0.035754386,1.2191269,3.8787582,0.9679252,-0.55580133
1747679456.392693,0.26766977,-0.039659303,1.1952094,3.8787582,0.9679252,-0.55580133
1747679456.3932257,0.26766977,-0.039659303,1.1952094,3.8787582,0.9679252,-0.55580133
1747679456.3937604,0.26766977,-0.039659303,1.1952094,3.8787582,0.9679252,-0.55580133
1747679456.3942995,0.26766977,-0.039659303,1.1952094,3.8787582,0.9679252,-0.55580133
1747679456.3948197,0.26766977,-0.039659303,1.1952094,3.8787582,0.9679252,-0.55580133
1747679456.3953388,0.26766977,-0.039659303,1.1952094,3.8787582,0.9679252,-0.55580133
1747679456.3958569,0.26766977,-0.039659303,1.1952094,3.8787582,0.9679252,-0.55580133
1747679456.396375,0.26766977,-0.039659303,1.1952094,3.8787582,0.9679252,-0.55580133
1747679456.3968933,0.26766977,-0.039659303,1.1952094,3.8787582,0.9679252,-0.55580133
1747679456.3974116,0.26766977,-0.039659303,1.1952094,3.8787582,0.9679252,-0.55580133
1747679456.3979294,0.26766977,-0.039659303,1.1952094,3.8787582,0.9679252,-0.55580133
1747679456.3984475,0.26766977,-0.039659303,1.1952094,3.8787582,0.9679252,-0.55580133
1747679456.3989658,0.26766977,-0.039659303,1.1952094,3.8787582,0.9679252,-0.55580133
1747679456.399484,0.26766977,-0.039659303,1.1952094,3.8787582,0.9679252,-0.55580133
1747679456.4000018,0.26766977,-0.039659303,1.1952094,3.8787582,0.9679252,-0.55580133
1747679456.4005198,0.26766977,-0.039659303,1.1952094,3.8787582,0.9679252,-0.55580133
1747679456.401038,0.26766977,-0.039659303,1.1952094,3.8787582,0.9679252,-0.55580133
1747679456.401556,0.26766977,-0.039659303,1.1952094,3.8787582,0.9679252,-0.55580133
1747679456.402074,0.26766977,-0.039659303,1.1952094,3.8787582,0.9679252,-0.55580133
1747679456.4025946,0.22813252,-0.046492904,1.0946578,3.9767623,1.2321105,-0.52916974
1747679456.4031126,0.22813252,-0.046492904,1.0946578,3.9767623,1.2321105,-0.52916974
1747679456.403769,0.22813252,-0.046492904,1.0946578,3.9767623,1.2321105,-0.52916974
1747679456.404325,0.22813252,-0.046492904,1.0946578,3.9767623,1.2321105,-0.52916974
1747679456.4048705,0.22813252,-0.046492904,1.0946578,3.9767623,1.2321105,-0.52916974
1747679456.4054096,0.22813252,-0.046492904,1.0946578,3.9767623,1.2321105,-0.52916974
1747679456.4059422,0.22813252,-0.046492904,1.0946578,3.9767623,1.2321105,-0.52916974
1747679456.4064622,0.22813252,-0.046492904,1.0946578,3.9767623,1.2321105,-0.52916974
1747679456.4069803,0.22813252,-0.046492904,1.0946578,3.9767623,1.2321105,-0.52916974
1747679456.407532,0.22813252,-0.046492904,1.0946578,3.9767623,1.2321105,-0.52916974
1747679456.4080975,0.22813252,-0.046492904,1.0946578,3.9767623,1.2321105,-0.52916974
1747679456.4086702,0.22813252,-0.046492904,1.0946578,3.9767623,1.2321105,-0.52916974
1747679456.4092035,0.22813252,-0.046492904,1.0946578,3.9767623,1.2321105,-0.52916974
1747679456.4097233,0.22813252,-0.046492904,1.0946578,3.9767623,1.2321105,-0.52916974
1747679456.4102428,0.22813252,-0.046492904,1.0946578,3.9767623,1.2321105,-0.52916974
1747679456.410761,0.22813252,-0.046492904,1.0946578,3.9767623,1.2321105,-0.52916974
1747679456.4112804,0.22813252,-0.046492904,1.0946578,3.9767623,1.2321105,-0.52916974
1747679456.4117987,0.22813252,-0.046492904,1.0946578,3.9767623,1.2321105,-0.52916974
1747679456.4123173,0.22813252,-0.046492904,1.0946578,3.9767623,1.2321105,-0.52916974
1747679456.4128354,0.22813252,-0.046492904,1.0946578,3.9767623,1.2321105,-0.52916974
1747679456.4133737,0.22813252,-0.046492904,1.0946578,3.9767623,1.2321105,-0.52916974
1747679456.413912,0.22813252,-0.046492904,1.0946578,3.9767623,1.2321105,-0.52916974
1747679456.4144316,0.22813252,-0.046492904,1.0946578,3.9767623,1.2321105,-0.52916974
1747679456.4149504,0.22813252,-0.046492904,1.0946578,3.9767623,1.2321105,-0.52916974
1747679456.4154687,0.21837021,-0.035754386,1.0072852,4.0566573,1.4142706,-0.49508128
1747679456.4159873,0.21837021,-0.035754386,1.0072852,4.0566573,1.4142706,-0.49508128
1747679456.4165053,0.21837021,-0.035754386,1.0072852,4.0566573,1.4142706,-0.49508128
1747679456.4170234,0.21837021,-0.035754386,1.0072852,4.0566573,1.4142706,-0.49508128
1747679456.4175413,0.21837021,-0.035754386,1.0072852,4.0566573,1.4142706,-0.49508128
1747679456.4180596,0.21837021,-0.035754386,1.0072852,4.0566573,1.4142706,-0.49508128
1747679456.4185777,0.21837021,-0.035754386,1.0072852,4.0566573,1.4142706,-0.49508128
1747679456.4191122,0.21837021,-0.035754386,1.0072852,4.0566573,1.4142706,-0.49508128
1747679456.4196587,0.21837021,-0.035754386,1.0072852,4.0566573,1.4142706,-0.49508128
1747679456.4201844,0.21837021,-0.035754386,1.0072852,4.0566573,1.4142706,-0.49508128
1747679456.4207027,0.21837021,-0.035754386,1.0072852,4.0566573,1.4142706,-0.49508128
1747679456.421221,0.21837021,-0.035754386,1.0072852,4.0566573,1.4142706,-0.49508128
1747679456.421739,0.21837021,-0.035754386,1.0072852,4.0566573,1.4142706,-0.49508128
1747679456.422287,0.21837021,-0.035754386,1.0072852,4.0566573,1.4142706,-0.49508128
1747679456.4228292,0.21837021,-0.035754386,1.0072852,4.0566573,1.4142706,-0.49508128
1747679456.423378,0.21837021,-0.035754386,1.0072852,4.0566573,1.4142706,-0.49508128
1747679456.4239159,0.21837021,-0.035754386,1.0072852,4.0566573,1.4142706,-0.49508128
1747679456.4244676,0.20567925,-0.019158494,0.9384612,4.1525307,1.439837,-0.473776
1747679456.4249918,0.20567925,-0.019158494,0.9384612,4.1525307,1.439837,-0.473776
1747679456.4255111,0.20567925,-0.019158494,0.9384612,4.1525307,1.439837,-0.473776
1747679456.4260297,0.20567925,-0.019158494,0.9384612,4.1525307,1.439837,-0.473776
1747679456.4265485,0.20567925,-0.019158494,0.9384612,4.1525307,1.439837,-0.473776
1747679456.4270663,0.20567925,-0.019158494,0.9384612,4.1525307,1.439837,-0.473776
1747679456.4275844,0.20567925,-0.019158494,0.9384612,4.1525307,1.439837,-0.473776
1747679456.4281027,0.20567925,-0.019158494,0.9384612,4.1525307,1.439837,-0.473776
1747679456.4286208,0.20567925,-0.019158494,0.9384612,4.1525307,1.439837,-0.473776
1747679456.4291387,0.20567925,-0.019158494,0.9384612,4.1525307,1.439837,-0.473776
1747679456.4296565,0.20567925,-0.019158494,0.9384612,4.1525307,1.439837,-0.473776
1747679456.4301748,0.20567925,-0.019158494,0.9384612,4.1525307,1.439837,-0.473776
1747679456.4306927,0.20567925,-0.019158494,0.9384612,4.1525307,1.439837,-0.473776
1747679456.4312108,0.20567925,-0.019158494,0.9384612,4.1525307,1.439837,-0.473776
1747679456.4317288,0.20567925,-0.019158494,0.9384612,4.1525307,1.439837,-0.473776
1747679456.4322467,0.20567925,-0.019158494,0.9384612,4.1525307,1.439837,-0.473776
1747679456.4327648,0.20567925,-0.019158494,0.9384612,4.1525307,1.439837,-0.473776
1747679456.433283,0.20567925,-0.019158494,0.9384612,4.1525307,1.439837,-0.473776
1747679456.433801,0.20567925,-0.019158494,0.9384612,4.1525307,1.439837,-0.473776
1747679456.4343617,0.20567925,-0.019158494,0.9384612,4.1525307,1.439837,-0.473776
1747679456.4348981,0.20567925,-0.019158494,0.9384612,4.1525307,1.439837,-0.473776
1747679456.4354699,0.20567925,-0.019158494,0.9384612,4.1525307,1.439837,-0.473776
1747679456.436027,0.20567925,-0.019158494,0.9384612,4.1525307,1.439837,-0.473776
1747679456.436585,0.20567925,-0.019158494,0.9384612,4.1525307,1.439837,-0.473776
1747679456.4371347,0.22618006,0.010128376,0.82619476,4.1525307,1.439837,-0.473776
1747679456.4376996,0.22618006,0.010128376,0.82619476,4.1525307,1.439837,-0.473776
1747679456.4382603,0.22618006,0.010128376,0.82619476,4.1525307,1.439837,-0.473776
1747679456.4389038,0.22618006,0.010128376,0.82619476,4.2643833,1.322658,-0.4801676
1747679456.4394696,0.22618006,0.010128376,0.82619476,4.3133855,1.1969569,-0.51958233
1747679456.4400148,0.22618006,0.010128376,0.82619476,4.3133855,1.1969569,-0.51958233
1747679456.4405468,0.23935914,0.03014107,0.724667,4.3133855,1.1969569,-0.51958233
1747679456.4410799,0.23935914,0.03014107,0.724667,4.3133855,1.1969569,-0.51958233
1747679456.4416,0.23935914,0.03014107,0.724667,4.3133855,1.1969569,-0.51958233
1747679456.4421194,0.23935914,0.03014107,0.724667,4.3133855,1.1969569,-0.51958233
1747679456.442638,0.23935914,0.03014107,0.724667,4.3133855,1.1969569,-0.51958233
1747679456.4431562,0.23935914,0.03014107,0.724667,4.3133855,1.1969569,-0.51958233
1747679456.4436836,0.23935914,0.03014107,0.724667,4.3133855,1.1969569,-0.51958233
1747679456.4442115,0.23935914,0.03014107,0.724667,4.3133855,1.1969569,-0.51958233
1747679456.4447315,0.23935914,0.03014107,0.724667,4.3133855,1.1969569,-0.51958233
1747679456.4452498,0.23935914,0.03014107,0.724667,4.3133855,1.1969569,-0.51958233
1747679456.4457679,0.23935914,0.03014107,0.724667,4.3133855,1.1969569,-0.51958233
1747679456.4462857,0.23935914,0.03014107,0.724667,4.3133855,1.1969569,-0.51958233
1747679456.4468043,0.23935914,0.03014107,0.724667,4.3133855,1.1969569,-0.51958233
1747679456.4473224,0.23935914,0.03014107,0.724667,4.3133855,1.1969569,-0.51958233
1747679456.4478405,0.23935914,0.03014107,0.724667,4.3133855,1.1969569,-0.51958233
1747679456.4483583,0.23935914,0.03014107,0.724667,4.3133855,1.1969569,-0.51958233
1747679456.4488783,0.23935914,0.03014107,0.724667,4.3133855,1.1969569,-0.51958233
1747679456.4493988,0.23935914,0.03014107,0.724667,4.3133855,1.1969569,-0.51958233
1747679456.4499323,0.22032267,0.06235663,0.5836019,4.3133855,1.1969569,-0.51958233
1747679456.4504642,0.22032267,0.06235663,0.5836019,4.3133855,1.1969569,-0.51958233
1747679456.4509869,0.22032267,0.06235663,0.5836019,4.3016677,1.0243841,-0.6239782
1747679456.4515054,0.22032267,0.06235663,0.5836019,4.3016677,1.0243841,-0.6239782
1747679456.4520235,0.22032267,0.06235663,0.5836019,4.3016677,1.0243841,-0.6239782
1747679456.452542,0.22032267,0.06235663,0.5836019,4.3016677,1.0243841,-0.6239782
1747679456.4530602,0.22032267,0.06235663,0.5836019,4.3016677,1.0243841,-0.6239782
1747679456.453578,0.22032267,0.06235663,0.5836019,4.3016677,1.0243841,-0.6239782
1747679456.4541192,0.22032267,0.06235663,0.5836019,4.3016677,1.0243841,-0.6239782
1747679456.4546866,0.22032267,0.06235663,0.5836019,4.3016677,1.0243841,-0.6239782
1747679456.4552362,0.22032267,0.06235663,0.5836019,4.3016677,1.0243841,-0.6239782
1747679456.455775,0.22032267,0.06235663,0.5836019,4.3016677,1.0243841,-0.6239782
1747679456.4563136,0.22032267,0.06235663,0.5836019,4.3016677,1.0243841,-0.6239782
1747679456.4568648,0.22032267,0.06235663,0.5836019,4.3016677,1.0243841,-0.6239782
1747679456.457392,0.22032267,0.06235663,0.5836019,4.3016677,1.0243841,-0.6239782
1747679456.4579134,0.22032267,0.06235663,0.5836019,4.3016677,1.0243841,-0.6239782
1747679456.4584417,0.22032267,0.06235663,0.5836019,4.3016677,1.0243841,-0.6239782
1747679456.4589658,0.22032267,0.06235663,0.5836019,4.3016677,1.0243841,-0.6239782
1747679456.4594867,0.22032267,0.06235663,0.5836019,4.3016677,1.0243841,-0.6239782
1747679456.4600081,0.18859524,0.084321775,0.5079441,4.3016677,1.0243841,-0.6239782
1747679456.4605298,0.18859524,0.084321775,0.5079441,4.3016677,1.0243841,-0.6239782
1747679456.461051,0.18859524,0.084321775,0.5079441,4.3016677,1.0243841,-0.6239782
1747679456.461621,0.18859524,0.084321775,0.5079441,4.2270994,0.914662,-0.6953508
1747679456.4621427,0.18859524,0.084321775,0.5079441,4.2270994,0.914662,-0.6953508
1747679456.4626637,0.18859524,0.084321775,0.5079441,4.2270994,0.914662,-0.6953508
1747679456.463184,0.18859524,0.084321775,0.5079441,4.2270994,0.914662,-0.6953508
1747679456.4637046,0.18859524,0.084321775,0.5079441,4.2270994,0.914662,-0.6953508
1747679456.4642315,0.18859524,0.084321775,0.5079441,4.2270994,0.914662,-0.6953508
1747679456.464787,0.18859524,0.084321775,0.5079441,4.2270994,0.914662,-0.6953508
1747679456.4653478,0.18859524,0.084321775,0.5079441,4.2270994,0.914662,-0.6953508
1747679456.4658992,0.18859524,0.084321775,0.5079441,4.2270994,0.914662,-0.6953508
1747679456.4664423,0.18859524,0.084321775,0.5079441,4.2270994,0.914662,-0.6953508
1747679456.4669867,0.18859524,0.084321775,0.5079441,4.2270994,0.914662,-0.6953508
1747679456.4675224,0.18859524,0.084321775,0.5079441,4.2270994,0.914662,-0.6953508
1747679456.4680443,0.18859524,0.084321775,0.5079441,4.2270994,0.914662,-0.6953508
1747679456.468565,0.18859524,0.084321775,0.5079441,4.2270994,0.914662,-0.6953508
1747679456.4690862,0.18859524,0.084321775,0.5079441,4.2270994,0.914662,-0.6953508
1747679456.4696074,0.1402719,0.12337094,0.4244766,4.2270994,0.914662,-0.6953508
1747679456.4701464,0.1402719,0.12337094,0.4244766,4.2270994,0.914662,-0.6953508
1747679456.470738,0.1402719,0.12337094,0.4244766,4.123769,0.8816388,-0.744353
1747679456.4712877,0.1402719,0.12337094,0.4244766,4.123769,0.8816388,-0.744353
1747679456.4718208,0.1402719,0.12337094,0.4244766,4.123769,0.8816388,-0.744353
1747679456.47234,0.1402719,0.12337094,0.4244766,4.123769,0.8816388,-0.744353
1747679456.472859,0.1402719,0.12337094,0.4244766,4.123769,0.8816388,-0.744353
1747679456.473393,0.1402719,0.12337094,0.4244766,4.123769,0.8816388,-0.744353
1747679456.4739318,0.1402719,0.12337094,0.4244766,4.123769,0.8816388,-0.744353
1747679456.4744523,0.1402719,0.12337094,0.4244766,4.123769,0.8816388,-0.744353
1747679456.4749706,0.1402719,0.12337094,0.4244766,4.123769,0.8816388,-0.744353
1747679456.4754891,0.1402719,0.12337094,0.4244766,4.123769,0.8816388,-0.744353
1747679456.4760072,0.1402719,0.12337094,0.4244766,4.123769,0.8816388,-0.744353
1747679456.4765255,0.1402719,0.12337094,0.4244766,4.123769,0.8816388,-0.744353
1747679456.477044,0.1402719,0.12337094,0.4244766,4.123769,0.8816388,-0.744353
1747679456.4775624,0.1402719,0.12337094,0.4244766,4.123769,0.8816388,-0.744353
1747679456.4780803,0.1402719,0.12337094,0.4244766,4.123769,0.8816388,-0.744353
1747679456.4785984,0.1402719,0.12337094,0.4244766,4.123769,0.8816388,-0.744353
1747679456.4791162,0.1402719,0.12337094,0.4244766,4.123769,0.8816388,-0.744353
1747679456.4796345,0.1402719,0.12337094,0.4244766,4.123769,0.8816388,-0.744353
1747679456.4801724,0.1402719,0.12337094,0.4244766,4.123769,0.8816388,-0.744353
1747679456.4807177,0.1402719,0.12337094,0.4244766,4.123769,0.8816388,-0.744353
1747679456.4812431,0.1402719,0.12337094,0.4244766,4.123769,0.8816388,-0.744353
1747679456.481764,0.1402719,0.12337094,0.4244766,4.123769,0.8816388,-0.744353
1747679456.4822848,0.10610388,0.16778935,0.35565242,3.9863498,0.955142,-0.764593
1747679456.4828038,0.10610388,0.16778935,0.35565242,3.9863498,0.955142,-0.764593
1747679456.483322,0.10610388,0.16778935,0.35565242,3.9863498,0.955142,-0.764593
1747679456.4838479,0.10610388,0.16778935,0.35565242,3.9863498,0.955142,-0.764593
1747679456.4843755,0.10610388,0.16778935,0.35565242,3.9863498,0.955142,-0.764593
1747679456.4849274,0.10610388,0.16778935,0.35565242,3.9863498,0.955142,-0.764593
1747679456.4854734,0.10610388,0.16778935,0.35565242,3.9863498,0.955142,-0.764593
1747679456.486036,0.10610388,0.16778935,0.35565242,3.9863498,0.955142,-0.764593
1747679456.486569,0.10610388,0.16778935,0.35565242,3.9863498,0.955142,-0.764593
1747679456.487089,0.10610388,0.16778935,0.35565242,3.9863498,0.955142,-0.764593
1747679456.4876075,0.10610388,0.16778935,0.35565242,3.9863498,0.955142,-0.764593
1747679456.4881253,0.10610388,0.16778935,0.35565242,3.9863498,0.955142,-0.764593
1747679456.4886436,0.10610388,0.16778935,0.35565242,3.9863498,0.955142,-0.764593
1747679456.4891615,0.10610388,0.16778935,0.35565242,3.9863498,0.955142,-0.764593
1747679456.4896796,0.10610388,0.16778935,0.35565242,3.9863498,0.955142,-0.764593
1747679456.4901974,0.10610388,0.16778935,0.35565242,3.9863498,0.955142,-0.764593
1747679456.4907155,0.10610388,0.16778935,0.35565242,3.9863498,0.955142,-0.764593
1747679456.4912333,0.10610388,0.16778935,0.35565242,3.9863498,0.955142,-0.764593
1747679456.4917517,0.10610388,0.16778935,0.35565242,3.9863498,0.955142,-0.764593
1747679456.49227,0.10610388,0.16778935,0.35565242,3.9863498,0.955142,-0.764593
1747679456.4927883,0.10610388,0.16778935,0.35565242,3.9863498,0.955142,-0.764593
1747679456.4933064,0.10610388,0.16778935,0.35565242,3.9863498,0.955142,-0.764593
1747679456.4938245,0.10610388,0.16778935,0.35565242,3.9863498,0.955142,-0.764593
1747679456.494351,0.10610388,0.16778935,0.35565242,3.9863498,0.955142,-0.764593
1747679456.4948776,0.10610388,0.16778935,0.35565242,3.9863498,0.955142,-0.764593
1747679456.4954538,0.10610388,0.16778935,0.35565242,3.9863498,0.955142,-0.764593
1747679456.496009,0.10610388,0.16778935,0.35565242,3.9863498,0.955142,-0.764593
1747679456.4965687,0.08853176,0.19805245,0.306841,3.8755622,1.036102,-0.768854
1747679456.497128,0.08853176,0.19805245,0.306841,3.8755622,1.036102,-0.768854
1747679456.4976609,0.08853176,0.19805245,0.306841,3.8755622,1.036102,-0.768854
1747679456.4981806,0.08853176,0.19805245,0.306841,3.8755622,1.036102,-0.768854
1747679456.4986992,0.08853176,0.19805245,0.306841,3.8755622,1.036102,-0.768854
1747679456.4992175,0.08853176,0.19805245,0.306841,3.8755622,1.036102,-0.768854
1747679456.4997358,0.08853176,0.19805245,0.306841,3.8755622,1.036102,-0.768854
1747679456.5002542,0.08853176,0.19805245,0.306841,3.8755622,1.036102,-0.768854
1747679456.5008056,0.08853176,0.19805245,0.306841,3.8755622,1.036102,-0.768854
1747679456.501354,0.08853176,0.19805245,0.306841,3.8755622,1.036102,-0.768854
1747679456.5019078,0.08853176,0.19805245,0.306841,3.8755622,1.036102,-0.768854
1747679456.502456,0.06559038,0.23466103,0.24240986,3.8755622,1.036102,-0.768854
1747679456.502988,0.06559038,0.23466103,0.24240986,3.6497264,1.2598075,-0.7550056
1747679456.50352,0.06559038,0.23466103,0.24240986,3.6497264,1.2598075,-0.7550056
1747679456.5040698,0.06559038,0.23466103,0.24240986,3.6497264,1.2598075,-0.7550056
1747679456.504593,0.06559038,0.23466103,0.24240986,3.6497264,1.2598075,-0.7550056
1747679456.5051115,0.06559038,0.23466103,0.24240986,3.6497264,1.2598075,-0.7550056
1747679456.5056298,0.06559038,0.23466103,0.24240986,3.6497264,1.2598075,-0.7550056
1747679456.5061476,0.06559038,0.23466103,0.24240986,3.6497264,1.2598075,-0.7550056
1747679456.5066655,0.06559038,0.23466103,0.24240986,3.6497264,1.2598075,-0.7550056
1747679456.5071838,0.06559038,0.23466103,0.24240986,3.6497264,1.2598075,-0.7550056
1747679456.5077019,0.06559038,0.23466103,0.24240986,3.6497264,1.2598075,-0.7550056
1747679456.5082195,0.06559038,0.23466103,0.24240986,3.6497264,1.2598075,-0.7550056
1747679456.5087376,0.06559038,0.23466103,0.24240986,3.6497264,1.2598075,-0.7550056
1747679456.5092554,0.06559038,0.23466103,0.24240986,3.6497264,1.2598075,-0.7550056
1747679456.5097737,0.06559038,0.23466103,0.24240986,3.6497264,1.2598075,-0.7550056
1747679456.5102918,0.06559038,0.23466103,0.24240986,3.6497264,1.2598075,-0.7550056
1747679456.5108316,0.06559038,0.23466103,0.24240986,3.6497264,1.2598075,-0.7550056
1747679456.5113754,0.06559038,0.23466103,0.24240986,3.6497264,1.2598075,-0.7550056
1747679456.5119007,0.06559038,0.23466103,0.24240986,3.6497264,1.2598075,-0.7550056
1747679456.5124197,0.06559038,0.23466103,0.24240986,3.6497264,1.2598075,-0.7550056
1747679456.5129375,0.06559038,0.23466103,0.24240986,3.6497264,1.2598075,-0.7550056
1747679456.5134559,0.06559038,0.23466103,0.24240986,3.6497264,1.2598075,-0.7550056
1747679456.5139835,0.06559038,0.2702934,0.19262218,3.4196293,1.5197318,-0.72517824
1747679456.5145113,0.06559038,0.2702934,0.19262218,3.4196293,1.5197318,-0.72517824
1747679456.515031,0.06559038,0.2702934,0.19262218,3.4196293,1.5197318,-0.72517824
1747679456.5155494,0.06559038,0.2702934,0.19262218,3.4196293,1.5197318,-0.72517824
1747679456.5160673,0.06559038,0.2702934,0.19262218,3.4196293,1.5197318,-0.72517824
1747679456.5165963,0.06559038,0.2702934,0.19262218,3.4196293,1.5197318,-0.72517824
1747679456.5171504,0.06559038,0.2702934,0.19262218,3.4196293,1.5197318,-0.72517824
1747679456.5176966,0.06559038,0.2702934,0.19262218,3.4196293,1.5197318,-0.72517824
1747679456.5182295,0.06559038,0.2702934,0.19262218,3.4196293,1.5197318,-0.72517824
1747679456.518749,0.06559038,0.2702934,0.19262218,3.4196293,1.5197318,-0.72517824
1747679456.5192673,0.06559038,0.2702934,0.19262218,3.4196293,1.5197318,-0.72517824
1747679456.5197856,0.06559038,0.2702934,0.19262218,3.4196293,1.5197318,-0.72517824
1747679456.520304,0.06559038,0.2702934,0.19262218,3.4196293,1.5197318,-0.72517824
1747679456.5208223,0.06559038,0.2702934,0.19262218,3.4196293,1.5197318,-0.72517824
1747679456.5213404,0.06559038,0.2702934,0.19262218,3.4196293,1.5197318,-0.72517824
1747679456.5218582,0.06559038,0.2702934,0.19262218,3.4196293,1.5197318,-0.72517824
1747679456.5223765,0.06559038,0.2702934,0.19262218,3.4196293,1.5197318,-0.72517824
1747679456.5228949,0.06559038,0.2702934,0.19262218,3.1277473,1.7381108,-0.70280766
1747679456.5234137,0.070471525,0.3171524,0.1560136,3.1277473,1.7381108,-0.70280766
1747679456.5239325,0.070471525,0.3171524,0.1560136,3.1277473,1.7381108,-0.70280766
1747679456.5244603,0.070471525,0.3171524,0.1560136,3.1277473,1.7381108,-0.70280766
1747679456.524995,0.070471525,0.3171524,0.1560136,3.1277473,1.7381108,-0.70280766
1747679456.525515,0.070471525,0.3171524,0.1560136,3.1277473,1.7381108,-0.70280766
1747679456.5260894,0.070471525,0.3171524,0.1560136,3.1277473,1.7381108,-0.70280766
1747679456.5266685,0.070471525,0.3171524,0.1560136,3.1277473,1.7381108,-0.70280766
1747679456.5272045,0.070471525,0.3171524,0.1560136,3.1277473,1.7381108,-0.70280766
1747679456.5277367,0.070471525,0.3171524,0.1560136,3.1277473,1.7381108,-0.70280766
1747679456.5282695,0.070471525,0.3171524,0.1560136,3.1277473,1.7381108,-0.70280766
1747679456.5287893,0.070471525,0.3171524,0.1560136,3.1277473,1.7381108,-0.70280766
1747679456.5293078,0.070471525,0.3171524,0.1560136,3.1277473,1.7381108,-0.70280766
1747679456.5298257,0.070471525,0.3171524,0.1560136,3.1277473,1.7381108,-0.70280766
1747679456.530344,0.070471525,0.3171524,0.1560136,3.1277473,1.7381108,-0.70280766
1747679456.530862,0.070471525,0.3171524,0.1560136,3.1277473,1.7381108,-0.70280766
1747679456.5313802,0.070471525,0.3171524,0.1560136,3.1277473,1.7381108,-0.70280766
1747679456.531898,0.070471525,0.3171524,0.1560136,3.1277473,1.7381108,-0.70280766
1747679456.5324502,0.070471525,0.3171524,0.1560136,3.1277473,1.7381108,-0.70280766
1747679456.533038,0.070471525,0.3171524,0.1560136,3.1277473,1.7381108,-0.70280766
1747679456.533594,0.101710856,0.3547372,0.16919269,3.1277473,1.7381108,-0.70280766
1747679456.534155,0.101710856,0.3547372,0.16919269,2.957305,1.8350497,-0.7134603
1747679456.5346797,0.101710856,0.3547372,0.16919269,2.957305,1.8350497,-0.7134603
1747679456.5351994,0.101710856,0.3547372,0.16919269,2.957305,1.8350497,-0.7134603
1747679456.5357184,0.101710856,0.3547372,0.16919269,2.957305,1.8350497,-0.7134603
1747679456.5362375,0.101710856,0.3547372,0.16919269,2.957305,1.8350497,-0.7134603
1747679456.536757,0.101710856,0.3547372,0.16919269,2.957305,1.8350497,-0.7134603
1747679456.5372756,0.101710856,0.3547372,0.16919269,2.957305,1.8350497,-0.7134603
1747679456.5377936,0.101710856,0.3547372,0.16919269,2.957305,1.8350497,-0.7134603
1747679456.5383115,0.101710856,0.3547372,0.16919269,2.957305,1.8350497,-0.7134603
1747679456.53883,0.101710856,0.3547372,0.16919269,2.957305,1.8350497,-0.7134603
1747679456.5393505,0.101710856,0.3547372,0.16919269,2.957305,1.8350497,-0.7134603
1747679456.5398715,0.092436686,0.37328556,0.17358571,2.957305,1.8350497,-0.7134603
1747679456.5403905,0.092436686,0.37328556,0.17358571,2.8646271,1.7263929,-0.76565826
1747679456.5409088,0.092436686,0.37328556,0.17358571,2.8646271,1.7263929,-0.76565826
1747679456.5414486,0.092436686,0.37328556,0.17358571,2.8646271,1.7263929,-0.76565826
1747679456.5419955,0.092436686,0.37328556,0.17358571,2.8646271,1.7263929,-0.76565826
1747679456.542528,0.092436686,0.37328556,0.17358571,2.8646271,1.7263929,-0.76565826
1747679456.5430477,0.092436686,0.37328556,0.17358571,2.8646271,1.7263929,-0.76565826
1747679456.5435667,0.092436686,0.37328556,0.17358571,2.8646271,1.7263929,-0.76565826
1747679456.5440946,0.092436686,0.37328556,0.17358571,2.8646271,1.7263929,-0.76565826
1747679456.5446212,0.092436686,0.37328556,0.17358571,2.8646271,1.7263929,-0.76565826
1747679456.5451415,0.092436686,0.37328556,0.17358571,2.8646271,1.7263929,-0.76565826
1747679456.5456605,0.092436686,0.37328556,0.17358571,2.8646271,1.7263929,-0.76565826
1747679456.5461788,0.092436686,0.37328556,0.17358571,2.8646271,1.7263929,-0.76565826
1747679456.5466967,0.092436686,0.37328556,0.17358571,2.8646271,1.7263929,-0.76565826
1747679456.547246,0.092436686,0.37328556,0.17358571,2.8646271,1.7263929,-0.76565826
1747679456.5477917,0.092436686,0.37328556,0.17358571,2.8646271,1.7263929,-0.76565826
1747679456.5483546,0.092436686,0.37328556,0.17358571,2.8646271,1.7263929,-0.76565826
1747679456.5488858,0.092436686,0.37328556,0.17358571,2.8646271,1.7263929,-0.76565826
1747679456.5494063,0.092436686,0.37328556,0.17358571,2.8646271,1.7263929,-0.76565826
1747679456.549925,0.092436686,0.37328556,0.17358571,2.8646271,1.7263929,-0.76565826
1747679456.5504441,0.040208433,0.39671504,0.16870458,2.831604,1.4994917,-0.8263783
1747679456.5509627,0.040208433,0.39671504,0.16870458,2.831604,1.4994917,-0.8263783
1747679456.5514808,0.040208433,0.39671504,0.16870458,2.831604,1.4994917,-0.8263783
1747679456.5519993,0.040208433,0.39671504,0.16870458,2.831604,1.4994917,-0.8263783
1747679456.5525172,0.040208433,0.39671504,0.16870458,2.831604,1.4994917,-0.8263783
1747679456.5530353,0.040208433,0.39671504,0.16870458,2.831604,1.4994917,-0.8263783
1747679456.5535533,0.040208433,0.39671504,0.16870458,2.831604,1.4994917,-0.8263783
1747679456.554072,0.040208433,0.39671504,0.16870458,2.831604,1.4994917,-0.8263783
1747679456.5545983,0.040208433,0.39671504,0.16870458,2.831604,1.4994917,-0.8263783
1747679456.5551298,0.040208433,0.39671504,0.16870458,2.831604,1.4994917,-0.8263783
1747679456.555652,0.040208433,0.39671504,0.16870458,2.831604,1.4994917,-0.8263783
1747679456.5562418,0.040208433,0.39671504,0.16870458,2.831604,1.4994917,-0.8263783
1747679456.5567968,0.040208433,0.39671504,0.16870458,2.831604,1.4994917,-0.8263783
1747679456.5573292,0.040208433,0.39671504,0.16870458,2.831604,1.4994917,-0.8263783
1747679456.5578697,0.040208433,0.39671504,0.16870458,2.831604,1.4994917,-0.8263783
1747679456.5584042,0.040208433,0.39671504,0.16870458,2.831604,1.4994917,-0.8263783
1747679456.5589266,0.040208433,0.39671504,0.16870458,2.831604,1.4994917,-0.8263783
1747679456.5594478,0.040208433,0.39671504,0.16870458,2.831604,1.4994917,-0.8263783
1747679456.5599692,-0.040818576,0.42063266,0.11940502,2.8049724,1.2406327,-0.8402267
1747679456.5604908,-0.040818576,0.42063266,0.11940502,2.8049724,1.2406327,-0.8402267
1747679456.5610158,-0.040818576,0.42063266,0.11940502,2.8049724,1.2406327,-0.8402267
1747679456.5615466,-0.040818576,0.42063266,0.11940502,2.8049724,1.2406327,-0.8402267
1747679456.5620737,-0.040818576,0.42063266,0.11940502,2.8049724,1.2406327,-0.8402267
1747679456.5625985,-0.040818576,0.42063266,0.11940502,2.8049724,1.2406327,-0.8402267
1747679456.5631347,-0.040818576,0.42063266,0.11940502,2.8049724,1.2406327,-0.8402267
1747679456.5637028,-0.040818576,0.42063266,0.11940502,2.8049724,1.2406327,-0.8402267
1747679456.5642562,-0.040818576,0.42063266,0.11940502,2.8049724,1.2406327,-0.8402267
1747679456.564792,-0.040818576,0.42063266,0.11940502,2.8049724,1.2406327,-0.8402267
1747679456.5653138,-0.040818576,0.42063266,0.11940502,2.8049724,1.2406327,-0.8402267
1747679456.565835,-0.040818576,0.42063266,0.11940502,2.8049724,1.2406327,-0.8402267
1747679456.5663562,-0.040818576,0.42063266,0.11940502,2.8049724,1.2406327,-0.8402267
1747679456.5668771,-0.040818576,0.42063266,0.11940502,2.8049724,1.2406327,-0.8402267
1747679456.5673983,-0.040818576,0.42063266,0.11940502,2.8049724,1.2406327,-0.8402267
1747679456.5679193,-0.040818576,0.42063266,0.11940502,2.8049724,1.2406327,-0.8402267
1747679456.5684404,-0.040818576,0.42063266,0.11940502,2.8049724,1.2406327,-0.8402267
1747679456.5689619,-0.06473618,0.4396691,0.07693905,2.7762103,1.1117358,-0.8199867
1747679456.5694835,-0.06473618,0.4396691,0.07693905,2.7762103,1.1117358,-0.8199867
1747679456.5700042,-0.06473618,0.4396691,0.07693905,2.7762103,1.1117358,-0.8199867
1747679456.571014,-0.06473618,0.4396691,0.07693905,2.7762103,1.1117358,-0.8199867
1747679456.5715506,-0.06473618,0.4396691,0.07693905,2.7762103,1.1117358,-0.8199867
1747679456.5721006,-0.06473618,0.4396691,0.07693905,2.7762103,1.1117358,-0.8199867
1747679456.5726252,-0.06473618,0.4396691,0.07693905,2.7762103,1.1117358,-0.8199867
1747679456.5731437,-0.06473618,0.4396691,0.07693905,2.7762103,1.1117358,-0.8199867
1747679456.5736618,-0.06473618,0.4396691,0.07693905,2.7762103,1.1117358,-0.8199867
1747679456.574187,-0.06473618,0.4396691,0.07693905,2.7762103,1.1117358,-0.8199867
1747679456.574713,-0.06473618,0.4396691,0.07693905,2.7762103,1.1117358,-0.8199867
1747679456.575233,-0.06473618,0.4396691,0.07693905,2.7762103,1.1117358,-0.8199867
1747679456.5757515,-0.06473618,0.4396691,0.07693905,2.7762103,1.1117358,-0.8199867
1747679456.5762696,-0.06473618,0.4396691,0.07693905,2.7762103,1.1117358,-0.8199867
1747679456.5767872,-0.06473618,0.4396691,0.07693905,2.7762103,1.1117358,-0.8199867
1747679456.5773053,-0.06473618,0.4396691,0.07693905,2.7762103,1.1117358,-0.8199867
1747679456.5778234,-0.06473618,0.4396691,0.07693905,2.7762103,1.1117358,-0.8199867
1747679456.5783415,-0.06473618,0.4396691,0.07693905,2.7762103,1.1117358,-0.8199867
1747679456.5788913,-0.06473618,0.4396691,0.07693905,2.7762103,1.1117358,-0.8199867
1747679456.579445,-0.06473618,0.4396691,0.07693905,2.7762103,1.1117358,-0.8199867
1747679456.5800092,-0.06473618,0.4396691,0.07693905,2.7762103,1.1117358,-0.8199867
1747679456.5805411,-0.08621322,0.46749166,0.010067361,2.7762103,1.1117358,-0.8199867
1747679456.5810614,-0.08621322,0.46749166,0.010067361,2.7762103,1.1117358,-0.8199867
1747679456.5815794,-0.08621322,0.46749166,0.010067361,2.7762103,1.1117358,-0.8199867
1747679456.5820973,-0.08621322,0.46749166,0.010067361,2.7762103,1.1117358,-0.8199867
1747679456.5826156,-0.08621322,0.46749166,0.010067361,2.7762103,1.1117358,-0.8199867
1747679456.5831342,-0.08621322,0.46749166,0.010067361,2.7762103,1.1117358,-0.8199867
1747679456.583661,-0.08621322,0.46749166,0.010067361,2.7762103,1.1117358,-0.8199867
1747679456.5841885,-0.08621322,0.46749166,0.010067361,2.7762103,1.1117358,-0.8199867
1747679456.5847092,-0.08621322,0.46749166,0.010067361,2.7762103,1.1117358,-0.8199867
1747679456.5852275,-0.08621322,0.46749166,0.010067361,2.7762103,1.1117358,-0.8199867
1747679456.5857453,-0.08621322,0.46749166,0.010067361,2.7762103,1.1117358,-0.8199867
1747679456.586264,-0.08621322,0.46749166,0.010067361,2.7762103,1.1117358,-0.8199867
1747679456.5868068,-0.08621322,0.46749166,0.010067361,2.7762103,1.1117358,-0.8199867
1747679456.587359,-0.08621322,0.46749166,0.010067361,2.7762103,1.1117358,-0.8199867
1747679456.5878875,-0.08621322,0.46749166,0.010067361,2.7762103,1.1117358,-0.8199867
1747679456.5884197,-0.08621322,0.46749166,0.010067361,2.7762103,1.1117358,-0.8199867
1747679456.588952,-0.08621322,0.46749166,0.010067361,2.7762103,1.1117358,-0.8199867
1747679456.5894716,-0.08621322,0.46749166,0.010067361,2.7762103,1.1117358,-0.8199867
1747679456.5899937,-0.08621322,0.46749166,0.010067361,2.7762103,1.1117358,-0.8199867
1747679456.5905159,-0.08621322,0.46749166,0.010067361,2.7762103,1.1117358,-0.8199867
1747679456.591037,-0.08621322,0.46749166,0.010067361,2.5567658,1.1394327,-0.7368961
1747679456.591558,-0.071569785,0.4962904,-0.07486456,2.5567658,1.1394327,-0.7368961
1747679456.592076,-0.071569785,0.4962904,-0.07486456,2.5567658,1.1394327,-0.7368961
1747679456.592594,-0.071569785,0.4962904,-0.07486456,2.5567658,1.1394327,-0.7368961
1747679456.593112,-0.071569785,0.4962904,-0.07486456,2.5567658,1.1394327,-0.7368961
1747679456.5936296,-0.071569785,0.4962904,-0.07486456,2.5567658,1.1394327,-0.7368961
1747679456.5941582,-0.071569785,0.4962904,-0.07486456,2.5567658,1.1394327,-0.7368961
1747679456.5947168,-0.071569785,0.4962904,-0.07486456,2.5567658,1.1394327,-0.7368961
1747679456.5952747,-0.071569785,0.4962904,-0.07486456,2.5567658,1.1394327,-0.7368961
1747679456.5958455,-0.071569785,0.4962904,-0.07486456,2.5567658,1.1394327,-0.7368961
1747679456.5963786,-0.071569785,0.4962904,-0.07486456,2.5567658,1.1394327,-0.7368961
1747679456.5968983,-0.071569785,0.4962904,-0.07486456,2.5567658,1.1394327,-0.7368961
1747679456.597417,-0.071569785,0.4962904,-0.07486456,2.5567658,1.1394327,-0.7368961
1747679456.5979357,-0.071569785,0.4962904,-0.07486456,2.5567658,1.1394327,-0.7368961
1747679456.5984542,-0.071569785,0.4962904,-0.07486456,2.5567658,1.1394327,-0.7368961
1747679456.5989723,-0.071569785,0.4962904,-0.07486456,2.5567658,1.1394327,-0.7368961
1747679456.5994906,-0.071569785,0.4962904,-0.07486456,2.5567658,1.1394327,-0.7368961
1747679456.6000087,-0.071569785,0.4962904,-0.07486456,2.5567658,1.1394327,-0.7368961
1747679456.600527,-0.071569785,0.4962904,-0.07486456,2.5567658,1.1394327,-0.7368961
1747679456.601045,-0.071569785,0.4962904,-0.07486456,2.5567658,1.1394327,-0.7368961
1747679456.6015635,-0.071569785,0.4962904,-0.07486456,2.5567658,1.1394327,-0.7368961
1747679456.6021113,-0.071569785,0.4962904,-0.07486456,2.5567658,1.1394327,-0.7368961
1747679456.6026611,-0.071569785,0.4962904,-0.07486456,2.5567658,1.1394327,-0.7368961
1747679456.6031957,-0.071569785,0.4962904,-0.07486456,2.5567658,1.1394327,-0.7368961
1747679456.603722,-0.071569785,0.4962904,-0.07486456,2.5567658,1.1394327,-0.7368961
1747679456.6042466,-0.071569785,0.4962904,-0.07486456,2.5567658,1.1394327,-0.7368961
1747679456.6047716,-0.071569785,0.4962904,-0.07486456,2.5567658,1.1394327,-0.7368961
1747679456.6052914,-0.071569785,0.4962904,-0.07486456,2.5567658,1.1394327,-0.7368961
1747679456.6058095,-0.071569785,0.4962904,-0.07486456,2.5567658,1.1394327,-0.7368961
1747679456.6063278,-0.071569785,0.4962904,-0.07486456,2.5567658,1.1394327,-0.7368961
1747679456.6068459,-0.071569785,0.4962904,-0.07486456,2.5567658,1.1394327,-0.7368961
1747679456.6073642,-0.071569785,0.4962904,-0.07486456,2.5567658,1.1394327,-0.7368961
1747679456.607882,-0.071569785,0.4962904,-0.07486456,2.5567658,1.1394327,-0.7368961
1747679456.6083999,-0.071569785,0.4962904,-0.07486456,2.5567658,1.1394327,-0.7368961
1747679456.608918,-0.071569785,0.4962904,-0.07486456,2.5567658,1.1394327,-0.7368961
1747679456.6094358,-0.071569785,0.4962904,-0.07486456,2.5567658,1.1394327,-0.7368961
1747679456.609954,-0.071569785,0.4962904,-0.07486456,2.5567658,1.1394327,-0.7368961
1747679456.6104815,-0.071569785,0.4962904,-0.07486456,2.5567658,1.1394327,-0.7368961
1747679456.6110344,-0.071569785,0.4962904,-0.07486456,2.5567658,1.1394327,-0.7368961
1747679456.6115823,-0.071569785,0.4962904,-0.07486456,2.5567658,1.1394327,-0.7368961
1747679456.612115,-0.071569785,0.4962904,-0.07486456,2.5567658,1.1394327,-0.7368961
1747679456.6126347,-0.071569785,0.4962904,-0.07486456,2.5567658,1.1394327,-0.7368961
1747679456.613153,-0.071569785,0.4962904,-0.07486456,2.5567658,1.1394327,-0.7368961
1747679456.6136866,-0.071569785,0.4962904,-0.07486456,2.5567658,1.1394327,-0.7368961
1747679456.6142254,-0.071569785,0.4962904,-0.07486456,2.5567658,1.1394327,-0.7368961
1747679456.6147456,-0.071569785,0.4962904,-0.07486456,2.5567658,1.1394327,-0.7368961
1747679456.6152635,-0.071569785,0.4962904,-0.07486456,2.5567658,1.1394327,-0.7368961
1747679456.6157813,-0.071569785,0.4962904,-0.07486456,2.5567658,1.1394327,-0.7368961
1747679456.6162996,-0.071569785,0.4962904,-0.07486456,2.5567658,1.1394327,-0.7368961
1747679456.616819,-0.071569785,0.4962904,-0.07486456,2.5567658,1.1394327,-0.7368961
1747679456.6173577,-0.071569785,0.4962904,-0.07486456,2.5567658,1.1394327,-0.7368961
1747679456.617921,-0.071569785,0.4962904,-0.07486456,2.5567658,1.1394327,-0.7368961
1747679456.6184664,-0.071569785,0.4962904,-0.07486456,2.5567658,1.1394327,-0.7368961
1747679456.6189911,-0.071569785,0.4962904,-0.07486456,2.5567658,1.1394327,-0.7368961
1747679456.61951,-0.071569785,0.4962904,-0.07486456,2.5567658,1.1394327,-0.7368961
1747679456.6200285,-0.071569785,0.4962904,-0.07486456,2.5567658,1.1394327,-0.7368961
1747679456.6205504,-0.071569785,0.4962904,-0.07486456,2.5567658,1.1394327,-0.7368961
1747679456.621069,-0.071569785,0.4962904,-0.07486456,2.5567658,1.1394327,-0.7368961
1747679456.6215894,-0.071569785,0.4962904,-0.07486456,2.5567658,1.1394327,-0.7368961
1747679456.62211,-0.071569785,0.4962904,-0.07486456,2.5567658,1.1394327,-0.7368961
1747679456.6226282,-0.071569785,0.4962904,-0.07486456,2.5567658,1.1394327,-0.7368961
1747679456.6231463,-0.071569785,0.4962904,-0.07486456,2.5567658,1.1394327,-0.7368961
1747679456.6236641,-0.071569785,0.4962904,-0.07486456,2.5567658,1.1394327,-0.7368961
1747679456.6241913,-0.071569785,0.4962904,-0.07486456,2.5567658,1.1394327,-0.7368961
1747679456.6247184,-0.071569785,0.4962904,-0.07486456,2.5567658,1.1394327,-0.7368961
1747679456.6252384,-0.071569785,0.4962904,-0.07486456,2.5567658,1.1394327,-0.7368961
1747679456.6257567,-0.071569785,0.4962904,-0.07486456,2.5567658,1.1394327,-0.7368961
1747679456.6263058,-0.071569785,0.4962904,-0.07486456,2.5567658,1.1394327,-0.7368961
1747679456.626863,-0.071569785,0.4962904,-0.07486456,2.5567658,1.1394327,-0.7368961
1747679456.6274261,-0.071569785,0.4962904,-0.07486456,2.5567658,1.1394327,-0.7368961
1747679456.627959,-0.071569785,0.4962904,-0.07486456,2.5567658,1.1394327,-0.7368961
1747679456.6284788,-0.071569785,0.4962904,-0.07486456,2.5567658,1.1394327,-0.7368961
1747679456.628997,-0.071569785,0.4962904,-0.07486456,2.5567658,1.1394327,-0.7368961
1747679456.6295154,-0.071569785,0.4962904,-0.07486456,2.5567658,1.1394327,-0.7368961
1747679456.6300375,-0.071569785,0.4962904,-0.07486456,2.5567658,1.1394327,-0.7368961
1747679456.6305559,-0.071569785,0.4962904,-0.07486456,2.5567658,1.1394327,-0.7368961
1747679456.6310742,-0.071569785,0.4962904,-0.07486456,2.5567658,1.1394327,-0.7368961
1747679456.6315925,-0.071569785,0.4962904,-0.07486456,2.5567658,1.1394327,-0.7368961
1747679456.6321104,-0.071569785,0.4962904,-0.07486456,2.5567658,1.1394327,-0.7368961
1747679456.6326468,-0.071569785,0.4962904,-0.07486456,2.5567658,1.1394327,-0.7368961
1747679456.6331933,-0.071569785,0.4962904,-0.07486456,2.5567658,1.1394327,-0.7368961
1747679456.6337316,-0.071569785,0.4962904,-0.07486456,2.5567658,1.1394327,-0.7368961
1747679456.6342673,-0.071569785,0.4962904,-0.07486456,2.5567658,1.1394327,-0.7368961
1747679456.6347873,-0.071569785,0.4962904,-0.07486456,2.5567658,1.1394327,-0.7368961
1747679456.6353052,-0.071569785,0.4962904,-0.07486456,2.5567658,1.1394327,-0.7368961
1747679456.6358237,-0.071569785,0.4962904,-0.07486456,2.5567658,1.1394327,-0.7368961
1747679456.6363418,-0.071569785,0.4962904,-0.07486456,2.5567658,1.1394327,-0.7368961
1747679456.63686,-0.071569785,0.4962904,-0.07486456,2.5567658,1.1394327,-0.7368961
1747679456.6374145,-0.071569785,0.4962904,-0.07486456,2.5567658,1.1394327,-0.7368961
1747679456.6379364,-0.071569785,0.4962904,-0.07486456,2.5567658,1.1394327,-0.7368961
1747679456.6384552,-0.071569785,0.4962904,-0.07486456,2.5567658,1.1394327,-0.7368961
1747679456.6389735,-0.071569785,0.4962904,-0.07486456,2.5567658,1.1394327,-0.7368961
1747679456.6394916,-0.071569785,0.4962904,-0.07486456,2.5567658,1.1394327,-0.7368961
1747679456.6400099,-0.071569785,0.4962904,-0.07486456,2.5567658,1.1394327,-0.7368961
1747679456.640528,-0.071569785,0.4962904,-0.07486456,2.5567658,1.1394327,-0.7368961
1747679456.6410503,-0.071569785,0.4962904,-0.07486456,2.5567658,1.1394327,-0.7368961
1747679456.6416013,-0.071569785,0.4962904,-0.07486456,2.5567658,1.1394327,-0.7368961
1747679456.6421502,-0.071569785,0.4962904,-0.07486456,2.5567658,1.1394327,-0.7368961
1747679456.6426892,-0.071569785,0.4962904,-0.07486456,2.5567658,1.1394327,-0.7368961
1747679456.6432385,-0.071569785,0.4962904,-0.07486456,2.5567658,1.1394327,-0.7368961
1747679456.6437826,-0.071569785,0.4962904,-0.07486456,2.5567658,1.1394327,-0.7368961
1747679456.6443174,-0.071569785,0.4962904,-0.07486456,2.5567658,1.1394327,-0.7368961
1747679456.6448412,-0.071569785,0.4962904,-0.07486456,2.5567658,1.1394327,-0.7368961
1747679456.6453605,-0.071569785,0.4962904,-0.07486456,2.5567658,1.1394327,-0.7368961
1747679456.6458786,-0.071569785,0.4962904,-0.07486456,2.5567658,1.1394327,-0.7368961
1747679456.6463964,-0.071569785,0.4962904,-0.07486456,2.5567658,1.1394327,-0.7368961
1747679456.6469142,-0.071569785,0.4962904,-0.07486456,2.5567658,1.1394327,-0.7368961
1747679456.6474898,-0.071569785,0.4962904,-0.07486456,2.5567658,1.1394327,-0.7368961
1747679456.6480458,-0.071569785,0.4962904,-0.07486456,2.5567658,1.1394327,-0.7368961
1747679456.6486833,-0.071569785,0.4962904,-0.07486456,2.5567658,1.1394327,-0.7368961
1747679456.64923,-0.071569785,0.4962904,-0.07486456,2.5567658,1.1394327,-0.7368961
1747679456.649763,-0.071569785,0.4962904,-0.07486456,2.5567658,1.1394327,-0.7368961
1747679456.6502829,-0.071569785,0.4962904,-0.07486456,2.5567658,1.1394327,-0.7368961
1747679456.6508012,-0.071569785,0.4962904,-0.07486456,2.5567658,1.1394327,-0.7368961
1747679456.6513195,-0.071569785,0.4962904,-0.07486456,2.5567658,1.1394327,-0.7368961
1747679456.6518376,-0.071569785,0.4962904,-0.07486456,2.5567658,1.1394327,-0.7368961
1747679456.652356,-0.071569785,0.4962904,-0.07486456,2.5567658,1.1394327,-0.7368961
1747679456.6528742,-0.071569785,0.4962904,-0.07486456,2.5567658,1.1394327,-0.7368961
1747679456.6533923,-0.071569785,0.4962904,-0.07486456,2.5567658,1.1394327,-0.7368961
1747679456.6539252,-0.071569785,0.4962904,-0.07486456,2.5567658,1.1394327,-0.7368961
1747679456.654463,-0.071569785,0.4962904,-0.07486456,2.5567658,1.1394327,-0.7368961
1747679456.6549878,-0.071569785,0.4962904,-0.07486456,2.5567658,1.1394327,-0.7368961
1747679456.6555324,-0.17163326,0.6534633,-0.12904526,1.7993635,1.730654,-0.590955
1747679456.656082,-0.17163326,0.6534633,-0.12904526,1.8025593,1.4962959,-0.5589971
1747679456.6566067,-0.17163326,0.6534633,-0.12904526,1.8025593,1.4962959,-0.5589971
1747679456.6571343,-0.17163326,0.6534633,-0.12904526,1.8025593,1.4962959,-0.5589971
1747679456.6576886,-0.17163326,0.6534633,-0.12904526,1.8025593,1.4962959,-0.5589971
1747679456.6582437,-0.17163326,0.6534633,-0.12904526,1.8025593,1.4962959,-0.5589971
1747679456.658779,-0.17163326,0.6534633,-0.12904526,1.8025593,1.4962959,-0.5589971
1747679456.6593008,-0.17163326,0.6534633,-0.12904526,1.8025593,1.4962959,-0.5589971
1747679456.659822,-0.17163326,0.6534633,-0.12904526,1.8025593,1.4962959,-0.5589971
1747679456.660343,-0.17163326,0.6534633,-0.12904526,1.8025593,1.4962959,-0.5589971
1747679456.660864,-0.17163326,0.6534633,-0.12904526,1.8025593,1.4962959,-0.5589971
1747679456.6613853,-0.17163326,0.6534633,-0.12904526,1.8025593,1.4962959,-0.5589971
1747679456.661906,-0.17163326,0.6534633,-0.12904526,1.8025593,1.4962959,-0.5589971
1747679456.662427,-0.17163326,0.6534633,-0.12904526,1.8025593,1.4962959,-0.5589971
1747679456.6629736,-0.1594304,0.6910481,-0.16321328,1.8377129,1.2246537,-0.574976
1747679456.66352,-0.1594304,0.6910481,-0.16321328,1.8377129,1.2246537,-0.574976
1747679456.6640575,-0.1594304,0.6910481,-0.16321328,1.8377129,1.2246537,-0.574976
1747679456.664597,-0.1594304,0.6910481,-0.16321328,1.8377129,1.2246537,-0.574976
1747679456.6651218,-0.1594304,0.6910481,-0.16321328,1.8377129,1.2246537,-0.574976
1747679456.665643,-0.1594304,0.6910481,-0.16321328,1.8377129,1.2246537,-0.574976
1747679456.6661644,-0.1594304,0.6910481,-0.16321328,1.8377129,1.2246537,-0.574976
1747679456.6666853,-0.1594304,0.6910481,-0.16321328,1.8377129,1.2246537,-0.574976
1747679456.6672068,-0.1594304,0.6910481,-0.16321328,1.8377129,1.2246537,-0.574976
1747679456.6677277,-0.1594304,0.6910481,-0.16321328,1.8377129,1.2246537,-0.574976
1747679456.6682487,-0.1594304,0.6910481,-0.16321328,1.8377129,1.2246537,-0.574976
1747679456.6687696,-0.1594304,0.6910481,-0.16321328,1.8377129,1.2246537,-0.574976
1747679456.66929,-0.1594304,0.6910481,-0.16321328,1.8377129,1.2246537,-0.574976
1747679456.6698105,-0.1594304,0.6910481,-0.16321328,1.8377129,1.2246537,-0.574976
1747679456.6703336,-0.1594304,0.6910481,-0.16321328,1.8377129,1.2246537,-0.574976
1747679456.6708527,-0.1594304,0.6910481,-0.16321328,1.8377129,1.2246537,-0.574976
1747679456.6713886,-0.1594304,0.6910481,-0.16321328,1.846235,0.98709995,-0.60054237
1747679456.671911,-0.1594304,0.6910481,-0.16321328,1.846235,0.98709995,-0.60054237
1747679456.6724327,-0.18530047,0.70910835,-0.2178821,1.846235,0.98709995,-0.60054237
1747679456.6729572,-0.18530047,0.70910835,-0.2178821,1.846235,0.98709995,-0.60054237
1747679456.6735091,-0.18530047,0.70910835,-0.2178821,1.846235,0.98709995,-0.60054237
1747679456.6741445,-0.18530047,0.70910835,-0.2178821,1.846235,0.98709995,-0.60054237
1747679456.6747808,-0.18530047,0.70910835,-0.2178821,1.846235,0.98709995,-0.60054237
1747679456.6753252,-0.18530047,0.70910835,-0.2178821,1.846235,0.98709995,-0.60054237
1747679456.6758516,-0.18530047,0.70910835,-0.2178821,1.846235,0.98709995,-0.60054237
1747679456.6763704,-0.18530047,0.70910835,-0.2178821,1.846235,0.98709995,-0.60054237
1747679456.6768897,-0.18530047,0.70910835,-0.2178821,1.846235,0.98709995,-0.60054237
1747679456.6774075,-0.18530047,0.70910835,-0.2178821,1.846235,0.98709995,-0.60054237
1747679456.678023,-0.18530047,0.70910835,-0.2178821,1.846235,0.98709995,-0.60054237
1747679456.6785781,-0.18530047,0.70910835,-0.2178821,1.846235,0.98709995,-0.60054237
1747679456.6791196,-0.18530047,0.70910835,-0.2178821,1.846235,0.98709995,-0.60054237
1747679456.6796699,-0.18530047,0.70910835,-0.2178821,1.846235,0.98709995,-0.60054237
1747679456.680216,-0.18530047,0.70910835,-0.2178821,1.846235,0.98709995,-0.60054237
1747679456.6807487,-0.18530047,0.70910835,-0.2178821,1.846235,0.98709995,-0.60054237
1747679456.6812685,-0.18530047,0.70910835,-0.2178821,1.846235,0.98709995,-0.60054237
1747679456.6817918,-0.18530047,0.70910835,-0.2178821,1.846235,0.98709995,-0.60054237
1747679456.6823118,-0.18530047,0.70910835,-0.2178821,1.846235,0.98709995,-0.60054237
1747679456.6828365,-0.23606437,0.7217993,-0.2725509,1.846235,0.98709995,-0.60054237
1747679456.683356,-0.23606437,0.7217993,-0.2725509,1.846235,0.98709995,-0.60054237
1747679456.683898,-0.23606437,0.7217993,-0.2725509,1.846235,0.98709995,-0.60054237
1747679456.6844375,-0.23606437,0.7217993,-0.2725509,1.846235,0.98709995,-0.60054237
1747679456.6849625,-0.23606437,0.7217993,-0.2725509,1.8110813,0.8656599,-0.6037382
1747679456.685482,-0.23606437,0.7217993,-0.2725509,1.8110813,0.8656599,-0.6037382
1747679456.686,-0.23606437,0.7217993,-0.2725509,1.8110813,0.8656599,-0.6037382
1747679456.686518,-0.23606437,0.7217993,-0.2725509,1.8110813,0.8656599,-0.6037382
1747679456.6870363,-0.23606437,0.7217993,-0.2725509,1.8110813,0.8656599,-0.6037382
1747679456.6875541,-0.23606437,0.7217993,-0.2725509,1.8110813,0.8656599,-0.6037382
1747679456.6880767,-0.23606437,0.7217993,-0.2725509,1.8110813,0.8656599,-0.6037382
1747679456.6890666,-0.23606437,0.7217993,-0.2725509,1.8110813,0.8656599,-0.6037382
1747679456.689613,-0.23606437,0.7217993,-0.2725509,1.8110813,0.8656599,-0.6037382
1747679456.6901457,-0.23606437,0.7217993,-0.2725509,1.8110813,0.8656599,-0.6037382
1747679456.6906655,-0.23606437,0.7217993,-0.2725509,1.8110813,0.8656599,-0.6037382
1747679456.6911838,-0.23606437,0.7217993,-0.2725509,1.8110813,0.8656599,-0.6037382
1747679456.6917021,-0.23606437,0.7217993,-0.2725509,1.8110813,0.8656599,-0.6037382
1747679456.6922202,-0.23606437,0.7217993,-0.2725509,1.8110813,0.8656599,-0.6037382
1747679456.692738,-0.23606437,0.7217993,-0.2725509,1.8110813,0.8656599,-0.6037382
1747679456.693294,-0.23606437,0.7217993,-0.2725509,1.8110813,0.8656599,-0.6037382
1747679456.6938386,-0.23606437,0.7217993,-0.2725509,1.8110813,0.8656599,-0.6037382
1747679456.6943777,-0.23606437,0.7217993,-0.2725509,1.8110813,0.8656599,-0.6037382
1747679456.6949184,-0.23606437,0.7217993,-0.2725509,1.8110813,0.8656599,-0.6037382
1747679456.695446,-0.23606437,0.7217993,-0.2725509,1.7471656,0.8432893,-0.56964976
1747679456.6959662,-0.23606437,0.7217993,-0.2725509,1.7471656,0.8432893,-0.56964976
1747679456.696485,-0.23606437,0.7217993,-0.2725509,1.7471656,0.8432893,-0.56964976
1747679456.6970055,-0.27218485,0.73595464,-0.30281404,1.7471656,0.8432893,-0.56964976
1747679456.6975248,-0.27218485,0.73595464,-0.30281404,1.7471656,0.8432893,-0.56964976
1747679456.6980429,-0.27218485,0.73595464,-0.30281404,1.7471656,0.8432893,-0.56964976
1747679456.698561,-0.27218485,0.73595464,-0.30281404,1.7471656,0.8432893,-0.56964976
1747679456.6990793,-0.27218485,0.73595464,-0.30281404,1.7471656,0.8432893,-0.56964976
1747679456.6995974,-0.27218485,0.73595464,-0.30281404,1.7471656,0.8432893,-0.56964976
1747679456.7001152,-0.27218485,0.73595464,-0.30281404,1.7471656,0.8432893,-0.56964976
1747679456.7006335,-0.27218485,0.73595464,-0.30281404,1.7471656,0.8432893,-0.56964976
1747679456.7011514,-0.27218485,0.73595464,-0.30281404,1.7471656,0.8432893,-0.56964976
1747679456.7016728,-0.27218485,0.73595464,-0.30281404,1.7471656,0.8432893,-0.56964976
1747679456.7021925,-0.27218485,0.73595464,-0.30281404,1.7471656,0.8432893,-0.56964976
1747679456.7027147,-0.2838996,0.7564555,-0.32038614,1.6353128,0.9285104,-0.49614653
1747679456.703241,-0.2838996,0.7564555,-0.32038614,1.6353128,0.9285104,-0.49614653
1747679456.7037768,-0.2838996,0.7564555,-0.32038614,1.6353128,0.9285104,-0.49614653
1747679456.7043288,-0.2838996,0.7564555,-0.32038614,1.6353128,0.9285104,-0.49614653
1747679456.7048867,-0.2838996,0.7564555,-0.32038614,1.6353128,0.9285104,-0.49614653
1747679456.7054486,-0.2838996,0.7564555,-0.32038614,1.6353128,0.9285104,-0.49614653
1747679456.705994,-0.2838996,0.7564555,-0.32038614,1.6353128,0.9285104,-0.49614653
1747679456.706527,-0.2838996,0.7564555,-0.32038614,1.6353128,0.9285104,-0.49614653
1747679456.707047,-0.2838996,0.7564555,-0.32038614,1.6353128,0.9285104,-0.49614653
1747679456.7075655,-0.2838996,0.7564555,-0.32038614,1.6353128,0.9285104,-0.49614653
1747679456.7080839,-0.2838996,0.7564555,-0.32038614,1.6353128,0.9285104,-0.49614653
1747679456.7087464,-0.2838996,0.7564555,-0.32038614,1.6353128,0.9285104,-0.49614653
1747679456.7093086,-0.2838996,0.7564555,-0.32038614,1.6353128,0.9285104,-0.49614653
1747679456.7098515,-0.2838996,0.7564555,-0.32038614,1.6353128,0.9285104,-0.49614653
1747679456.7103841,-0.2838996,0.7564555,-0.32038614,1.6353128,0.9285104,-0.49614653
1747679456.710908,-0.2838996,0.7564555,-0.32038614,1.5628749,1.0733863,-0.44394863
1747679456.7114305,-0.2673037,0.75987226,-0.32526731,1.5628749,1.0733863,-0.44394863
1747679456.7119508,-0.2673037,0.75987226,-0.32526731,1.5628749,1.0733863,-0.44394863
1747679456.712472,-0.2673037,0.75987226,-0.32526731,1.5628749,1.0733863,-0.44394863
1747679456.7129917,-0.2673037,0.75987226,-0.32526731,1.5628749,1.0733863,-0.44394863
1747679456.7135098,-0.2673037,0.75987226,-0.32526731,1.5628749,1.0733863,-0.44394863
1747679456.7140434,-0.2673037,0.75987226,-0.32526731,1.5628749,1.0733863,-0.44394863
1747679456.714582,-0.2673037,0.75987226,-0.32526731,1.5628749,1.0733863,-0.44394863
1747679456.7151046,-0.2673037,0.75987226,-0.32526731,1.5628749,1.0733863,-0.44394863
1747679456.715623,-0.2673037,0.75987226,-0.32526731,1.5628749,1.0733863,-0.44394863
1747679456.7161412,-0.2673037,0.75987226,-0.32526731,1.5628749,1.0733863,-0.44394863
1747679456.7166595,-0.2673037,0.75987226,-0.32526731,1.5628749,1.0733863,-0.44394863
1747679456.7171776,-0.2673037,0.75987226,-0.32526731,1.5628749,1.0733863,-0.44394863
1747679456.7176955,-0.2673037,0.75987226,-0.32526731,1.5628749,1.0733863,-0.44394863
1747679456.7182136,-0.2673037,0.75987226,-0.32526731,1.5628749,1.0733863,-0.44394863
1747679456.7187314,-0.2673037,0.75987226,-0.32526731,1.5628749,1.0733863,-0.44394863
1747679456.71925,-0.2673037,0.75987226,-0.32526731,1.5628749,1.0733863,-0.44394863
1747679456.719772,-0.2673037,0.75987226,-0.32526731,1.5628749,1.0733863,-0.44394863
1747679456.7203224,-0.2673037,0.75987226,-0.32526731,1.5628749,1.0733863,-0.44394863
1747679456.7208714,-0.2673037,0.75987226,-0.32526731,1.5628749,1.0733863,-0.44394863
1747679456.7214043,-0.2673037,0.75987226,-0.32526731,1.5628749,1.0733863,-0.44394863
1747679456.721924,-0.2673037,0.75987226,-0.32526731,1.5628749,1.0733863,-0.44394863
1747679456.7224448,-0.2673037,0.75987226,-0.32526731,1.5628749,1.0733863,-0.44394863
1747679456.722977,-0.2673037,0.75987226,-0.32526731,1.5255907,1.1394327,-0.42264336
1747679456.723503,-0.2673037,0.75987226,-0.32526731,1.5255907,1.1394327,-0.42264336
1747679456.7240286,-0.2673037,0.75987226,-0.32526731,1.5255907,1.1394327,-0.42264336
1747679456.724564,-0.2673037,0.75987226,-0.32526731,1.5255907,1.1394327,-0.42264336
1747679456.7251024,-0.2673037,0.75987226,-0.32526731,1.5255907,1.1394327,-0.42264336
1747679456.725629,-0.24875534,0.7686583,-0.33795828,1.5255907,1.1394327,-0.42264336
1747679456.7261505,-0.24875534,0.7686583,-0.33795828,1.5255907,1.1394327,-0.42264336
1747679456.7266688,-0.24875534,0.7686583,-0.33795828,1.5255907,1.1394327,-0.42264336
1747679456.7271872,-0.24875534,0.7686583,-0.33795828,1.5255907,1.1394327,-0.42264336
1747679456.7277052,-0.24875534,0.7686583,-0.33795828,1.5255907,1.1394327,-0.42264336
1747679456.7282233,-0.24875534,0.7686583,-0.33795828,1.5255907,1.1394327,-0.42264336
1747679456.7287414,-0.24875534,0.7686583,-0.33795828,1.5255907,1.1394327,-0.42264336
1747679456.7292595,-0.24875534,0.7686583,-0.33795828,1.5255907,1.1394327,-0.42264336
1747679456.7297776,-0.24875534,0.7686583,-0.33795828,1.5255907,1.1394327,-0.42264336
1747679456.730296,-0.24875534,0.7686583,-0.33795828,1.5255907,1.1394327,-0.42264336
1747679456.7308137,-0.24875534,0.7686583,-0.33795828,1.5255907,1.1394327,-0.42264336
1747679456.7313318,-0.24875534,0.7686583,-0.33795828,1.5255907,1.1394327,-0.42264336
1747679456.73185,-0.24875534,0.7686583,-0.33795828,1.5255907,1.1394327,-0.42264336
1747679456.732373,-0.21605167,0.8047788,-0.37115005,1.5255907,1.1394327,-0.42264336
1747679456.7329414,-0.21605167,0.8047788,-0.37115005,1.5255907,1.1394327,-0.42264336
1747679456.733477,-0.21605167,0.8047788,-0.37115005,1.5255907,1.1394327,-0.42264336
1747679456.7340143,-0.21605167,0.8047788,-0.37115005,1.4648707,1.1788474,-0.42477387
1747679456.7345564,-0.21605167,0.8047788,-0.37115005,1.4648707,1.1788474,-0.42477387
1747679456.735083,-0.21605167,0.8047788,-0.37115005,1.4648707,1.1788474,-0.42477387
1747679456.7356067,-0.21605167,0.8047788,-0.37115005,1.4648707,1.1788474,-0.42477387
1747679456.736157,-0.21605167,0.8047788,-0.37115005,1.4648707,1.1788474,-0.42477387
1747679456.7367096,-0.21605167,0.8047788,-0.37115005,1.4648707,1.1788474,-0.42477387
1747679456.7372427,-0.21605167,0.8047788,-0.37115005,1.4648707,1.1788474,-0.42477387
1747679456.7378523,-0.21605167,0.8047788,-0.37115005,1.4648707,1.1788474,-0.42477387
1747679456.7383716,-0.21605167,0.8047788,-0.37115005,1.4648707,1.1788474,-0.42477387
1747679456.7390141,-0.21605167,0.8047788,-0.37115005,1.4648707,1.1788474,-0.42477387
1747679456.7395635,-0.21605167,0.8047788,-0.37115005,1.4648707,1.1788474,-0.42477387
1747679456.740104,-0.21605167,0.8047788,-0.37115005,1.4648707,1.1788474,-0.42477387
1747679456.7406461,-0.21605167,0.8047788,-0.37115005,1.4648707,1.1788474,-0.42477387
1747679456.7411792,-0.21605167,0.8047788,-0.37115005,1.4648707,1.1788474,-0.42477387
1747679456.741699,-0.21605167,0.8047788,-0.37115005,1.4648707,1.1788474,-0.42477387
1747679456.7422178,-0.21605167,0.8047788,-0.37115005,1.4648707,1.1788474,-0.42477387
1747679456.7427359,-0.21605167,0.8047788,-0.37115005,1.4648707,1.1788474,-0.42477387
1747679456.7432544,-0.21605167,0.8047788,-0.37115005,1.4648707,1.1788474,-0.42477387
1747679456.743773,-0.21605167,0.8047788,-0.37115005,1.4648707,1.1788474,-0.42477387
1747679456.7443087,-0.21605167,0.8047788,-0.37115005,1.4648707,1.1788474,-0.42477387
1747679456.7448547,-0.21605167,0.8047788,-0.37115005,1.4648707,1.1788474,-0.42477387
1747679456.7453823,-0.21605167,0.8047788,-0.37115005,1.4648707,1.1788474,-0.42477387
1747679456.745905,-0.22434962,0.83894676,-0.40727055,1.4648707,1.1788474,-0.42477387
1747679456.7464247,-0.22434962,0.83894676,-0.40727055,1.4648707,1.1788474,-0.42477387
1747679456.7469463,-0.22434962,0.83894676,-0.40727055,1.3881717,1.1479547,-0.47484127
1747679456.7474685,-0.22434962,0.83894676,-0.40727055,1.3881717,1.1479547,-0.47484127
1747679456.7479885,-0.22434962,0.83894676,-0.40727055,1.3881717,1.1479547,-0.47484127
1747679456.7485063,-0.22434962,0.83894676,-0.40727055,1.3881717,1.1479547,-0.47484127
1747679456.7490249,-0.22434962,0.83894676,-0.40727055,1.3881717,1.1479547,-0.47484127
1747679456.7495427,-0.22434962,0.83894676,-0.40727055,1.3881717,1.1479547,-0.47484127
1747679456.7500618,-0.22434962,0.83894676,-0.40727055,1.3881717,1.1479547,-0.47484127
1747679456.750585,-0.22434962,0.83894676,-0.40727055,1.3881717,1.1479547,-0.47484127
1747679456.7511356,-0.22434962,0.83894676,-0.40727055,1.3881717,1.1479547,-0.47484127
1747679456.751699,-0.22434962,0.83894676,-0.40727055,1.3881717,1.1479547,-0.47484127
1747679456.7522445,-0.22434962,0.83894676,-0.40727055,1.3881717,1.1479547,-0.47484127
1747679456.7527726,-0.22434962,0.83894676,-0.40727055,1.3349085,1.0606031,-0.51106024
1747679456.7532957,-0.22434962,0.83894676,-0.40727055,1.3349085,1.0606031,-0.51106024
1747679456.753889,-0.22434962,0.83894676,-0.40727055,1.3349085,1.0606031,-0.51106024
1747679456.7544343,-0.22434962,0.83894676,-0.40727055,1.3349085,1.0606031,-0.51106024
1747679456.7549765,-0.25217217,0.8428517,-0.42240208,1.3349085,1.0606031,-0.51106024
1747679456.7555046,-0.25217217,0.8428517,-0.42240208,1.3349085,1.0606031,-0.51106024
1747679456.756026,-0.25217217,0.8428517,-0.42240208,1.3349085,1.0606031,-0.51106024
1747679456.7565467,-0.25217217,0.8428517,-0.42240208,1.3349085,1.0606031,-0.51106024
1747679456.7570674,-0.25217217,0.8428517,-0.42240208,1.3349085,1.0606031,-0.51106024
1747679456.7575881,-0.25217217,0.8428517,-0.42240208,1.3349085,1.0606031,-0.51106024
1747679456.758109,-0.25217217,0.8428517,-0.42240208,1.3349085,1.0606031,-0.51106024
1747679456.7586296,-0.25217217,0.8428517,-0.42240208,1.3349085,1.0606031,-0.51106024
1747679456.7591505,-0.25217217,0.8428517,-0.42240208,1.3349085,1.0606031,-0.51106024
1747679456.7596915,-0.2907332,0.83943486,-0.43704548,1.3349085,1.0606031,-0.51106024
1747679456.7602413,-0.2907332,0.83943486,-0.43704548,1.3040159,0.914662,-0.53130025
1747679456.7607698,-0.2907332,0.83943486,-0.43704548,1.3040159,0.914662,-0.53130025
1747679456.7612946,-0.2907332,0.83943486,-0.43704548,1.3040159,0.914662,-0.53130025
1747679456.7618165,-0.2907332,0.83943486,-0.43704548,1.3040159,0.914662,-0.53130025
1747679456.7623374,-0.2907332,0.83943486,-0.43704548,1.3040159,0.914662,-0.53130025
1747679456.7628582,-0.2907332,0.83943486,-0.43704548,1.3040159,0.914662,-0.53130025
1747679456.7633789,-0.2907332,0.83943486,-0.43704548,1.3040159,0.914662,-0.53130025
1747679456.7638993,-0.2907332,0.83943486,-0.43704548,1.3040159,0.914662,-0.53130025
1747679456.7644322,-0.2907332,0.83943486,-0.43704548,1.3040159,0.914662,-0.53130025
1747679456.7649722,-0.2907332,0.83943486,-0.43704548,1.3040159,0.914662,-0.53130025
1747679456.7654967,-0.2907332,0.83943486,-0.43704548,1.3040159,0.914662,-0.53130025
1747679456.7660177,-0.2907332,0.83943486,-0.43704548,1.3040159,0.914662,-0.53130025
1747679456.766544,-0.2907332,0.83943486,-0.43704548,1.3040159,0.914662,-0.53130025
1747679456.7670953,-0.2907332,0.83943486,-0.43704548,1.3040159,0.914662,-0.53130025
1747679456.7676518,-0.2907332,0.83943486,-0.43704548,1.3040159,0.914662,-0.53130025
1747679456.768187,-0.2907332,0.83943486,-0.43704548,1.3040159,0.914662,-0.53130025
1747679456.7687097,-0.2907332,0.83943486,-0.43704548,1.3040159,0.914662,-0.53130025
1747679456.7692904,-0.2907332,0.83943486,-0.43704548,1.3040159,0.914662,-0.53130025
1747679456.7698543,-0.2907332,0.83943486,-0.43704548,1.3040159,0.914662,-0.53130025
1747679456.770415,-0.2907332,0.83943486,-0.43704548,1.2976242,0.7559377,-0.534496
1747679456.7709644,-0.2907332,0.83943486,-0.43704548,1.2976242,0.7559377,-0.534496
1747679456.7715125,-0.2907332,0.83943486,-0.43704548,1.2976242,0.7559377,-0.534496
1747679456.7720404,-0.3268537,0.83064884,-0.456082,1.2976242,0.7559377,-0.534496
1747679456.7725613,-0.3268537,0.83064884,-0.456082,1.2976242,0.7559377,-0.534496
1747679456.7730799,-0.3268537,0.83064884,-0.456082,1.2976242,0.7559377,-0.534496
1747679456.773614,-0.3268537,0.83064884,-0.456082,1.2976242,0.7559377,-0.534496
1747679456.774151,-0.3268537,0.83064884,-0.456082,1.2976242,0.7559377,-0.534496
1747679456.7746742,-0.3268537,0.83064884,-0.456082,1.2976242,0.7559377,-0.534496
1747679456.7751927,-0.3268537,0.83064884,-0.456082,1.2976242,0.7559377,-0.534496
1747679456.7757113,-0.3268537,0.83064884,-0.456082,1.2976242,0.7559377,-0.534496
1747679456.7762296,-0.3268537,0.83064884,-0.456082,1.2976242,0.7559377,-0.534496
1747679456.7767477,-0.3268537,0.83064884,-0.456082,1.2976242,0.7559377,-0.534496
1747679456.7772663,-0.3268537,0.83064884,-0.456082,1.2976242,0.7559377,-0.534496
1747679456.7777846,-0.3268537,0.83064884,-0.456082,1.2976242,0.7559377,-0.534496
1747679456.7783027,-0.3268537,0.83064884,-0.456082,1.2976242,0.7559377,-0.534496
1747679456.7788212,-0.3268537,0.83064884,-0.456082,1.2976242,0.7559377,-0.534496
1747679456.7793393,-0.3268537,0.83064884,-0.456082,1.2976242,0.7559377,-0.534496
1747679456.7798574,-0.3268537,0.83064884,-0.456082,1.2976242,0.7559377,-0.534496
1747679456.7803752,-0.3268537,0.83064884,-0.456082,1.2976242,0.7559377,-0.534496
1747679456.7808952,-0.3268537,0.83064884,-0.456082,1.2976242,0.7559377,-0.534496
1747679456.781422,-0.3268537,0.83064884,-0.456082,1.3029506,0.6110619,-0.50679916
1747679456.7819433,-0.3268537,0.83064884,-0.456082,1.3029506,0.6110619,-0.50679916
1747679456.782998,-0.36883152,0.81014806,-0.48341638,1.3029506,0.6110619,-0.50679916
1747679456.783552,-0.36883152,0.81014806,-0.48341638,1.3029506,0.6110619,-0.50679916
1747679456.7841015,-0.36883152,0.81014806,-0.48341638,1.3029506,0.6110619,-0.50679916
1747679456.7846594,-0.36883152,0.81014806,-0.48341638,1.3029506,0.6110619,-0.50679916
1747679456.7852137,-0.36883152,0.81014806,-0.48341638,1.3029506,0.6110619,-0.50679916
1747679456.7857747,-0.36883152,0.81014806,-0.48341638,1.3029506,0.6110619,-0.50679916
1747679456.7863188,-0.36883152,0.81014806,-0.48341638,1.3029506,0.6110619,-0.50679916
1747679456.786846,-0.36883152,0.81014806,-0.48341638,1.3029506,0.6110619,-0.50679916
1747679456.7873647,-0.36883152,0.81014806,-0.48341638,1.3029506,0.6110619,-0.50679916
1747679456.787883,-0.36883152,0.81014806,-0.48341638,1.3029506,0.6110619,-0.50679916
1747679456.788401,-0.36883152,0.81014806,-0.48341638,1.3029506,0.6110619,-0.50679916
1747679456.7889187,-0.36883152,0.81014806,-0.48341638,1.3029506,0.6110619,-0.50679916
1747679456.7894363,-0.36883152,0.81014806,-0.48341638,1.3029506,0.6110619,-0.50679916
1747679456.7899542,-0.36883152,0.81014806,-0.48341638,1.3029506,0.6110619,-0.50679916
1747679456.7904723,-0.36883152,0.81014806,-0.48341638,1.3029506,0.6110619,-0.50679916
1747679456.7909899,-0.36883152,0.81014806,-0.48341638,1.3029506,0.6110619,-0.50679916
1747679456.7915075,-0.36883152,0.81014806,-0.48341638,1.3029506,0.6110619,-0.50679916
1747679456.792025,-0.36883152,0.81014806,-0.48341638,1.3029506,0.6110619,-0.50679916
1747679456.7925427,-0.36883152,0.81014806,-0.48341638,1.3029506,0.6110619,-0.50679916
1747679456.7930644,-0.36883152,0.81014806,-0.48341638,1.3029506,0.6110619,-0.50679916
1747679456.7935867,-0.38640365,0.7857423,-0.5317397,1.3029506,0.6110619,-0.50679916
1747679456.794106,-0.38640365,0.7857423,-0.5317397,1.3029506,0.6110619,-0.50679916
1747679456.7946427,-0.38640365,0.7857423,-0.5317397,1.3029506,0.6110619,-0.50679916
1747679456.7951827,-0.38640365,0.7857423,-0.5317397,1.3029506,0.486426,-0.44501388
1747679456.7957053,-0.38640365,0.7857423,-0.5317397,1.3029506,0.486426,-0.44501388
1747679456.7962234,-0.38640365,0.7857423,-0.5317397,1.3029506,0.486426,-0.44501388
1747679456.796742,-0.38640365,0.7857423,-0.5317397,1.3029506,0.486426,-0.44501388
1747679456.7972643,-0.38640365,0.7857423,-0.5317397,1.3029506,0.486426,-0.44501388
1747679456.7978148,-0.38640365,0.7857423,-0.5317397,1.3029506,0.486426,-0.44501388
1747679456.7983675,-0.38640365,0.7857423,-0.5317397,1.3029506,0.486426,-0.44501388
1747679456.7989004,-0.38640365,0.7857423,-0.5317397,1.3029506,0.486426,-0.44501388
1747679456.79942,-0.38640365,0.7857423,-0.5317397,1.3029506,0.486426,-0.44501388
1747679456.8000875,-0.38640365,0.7857423,-0.5317397,1.3029506,0.486426,-0.44501388
1747679456.8006437,-0.38640365,0.7857423,-0.5317397,1.3029506,0.486426,-0.44501388
1747679456.8011832,-0.38640365,0.7857423,-0.5317397,1.3029506,0.486426,-0.44501388
1747679456.8017159,-0.38640365,0.7857423,-0.5317397,1.3029506,0.486426,-0.44501388
1747679456.8022354,-0.38640365,0.7857423,-0.5317397,1.3029506,0.486426,-0.44501388
1747679456.8027542,-0.38640365,0.7857423,-0.5317397,1.3029506,0.486426,-0.44501388
1747679456.803277,-0.38640365,0.7857423,-0.5317397,1.3029506,0.486426,-0.44501388
1747679456.8038716,-0.38640365,0.7857423,-0.5317397,1.3029506,0.486426,-0.44501388
1747679456.8044052,-0.38640365,0.7857423,-0.5317397,1.2891022,0.46831653,-0.40772966
1747679456.8049312,-0.38640365,0.7623128,-0.5942184,1.2891022,0.46831653,-0.40772966
1747679456.8054507,-0.38640365,0.7623128,-0.5942184,1.2891022,0.46831653,-0.40772966
1747679456.8059685,-0.38640365,0.7623128,-0.5942184,1.2891022,0.46831653,-0.40772966
1747679456.8064868,-0.38640365,0.7623128,-0.5942184,1.2891022,0.46831653,-0.40772966
1747679456.8070047,-0.38640365,0.7623128,-0.5942184,1.2891022,0.46831653,-0.40772966
1747679456.8075228,-0.38640365,0.7623128,-0.5942184,1.2891022,0.46831653,-0.40772966
1747679456.8080409,-0.38640365,0.7623128,-0.5942184,1.2891022,0.46831653,-0.40772966
1747679456.8085592,-0.38640365,0.7623128,-0.5942184,1.2891022,0.46831653,-0.40772966
1747679456.8090773,-0.38640365,0.7623128,-0.5942184,1.2891022,0.46831653,-0.40772966
1747679456.8095953,-0.38640365,0.7623128,-0.5942184,1.2891022,0.46831653,-0.40772966
1747679456.8101132,-0.38640365,0.7623128,-0.5942184,1.2891022,0.46831653,-0.40772966
1747679456.8106315,-0.38640365,0.7623128,-0.5942184,1.2891022,0.46831653,-0.40772966
1747679456.8111494,-0.38640365,0.7623128,-0.5942184,1.2891022,0.46831653,-0.40772966
1747679456.8116708,-0.38493928,0.74766934,-0.63717246,1.2891022,0.46831653,-0.40772966
1747679456.8121908,-0.38493928,0.74766934,-0.63717246,1.2891022,0.46831653,-0.40772966
1747679456.812709,-0.38493928,0.74766934,-0.63717246,1.2891022,0.46831653,-0.40772966
1747679456.8132365,-0.38493928,0.74766934,-0.63717246,1.2646011,0.4842955,-0.3832286
1747679456.8137891,-0.38493928,0.74766934,-0.63717246,1.2646011,0.4842955,-0.3832286
1747679456.8143475,-0.38493928,0.74766934,-0.63717246,1.2646011,0.4842955,-0.3832286
1747679456.8148937,-0.38493928,0.74766934,-0.63717246,1.2646011,0.4842955,-0.3832286
1747679456.8154328,-0.38493928,0.74766934,-0.63717246,1.2646011,0.4842955,-0.3832286
1747679456.8159723,-0.38493928,0.74766934,-0.63717246,1.2646011,0.4842955,-0.3832286
1747679456.8164978,-0.38493928,0.74766934,-0.63717246,1.2646011,0.4842955,-0.3832286
1747679456.817017,-0.38493928,0.74766934,-0.63717246,1.2646011,0.4842955,-0.3832286
1747679456.8175387,-0.38493928,0.74766934,-0.63717246,1.2646011,0.4842955,-0.3832286
1747679456.818064,-0.38493928,0.74766934,-0.63717246,1.2646011,0.4842955,-0.3832286
1747679456.818584,-0.38493928,0.74766934,-0.63717246,1.2646011,0.4842955,-0.3832286
1747679456.819102,-0.38493928,0.74766934,-0.63717246,1.2646011,0.4842955,-0.3832286
1747679456.8196204,-0.38493928,0.74766934,-0.63717246,1.2646011,0.4842955,-0.3832286
1747679456.8201382,-0.38493928,0.74766934,-0.63717246,1.2646011,0.4842955,-0.3832286
1747679456.8206558,-0.38493928,0.74766934,-0.63717246,1.2646011,0.4842955,-0.3832286
1747679456.8211734,-0.38493928,0.74766934,-0.63717246,1.2646011,0.4842955,-0.3832286
1747679456.8216918,-0.38493928,0.74766934,-0.63717246,1.2646011,0.4842955,-0.3832286
1747679456.8222132,-0.38493928,0.74766934,-0.63717246,1.2646011,0.4842955,-0.3832286
1747679456.8227327,-0.38493928,0.74766934,-0.63717246,1.2646011,0.4842955,-0.3832286
1747679456.8232512,-0.38493928,0.74766934,-0.63717246,1.2646011,0.4842955,-0.3832286
1747679456.8237846,-0.38493928,0.74766934,-0.63717246,1.2646011,0.4842955,-0.3832286
1747679456.8243232,-0.38493928,0.74766934,-0.63717246,1.2646011,0.4842955,-0.3832286
1747679456.82485,-0.3883561,0.72765666,-0.72161627,1.1889673,0.55460286,-0.34594437
1747679456.8253708,-0.3883561,0.72765666,-0.72161627,1.1889673,0.55460286,-0.34594437
1747679456.8258893,-0.3883561,0.72765666,-0.72161627,1.1889673,0.55460286,-0.34594437
1747679456.8264077,-0.3883561,0.72765666,-0.72161627,1.1889673,0.55460286,-0.34594437
1747679456.826926,-0.3883561,0.72765666,-0.72161627,1.1889673,0.55460286,-0.34594437
1747679456.8274443,-0.3883561,0.72765666,-0.72161627,1.1889673,0.55460286,-0.34594437
1747679456.8279624,-0.3883561,0.72765666,-0.72161627,1.1889673,0.55460286,-0.34594437
1747679456.8284802,-0.3883561,0.72765666,-0.72161627,1.1889673,0.55460286,-0.34594437
1747679456.829003,-0.3883561,0.72765666,-0.72161627,1.1889673,0.55460286,-0.34594437
1747679456.8295538,-0.3883561,0.72765666,-0.72161627,1.1889673,0.55460286,-0.34594437
1747679456.8301034,-0.3883561,0.72765666,-0.72161627,1.1889673,0.55460286,-0.34594437
1747679456.8307014,-0.3883561,0.72765666,-0.72161627,1.1889673,0.55460286,-0.34594437
1747679456.8323781,-0.3883561,0.72765666,-0.72161627,1.1889673,0.55460286,-0.34594437
1747679456.8329334,-0.3883561,0.72765666,-0.72161627,1.1889673,0.55460286,-0.34594437
1747679456.833483,-0.3883561,0.72765666,-0.72161627,1.1889673,0.55460286,-0.34594437
1747679456.834031,-0.3883561,0.72765666,-0.72161627,1.1889673,0.55460286,-0.34594437
1747679456.8345718,-0.3883561,0.72765666,-0.72161627,1.1889673,0.55460286,-0.34594437
1747679456.8350978,-0.4147143,0.7066678,-0.8231441,1.1889673,0.55460286,-0.34594437
1747679456.8356223,-0.4147143,0.7066678,-0.8231441,1.0281125,0.6632598,-0.30226856
1747679456.8361483,-0.4147143,0.7066678,-0.8231441,1.0281125,0.6632598,-0.30226856
1747679456.8366668,-0.4147143,0.7066678,-0.8231441,1.0281125,0.6632598,-0.30226856
1747679456.8372328,-0.4147143,0.7066678,-0.8231441,1.0281125,0.6632598,-0.30226856
1747679456.837756,-0.4147143,0.7066678,-0.8231441,1.0281125,0.6632598,-0.30226856
1747679456.838277,-0.4147143,0.7066678,-0.8231441,1.0281125,0.6632598,-0.30226856
1747679456.8387954,-0.4147143,0.7066678,-0.8231441,1.0281125,0.6632598,-0.30226856
1747679456.839314,-0.4147143,0.7066678,-0.8231441,1.0281125,0.6632598,-0.30226856
1747679456.839832,-0.4147143,0.7066678,-0.8231441,1.0281125,0.6632598,-0.30226856
1747679456.8403502,-0.4147143,0.7066678,-0.8231441,1.0281125,0.6632598,-0.30226856
1747679456.8408682,-0.4147143,0.7066678,-0.8231441,1.0281125,0.6632598,-0.30226856
1747679456.8413866,-0.4147143,0.7066678,-0.8231441,1.0281125,0.6632598,-0.30226856
1747679456.8419046,-0.4147143,0.7066678,-0.8231441,1.0281125,0.6632598,-0.30226856
1747679456.842425,-0.4147143,0.7066678,-0.8231441,1.0281125,0.6632598,-0.30226856
1747679456.8429446,-0.4147143,0.7066678,-0.8231441,1.0281125,0.6632598,-0.30226856
1747679456.8434665,-0.43716756,0.70227474,-0.8973375,1.0281125,0.6632598,-0.30226856
1747679456.8439891,-0.43716756,0.70227474,-0.8973375,1.0281125,0.6632598,-0.30226856
1747679456.8445277,-0.43716756,0.70227474,-0.8973375,0.8097335,0.71013135,-0.24474432
1747679456.8450694,-0.43716756,0.70227474,-0.8973375,0.8097335,0.71013135,-0.24474432
1747679456.8456247,-0.43716756,0.70227474,-0.8973375,0.8097335,0.71013135,-0.24474432
1747679456.8461876,-0.43716756,0.70227474,-0.8973375,0.8097335,0.71013135,-0.24474432
1747679456.8467362,-0.43716756,0.70227474,-0.8973375,0.8097335,0.71013135,-0.24474432
1747679456.847269,-0.43716756,0.70227474,-0.8973375,0.8097335,0.71013135,-0.24474432
1747679456.847789,-0.43716756,0.70227474,-0.8973375,0.8097335,0.71013135,-0.24474432
1747679456.8483074,-0.43716756,0.70227474,-0.8973375,0.8097335,0.71013135,-0.24474432
1747679456.8488262,-0.43716756,0.70227474,-0.8973375,0.8097335,0.71013135,-0.24474432
1747679456.8493443,-0.43716756,0.70227474,-0.8973375,0.8097335,0.71013135,-0.24474432
1747679456.849862,-0.43716756,0.70227474,-0.8973375,0.8097335,0.71013135,-0.24474432
1747679456.8503802,-0.43716756,0.70227474,-0.8973375,0.8097335,0.71013135,-0.24474432
1747679456.850898,-0.43716756,0.70227474,-0.8973375,0.8097335,0.71013135,-0.24474432
1747679456.8514159,-0.43716756,0.70227474,-0.8973375,0.8097335,0.71013135,-0.24474432
1747679456.8519337,-0.43716756,0.70227474,-0.8973375,0.8097335,0.71013135,-0.24474432
1747679456.8524516,-0.43716756,0.70227474,-0.8973375,0.8097335,0.71013135,-0.24474432
1747679456.8529694,-0.43716756,0.70227474,-0.8973375,0.8097335,0.71013135,-0.24474432
1747679456.8534873,-0.43716756,0.70227474,-0.8973375,0.8097335,0.71013135,-0.24474432
1747679456.8540242,-0.43326265,0.71057266,-0.9324817,0.8097335,0.71013135,-0.24474432
1747679456.854564,-0.43326265,0.71057266,-0.9324817,0.8097335,0.71013135,-0.24474432
1747679456.8550866,-0.43326265,0.71057266,-0.9324817,0.8097335,0.71013135,-0.24474432
1747679456.855611,-0.43326265,0.71057266,-0.9324817,0.8097335,0.71013135,-0.24474432
1747679456.8561373,-0.43326265,0.71057266,-0.9324817,0.8097335,0.71013135,-0.24474432
1747679456.8566625,-0.43326265,0.71057266,-0.9324817,0.6179861,0.6366282,-0.19787273
1747679456.8571863,-0.43326265,0.71057266,-0.9324817,0.6179861,0.6366282,-0.19787273
1747679456.857708,-0.43326265,0.71057266,-0.9324817,0.6179861,0.6366282,-0.19787273
1747679456.8582284,-0.43326265,0.71057266,-0.9324817,0.6179861,0.6366282,-0.19787273
1747679456.8587492,-0.43326265,0.71057266,-0.9324817,0.6179861,0.6366282,-0.19787273
1747679456.8592699,-0.43326265,0.71057266,-0.9324817,0.6179861,0.6366282,-0.19787273
1747679456.8597963,-0.43326265,0.71057266,-0.9324817,0.6179861,0.6366282,-0.19787273
1747679456.8603468,-0.43326265,0.71057266,-0.9324817,0.6179861,0.6366282,-0.19787273
1747679456.8611395,-0.43326265,0.71057266,-0.9324817,0.6179861,0.6366282,-0.19787273
1747679456.8617046,-0.43326265,0.71057266,-0.9324817,0.6179861,0.6366282,-0.19787273
1747679456.862429,-0.43326265,0.71057266,-0.9324817,0.6179861,0.6366282,-0.19787273
1747679456.8629725,-0.43326265,0.71057266,-0.9324817,0.6179861,0.6366282,-0.19787273
1747679456.8634953,-0.43326265,0.71057266,-0.9324817,0.6179861,0.6366282,-0.19787273
1747679456.864017,-0.43326265,0.71057266,-0.9324817,0.6179861,0.6366282,-0.19787273
1747679456.8645532,-0.43326265,0.71057266,-0.9324817,0.6179861,0.6366282,-0.19787273
1747679456.8651018,-0.43326265,0.71057266,-0.9324817,0.6179861,0.6366282,-0.19787273
1747679456.8656452,-0.43326265,0.71057266,-0.9324817,0.6179861,0.6366282,-0.19787273
1747679456.8661869,-0.43326265,0.71057266,-0.9324817,0.6179861,0.6366282,-0.19787273
1747679456.866714,-0.43326265,0.71057266,-0.9324817,0.43369547,0.47044706,-0.17230639
1747679456.8672364,-0.43326265,0.71057266,-0.9324817,0.43369547,0.47044706,-0.17230639
1747679456.8677573,-0.43326265,0.71057266,-0.9324817,0.43369547,0.47044706,-0.17230639
1747679456.868278,-0.43326265,0.71057266,-0.9324817,0.43369547,0.47044706,-0.17230639
1747679456.868803,-0.4210598,0.7071559,-0.9578636,0.43369547,0.47044706,-0.17230639
1747679456.8693252,-0.4210598,0.7071559,-0.9578636,0.43369547,0.47044706,-0.17230639
1747679456.8698459,-0.4210598,0.7071559,-0.9578636,0.43369547,0.47044706,-0.17230639
1747679456.8703835,-0.4210598,0.7071559,-0.9578636,0.43369547,0.47044706,-0.17230639
1747679456.870888,-0.4210598,0.7071559,-0.9578636,0.43369547,0.47044706,-0.17230639
1747679456.8714273,-0.4210598,0.7071559,-0.9578636,0.43369547,0.47044706,-0.17230639
1747679456.871974,-0.42301223,0.6920243,-0.97690016,0.25260064,0.2786996,-0.15526217
1747679456.8725114,-0.42301223,0.6920243,-0.97690016,0.25260064,0.2786996,-0.15526217
1747679456.8730352,-0.42301223,0.6920243,-0.97690016,0.25260064,0.2786996,-0.15526217
1747679456.8735573,-0.42301223,0.6920243,-0.97690016,0.25260064,0.2786996,-0.15526217
1747679456.8740926,-0.42301223,0.6920243,-0.97690016,0.25260064,0.2786996,-0.15526217
1747679456.87463,-0.42301223,0.6920243,-0.97690016,0.25260064,0.2786996,-0.15526217
1747679456.8751528,-0.42301223,0.6920243,-0.97690016,0.25260064,0.2786996,-0.15526217
1747679456.875676,-0.42301223,0.6920243,-0.97690016,0.25260064,0.2786996,-0.15526217
1747679456.8762262,-0.42301223,0.6920243,-0.97690016,0.25260064,0.2786996,-0.15526217
1747679456.8767788,-0.42301223,0.6920243,-0.97690016,0.25260064,0.2786996,-0.15526217
1747679456.8773117,-0.42301223,0.6920243,-0.97690016,0.25260064,0.2786996,-0.15526217
1747679456.8778317,-0.42301223,0.6920243,-0.97690016,0.25260064,0.2786996,-0.15526217
1747679456.8783503,-0.42301223,0.6920243,-0.97690016,0.25260064,0.2786996,-0.15526217
1747679456.8788683,-0.42301223,0.6920243,-0.97690016,0.25260064,0.2786996,-0.15526217
1747679456.8793867,-0.42301223,0.6920243,-0.97690016,0.25260064,0.2786996,-0.15526217
1747679456.8799047,-0.42301223,0.6920243,-0.97690016,0.25260064,0.2786996,-0.15526217
1747679456.8804228,-0.42301223,0.6920243,-0.97690016,0.25260064,0.2786996,-0.15526217
1747679456.880961,-0.42301223,0.6920243,-0.97690016,0.25260064,0.2786996,-0.15526217
1747679456.8815124,-0.43814376,0.6749403,-0.9983772,0.25260064,0.2786996,-0.15526217
1747679456.8820384,-0.43814376,0.6749403,-0.9983772,0.051265813,0.12104058,-0.12010848
1747679456.8825722,-0.43814376,0.6749403,-0.9983772,0.051265813,0.12104058,-0.12010848
1747679456.8831162,-0.43814376,0.6749403,-0.9983772,0.051265813,0.12104058,-0.12010848
1747679456.8836386,-0.43814376,0.6749403,-0.9983772,0.051265813,0.12104058,-0.12010848
1747679456.8841703,-0.43814376,0.6749403,-0.9983772,0.051265813,0.12104058,-0.12010848
1747679456.884706,-0.43814376,0.6749403,-0.9983772,0.051265813,0.12104058,-0.12010848
1747679456.8852286,-0.43814376,0.6749403,-0.9983772,0.051265813,0.12104058,-0.12010848
1747679456.885747,-0.43814376,0.6749403,-0.9983772,0.051265813,0.12104058,-0.12010848
1747679456.886265,-0.43814376,0.6749403,-0.9983772,0.051265813,0.12104058,-0.12010848
1747679456.8867836,-0.43814376,0.6749403,-0.9983772,0.051265813,0.12104058,-0.12010848
1747679456.8873014,-0.43814376,0.6749403,-0.9983772,0.051265813,0.12104058,-0.12010848
1747679456.8878217,-0.43814376,0.6749403,-0.9983772,0.051265813,0.12104058,-0.12010848
1747679456.8883476,-0.43814376,0.6749403,-0.9983772,0.051265813,0.12104058,-0.12010848
1747679456.8888707,-0.43814376,0.6749403,-0.9983772,0.051265813,0.12104058,-0.12010848
1747679456.8893936,-0.43814376,0.6749403,-0.9983772,0.051265813,0.12104058,-0.12010848
1747679456.8899133,-0.43814376,0.6749403,-0.9983772,0.051265813,0.12104058,-0.12010848
1747679456.8904316,-0.43814376,0.6749403,-0.9983772,0.051265813,0.12104058,-0.12010848
1747679456.8909502,-0.43814376,0.6749403,-0.9983772,0.051265813,0.12104058,-0.12010848
1747679456.8924224,-0.4532753,0.6602969,-1.0100919,0.051265813,0.12104058,-0.12010848
1747679456.8929946,-0.4532753,0.6602969,-1.0100919,0.051265813,0.12104058,-0.12010848
1747679456.8935504,-0.4532753,0.6602969,-1.0100919,0.051265813,0.12104058,-0.12010848
1747679456.8940918,-0.4532753,0.6602969,-1.0100919,0.051265813,0.12104058,-0.12010848
1747679456.8946166,-0.4532753,0.6602969,-1.0100919,0.051265813,0.12104058,-0.12010848
1747679456.8951354,-0.4532753,0.6602969,-1.0100919,0.051265813,0.12104058,-0.12010848
1747679456.8956542,-0.4532753,0.6602969,-1.0100919,0.051265813,0.12104058,-0.12010848
1747679456.896172,-0.4532753,0.6602969,-1.0100919,0.051265813,0.12104058,-0.12010848
1747679456.8966904,-0.4532753,0.6602969,-1.0100919,0.051265813,0.12104058,-0.12010848
1747679456.897209,-0.4532753,0.6602969,-1.0100919,0.051265813,0.12104058,-0.12010848
1747679456.8977273,-0.4532753,0.6602969,-1.0100919,0.051265813,0.12104058,-0.12010848
1747679456.8982456,-0.4532753,0.6602969,-1.0100919,0.051265813,0.12104058,-0.12010848
1747679456.898764,-0.4532753,0.6602969,-1.0100919,0.051265813,0.12104058,-0.12010848
1747679456.899282,-0.4532753,0.6602969,-1.0100919,0.051265813,0.12104058,-0.12010848
1747679456.8997998,-0.4532753,0.6602969,-1.0100919,0.051265813,0.12104058,-0.12010848
1747679456.9003222,-0.4532753,0.6602969,-1.0100919,0.051265813,0.12104058,-0.12010848
1747679456.9008446,-0.4532753,0.6602969,-1.0100919,-0.42703757,-0.016378429,0.003462107
1747679456.9013643,-0.4532753,0.6602969,-1.0100919,-0.42703757,-0.016378429,0.003462107
1747679456.9018843,-0.4532753,0.6602969,-1.0100919,-0.42703757,-0.016378429,0.003462107
1747679456.9024036,-0.4532753,0.6602969,-1.0100919,-0.42703757,-0.016378429,0.003462107
1747679456.9029248,-0.4527872,0.65102273,-0.99593663,-0.42703757,-0.016378429,0.003462107
1747679456.9034445,-0.4527872,0.65102273,-0.99593663,-0.42703757,-0.016378429,0.003462107
1747679456.9039788,-0.4527872,0.65102273,-0.99593663,-0.42703757,-0.016378429,0.003462107
1747679456.904517,-0.4527872,0.65102273,-0.99593663,-0.42703757,-0.016378429,0.003462107
1747679456.9050393,-0.4527872,0.65102273,-0.99593663,-0.42703757,-0.016378429,0.003462107
1747679456.905558,-0.4527872,0.65102273,-0.99593663,-0.42703757,-0.016378429,0.003462107
1747679456.9060762,-0.4527872,0.65102273,-0.99593663,-0.42703757,-0.016378429,0.003462107
1747679456.9066355,-0.4527872,0.65102273,-0.99593663,-0.42703757,-0.016378429,0.003462107
1747679456.9072537,-0.4527872,0.65102273,-0.99593663,-0.42703757,-0.016378429,0.003462107
1747679456.907925,-0.4527872,0.65102273,-0.99593663,-0.42703757,-0.016378429,0.003462107
1747679456.908458,-0.4527872,0.65102273,-0.99593663,-0.42703757,-0.016378429,0.003462107
1747679456.9089777,-0.4527872,0.65102273,-0.99593663,-0.42703757,-0.016378429,0.003462107
1747679456.9094958,-0.4527872,0.65102273,-0.99593663,-0.42703757,-0.016378429,0.003462107
1747679456.9100137,-0.4527872,0.65102273,-0.99593663,-0.42703757,-0.016378429,0.003462107
1747679456.910532,-0.4527872,0.65102273,-0.99593663,-0.42703757,-0.016378429,0.003462107
1747679456.9110506,-0.4527872,0.65102273,-0.99593663,-0.42703757,-0.016378429,0.003462107
1747679456.9115725,-0.44497737,0.6412604,-0.9529825,-0.42703757,-0.016378429,0.003462107
1747679456.9120927,-0.44497737,0.6412604,-0.9529825,-0.42703757,-0.016378429,0.003462107
1747679456.9126112,-0.44497737,0.6412604,-0.9529825,-0.42703757,-0.016378429,0.003462107
1747679456.9131331,-0.44497737,0.6412604,-0.9529825,-0.66778713,-0.036618438,0.07163898
1747679456.9136546,-0.44497737,0.6412604,-0.9529825,-0.66778713,-0.036618438,0.07163898
1747679456.9141912,-0.44497737,0.6412604,-0.9529825,-0.66778713,-0.036618438,0.07163898
1747679456.9147305,-0.44497737,0.6412604,-0.9529825,-0.66778713,-0.036618438,0.07163898
1747679456.9152532,-0.44497737,0.6412604,-0.9529825,-0.66778713,-0.036618438,0.07163898
1747679456.915772,-0.44497737,0.6412604,-0.9529825,-0.66778713,-0.036618438,0.07163898
1747679456.9162898,-0.44497737,0.6412604,-0.9529825,-0.66778713,-0.036618438,0.07163898
1747679456.9168081,-0.44497737,0.6412604,-0.9529825,-0.66778713,-0.036618438,0.07163898
1747679456.9173265,-0.44497737,0.6412604,-0.9529825,-0.66778713,-0.036618438,0.07163898
1747679456.9178445,-0.44497737,0.6412604,-0.9529825,-0.66778713,-0.036618438,0.07163898
1747679456.9183626,-0.44497737,0.6412604,-0.9529825,-0.66778713,-0.036618438,0.07163898
1747679456.9188807,-0.44497737,0.6412604,-0.9529825,-0.66778713,-0.036618438,0.07163898
1747679456.919399,-0.44497737,0.6412604,-0.9529825,-0.66778713,-0.036618438,0.07163898
1747679456.9199169,-0.44497737,0.6412604,-0.9529825,-0.66778713,-0.036618438,0.07163898
1747679456.920435,-0.44497737,0.6412604,-0.9529825,-0.66778713,-0.036618438,0.07163898
1747679456.9209526,-0.44497737,0.6412604,-0.9529825,-0.66778713,-0.036618438,0.07163898
1747679456.9214706,-0.44497737,0.6412604,-0.9529825,-0.66778713,-0.036618438,0.07163898
1747679456.922048,-0.44497737,0.6412604,-0.9529825,-0.66778713,-0.036618438,0.07163898
1747679456.923985,-0.44497737,0.6412604,-0.9529825,-0.66778713,-0.036618438,0.07163898
1747679456.9245377,-0.4386319,0.63589114,-0.9212551,-0.8456862,-0.05472792,0.121706374
1747679456.9250789,-0.4386319,0.63589114,-0.9212551,-0.8456862,-0.05472792,0.121706374
1747679456.9256263,-0.4386319,0.63589114,-0.9212551,-0.8456862,-0.05472792,0.121706374
1747679456.9261646,-0.4386319,0.63589114,-0.9212551,-0.8456862,-0.05472792,0.121706374
1747679456.9266968,-0.4386319,0.63589114,-0.9212551,-0.8456862,-0.05472792,0.121706374
1747679456.9272475,-0.4386319,0.63589114,-0.9212551,-0.8456862,-0.05472792,0.121706374
1747679456.927784,-0.4386319,0.63589114,-0.9212551,-0.8456862,-0.05472792,0.121706374
1747679456.9283192,-0.4386319,0.63589114,-0.9212551,-0.8456862,-0.05472792,0.121706374
1747679456.9288552,-0.4386319,0.63589114,-0.9212551,-0.8456862,-0.05472792,0.121706374
1747679456.929389,-0.4386319,0.63589114,-0.9212551,-0.8456862,-0.05472792,0.121706374
1747679456.9299214,-0.4386319,0.63589114,-0.9212551,-0.8456862,-0.05472792,0.121706374
1747679456.9304535,-0.4386319,0.63589114,-0.9212551,-0.8456862,-0.05472792,0.121706374
1747679456.930986,-0.4386319,0.63589114,-0.9212551,-0.8456862,-0.05472792,0.121706374
1747679456.9315104,-0.4386319,0.63589114,-0.9212551,-0.8456862,-0.05472792,0.121706374
1747679456.932033,-0.4386319,0.63589114,-0.9212551,-0.8456862,-0.05472792,0.121706374
1747679456.9325583,-0.4386319,0.63589114,-0.9212551,-0.8456862,-0.05472792,0.121706374
1747679456.9330971,-0.41910732,0.63393867,-0.8397399,-0.8456862,-0.05472792,0.121706374
1747679456.9336379,-0.41910732,0.63393867,-0.8397399,-0.8456862,-0.05472792,0.121706374
1747679456.9341757,-0.41910732,0.63393867,-0.8397399,-0.8456862,-0.05472792,0.121706374
1747679456.9347236,-0.41910732,0.63393867,-0.8397399,-0.8456862,-0.05472792,0.121706374
1747679456.9352634,-0.41910732,0.63393867,-0.8397399,-1.0331726,-0.104795314,0.17177376
1747679456.935787,-0.41910732,0.63393867,-0.8397399,-1.0331726,-0.104795314,0.17177376
1747679456.936306,-0.41910732,0.63393867,-0.8397399,-1.0331726,-0.104795314,0.17177376
1747679456.9368243,-0.41910732,0.63393867,-0.8397399,-1.0331726,-0.104795314,0.17177376
1747679456.9373674,-0.41910732,0.63393867,-0.8397399,-1.0331726,-0.104795314,0.17177376
1747679456.9379067,-0.41910732,0.63393867,-0.8397399,-1.0331726,-0.104795314,0.17177376
1747679456.9385037,-0.41910732,0.63393867,-0.8397399,-1.0331726,-0.104795314,0.17177376
1747679456.9390574,-0.41910732,0.63393867,-0.8397399,-1.0331726,-0.104795314,0.17177376
1747679456.9395902,-0.41910732,0.63393867,-0.8397399,-1.0331726,-0.104795314,0.17177376
1747679456.9401097,-0.41910732,0.63393867,-0.8397399,-1.0331726,-0.104795314,0.17177376
1747679456.9406285,-0.41910732,0.63393867,-0.8397399,-1.0331726,-0.104795314,0.17177376
1747679456.9411464,-0.41910732,0.63393867,-0.8397399,-1.0331726,-0.104795314,0.17177376
1747679456.9416647,-0.41910732,0.63393867,-0.8397399,-1.0331726,-0.104795314,0.17177376
1747679456.9421835,-0.41910732,0.63393867,-0.8397399,-1.0331726,-0.104795314,0.17177376
1747679456.9427013,-0.41910732,0.63393867,-0.8397399,-1.0331726,-0.104795314,0.17177376
1747679456.9432359,-0.41910732,0.63393867,-0.8397399,-1.0331726,-0.104795314,0.17177376
1747679456.9437814,-0.41910732,0.63393867,-0.8397399,-1.0331726,-0.104795314,0.17177376
1747679456.9443061,-0.41910732,0.63393867,-0.8397399,-1.0331726,-0.104795314,0.17177376
1747679456.9448245,-0.41910732,0.63393867,-0.8397399,-1.0331726,-0.104795314,0.17177376
1747679456.945343,-0.41910732,0.63393867,-0.8397399,-1.0331726,-0.104795314,0.17177376
1747679456.945878,-0.41910732,0.63393867,-0.8397399,-1.0331726,-0.104795314,0.17177376
1747679456.94642,-0.40788066,0.6300338,-0.7699396,-1.18444,-0.17190692,0.21118851
1747679456.9469452,-0.40788066,0.6300338,-0.7699396,-1.18444,-0.17190692,0.21118851
1747679456.9474652,-0.40788066,0.6300338,-0.7699396,-1.18444,-0.17190692,0.21118851
1747679456.947984,-0.40788066,0.6300338,-0.7699396,-1.18444,-0.17190692,0.21118851
1747679456.9485023,-0.40788066,0.6300338,-0.7699396,-1.18444,-0.17190692,0.21118851
1747679456.94902,-0.40788066,0.6300338,-0.7699396,-1.18444,-0.17190692,0.21118851
1747679456.949538,-0.40788066,0.6300338,-0.7699396,-1.18444,-0.17190692,0.21118851
1747679456.9500556,-0.40788066,0.6300338,-0.7699396,-1.18444,-0.17190692,0.21118851
1747679456.9505737,-0.40788066,0.6300338,-0.7699396,-1.18444,-0.17190692,0.21118851
1747679456.9510915,-0.40788066,0.6300338,-0.7699396,-1.18444,-0.17190692,0.21118851
1747679456.9516094,-0.40788066,0.6300338,-0.7699396,-1.18444,-0.17190692,0.21118851
1747679456.9521275,-0.40788066,0.6300338,-0.7699396,-1.18444,-0.17190692,0.21118851
1747679456.9527788,-0.40788066,0.6300338,-0.7699396,-1.18444,-0.17190692,0.21118851
1747679456.9533405,-0.40788066,0.6300338,-0.7699396,-1.18444,-0.17190692,0.21118851
1747679456.9547622,-0.40788066,0.6300338,-0.7699396,-1.18444,-0.17190692,0.21118851
1747679456.955312,-0.40788066,0.6300338,-0.7699396,-1.18444,-0.17190692,0.21118851
1747679456.9558492,-0.3995827,0.6232002,-0.71478266,-1.3037496,-0.23475747,0.249538
1747679456.9563725,-0.3995827,0.6232002,-0.71478266,-1.3037496,-0.23475747,0.249538
1747679456.9568975,-0.3995827,0.6232002,-0.71478266,-1.3037496,-0.23475747,0.249538
1747679456.9574199,-0.3995827,0.6232002,-0.71478266,-1.3037496,-0.23475747,0.249538
1747679456.9579406,-0.3995827,0.6232002,-0.71478266,-1.3037496,-0.23475747,0.249538
1747679456.9584615,-0.3995827,0.6232002,-0.71478266,-1.3037496,-0.23475747,0.249538
1747679456.958983,-0.3995827,0.6232002,-0.71478266,-1.3037496,-0.23475747,0.249538
1747679456.9595034,-0.3995827,0.6232002,-0.71478266,-1.3037496,-0.23475747,0.249538
1747679456.960024,-0.3995827,0.6232002,-0.71478266,-1.3037496,-0.23475747,0.249538
1747679456.9605446,-0.3995827,0.6232002,-0.71478266,-1.3037496,-0.23475747,0.249538
1747679456.9610653,-0.3995827,0.6232002,-0.71478266,-1.3037496,-0.23475747,0.249538
1747679456.9615862,-0.3995827,0.6232002,-0.71478266,-1.3037496,-0.23475747,0.249538
1747679456.962107,-0.3995827,0.6232002,-0.71478266,-1.3037496,-0.23475747,0.249538
1747679456.9626276,-0.3995827,0.6232002,-0.71478266,-1.3037496,-0.23475747,0.249538
1747679456.963148,-0.3995827,0.6232002,-0.71478266,-1.3037496,-0.23475747,0.249538
1747679456.9636834,-0.3995827,0.6232002,-0.71478266,-1.3037496,-0.23475747,0.249538
1747679456.9642324,-0.3995827,0.6232002,-0.71478266,-1.3037496,-0.23475747,0.249538
1747679456.9647632,-0.3995827,0.6232002,-0.71478266,-1.3037496,-0.23475747,0.249538
1747679456.965295,-0.3995827,0.6232002,-0.71478266,-1.3037496,-0.23475747,0.249538
1747679456.9658222,-0.3995827,0.6232002,-0.71478266,-1.3037496,-0.23475747,0.249538
1747679456.9663444,-0.3995827,0.6232002,-0.71478266,-1.3037496,-0.23475747,0.249538
1747679456.9668689,-0.3995827,0.6232002,-0.71478266,-1.4241244,-0.28589013,0.3028012
1747679456.9673915,-0.3995827,0.6232002,-0.71478266,-1.4241244,-0.28589013,0.3028012
1747679456.967931,-0.39128476,0.61587846,-0.6752454,-1.4241244,-0.28589013,0.3028012
1747679456.9684813,-0.39128476,0.61587846,-0.6752454,-1.4241244,-0.28589013,0.3028012
1747679456.9690223,-0.39128476,0.61587846,-0.6752454,-1.4241244,-0.28589013,0.3028012
1747679456.969574,-0.39128476,0.61587846,-0.6752454,-1.4241244,-0.28589013,0.3028012
1747679456.970131,-0.39128476,0.61587846,-0.6752454,-1.4241244,-0.28589013,0.3028012
1747679456.9711475,-0.39128476,0.61587846,-0.6752454,-1.4241244,-0.28589013,0.3028012
1747679456.9716928,-0.39128476,0.61587846,-0.6752454,-1.4241244,-0.28589013,0.3028012
1747679456.972219,-0.39128476,0.61587846,-0.6752454,-1.4241244,-0.28589013,0.3028012
1747679456.9727373,-0.39128476,0.61587846,-0.6752454,-1.4241244,-0.28589013,0.3028012
1747679456.9732552,-0.39128476,0.61587846,-0.6752454,-1.4241244,-0.28589013,0.3028012
1747679456.973788,-0.39128476,0.61587846,-0.6752454,-1.4241244,-0.28589013,0.3028012
1747679456.974324,-0.39128476,0.61587846,-0.6752454,-1.4241244,-0.28589013,0.3028012
1747679456.9748464,-0.39128476,0.61587846,-0.6752454,-1.4241244,-0.28589013,0.3028012
1747679456.9753652,-0.39128476,0.61587846,-0.6752454,-1.4241244,-0.28589013,0.3028012
1747679456.9758835,-0.39128476,0.61587846,-0.6752454,-1.4241244,-0.28589013,0.3028012
1747679456.9764063,-0.3883561,0.61636657,-0.6679237,-1.4241244,-0.28589013,0.3028012
1747679456.9769268,-0.3883561,0.61636657,-0.6679237,-1.4241244,-0.28589013,0.3028012
1747679456.9774477,-0.3883561,0.61636657,-0.6679237,-1.5476949,-0.34980595,0.36245596
1747679456.9779675,-0.3883561,0.61636657,-0.6679237,-1.5476949,-0.34980595,0.36245596
1747679456.978486,-0.3883561,0.61636657,-0.6679237,-1.5476949,-0.34980595,0.36245596
1747679456.9790037,-0.3883561,0.61636657,-0.6679237,-1.5476949,-0.34980595,0.36245596
1747679456.9795244,-0.3883561,0.61636657,-0.6679237,-1.5476949,-0.34980595,0.36245596
1747679456.980046,-0.3883561,0.61636657,-0.6679237,-1.5476949,-0.34980595,0.36245596
1747679456.9805694,-0.37712947,0.6275932,-0.67329293,-1.5476949,-0.34980595,0.36245596
1747679456.9810889,-0.37712947,0.6275932,-0.67329293,-1.5476949,-0.34980595,0.36245596
1747679456.981609,-0.37712947,0.6275932,-0.67329293,-1.6488949,-0.41691756,0.3954791
1747679456.9821289,-0.37712947,0.6275932,-0.67329293,-1.6488949,-0.41691756,0.3954791
1747679456.982647,-0.37712947,0.6275932,-0.67329293,-1.6488949,-0.41691756,0.3954791
1747679456.983499,-0.37712947,0.6275932,-0.67329293,-1.6488949,-0.41691756,0.3954791
1747679456.9840546,-0.37712947,0.6275932,-0.67329293,-1.6488949,-0.41691756,0.3954791
1747679456.984601,-0.37712947,0.6275932,-0.67329293,-1.6488949,-0.41691756,0.3954791
1747679456.9851305,-0.37712947,0.6275932,-0.67329293,-1.6488949,-0.41691756,0.3954791
1747679456.985682,-0.37712947,0.6275932,-0.67329293,-1.6488949,-0.41691756,0.3954791
1747679456.9862313,-0.37712947,0.6275932,-0.67329293,-1.6488949,-0.41691756,0.3954791
1747679456.986764,-0.37712947,0.6275932,-0.67329293,-1.6488949,-0.41691756,0.3954791
1747679456.9872837,-0.37712947,0.6275932,-0.67329293,-1.6488949,-0.41691756,0.3954791
1747679456.987802,-0.37712947,0.6275932,-0.67329293,-1.6488949,-0.41691756,0.3954791
1747679456.9883206,-0.37712947,0.6275932,-0.67329293,-1.6488949,-0.41691756,0.3954791
1747679456.988839,-0.37712947,0.6275932,-0.67329293,-1.6488949,-0.41691756,0.3954791
1747679456.9893572,-0.37712947,0.6275932,-0.67329293,-1.6488949,-0.41691756,0.3954791
1747679456.9898791,-0.37712947,0.6275932,-0.67329293,-1.6488949,-0.41691756,0.3954791
1747679456.9903991,-0.37712947,0.6275932,-0.67329293,-1.6488949,-0.41691756,0.3954791
1747679456.990921,-0.35906923,0.6383317,-0.6796384,-1.6488949,-0.41691756,0.3954791
1747679456.991441,-0.35906923,0.6383317,-0.6796384,-1.6488949,-0.41691756,0.3954791
1747679456.9919622,-0.35906923,0.6383317,-0.6796384,-1.7959013,-0.52344394,0.443416
1747679456.9924817,-0.35906923,0.6383317,-0.6796384,-1.7959013,-0.52344394,0.443416
1747679456.993,-0.35906923,0.6383317,-0.6796384,-1.7959013,-0.52344394,0.443416
1747679456.993518,-0.35906923,0.6383317,-0.6796384,-1.7959013,-0.52344394,0.443416
1747679456.9940357,-0.35906923,0.6383317,-0.6796384,-1.7959013,-0.52344394,0.443416
1747679456.9945705,-0.35906923,0.6383317,-0.6796384,-1.7959013,-0.52344394,0.443416
1747679456.9951155,-0.35906923,0.6383317,-0.6796384,-1.7959013,-0.52344394,0.443416
1747679456.9956398,-0.35906923,0.6383317,-0.6796384,-1.7959013,-0.52344394,0.443416
1747679456.9961584,-0.35906923,0.6383317,-0.6796384,-1.7959013,-0.52344394,0.443416
1747679456.9966767,-0.35906923,0.6383317,-0.6796384,-1.7959013,-0.52344394,0.443416
1747679456.9971945,-0.35906923,0.6383317,-0.6796384,-1.7959013,-0.52344394,0.443416
1747679456.9977124,-0.35906923,0.6383317,-0.6796384,-1.7959013,-0.52344394,0.443416
1747679456.99823,-0.35906923,0.6383317,-0.6796384,-1.7959013,-0.52344394,0.443416
1747679456.9987638,-0.35906923,0.6383317,-0.6796384,-1.7959013,-0.52344394,0.443416
1747679456.9993117,-0.35906923,0.6383317,-0.6796384,-1.7959013,-0.52344394,0.443416
1747679456.9999099,-0.3449139,0.64418906,-0.6854958,-1.7959013,-0.52344394,0.443416
1747679457.000448,-0.3449139,0.64418906,-0.6854958,-1.7959013,-0.52344394,0.443416
1747679457.0009775,-0.3449139,0.64418906,-0.6854958,-1.7959013,-0.52344394,0.443416
1747679457.0015297,-0.3449139,0.64418906,-0.6854958,-1.7959013,-0.52344394,0.443416
1747679457.0020788,-0.3449139,0.64418906,-0.6854958,-1.9716698,-0.62783974,0.49454865
1747679457.0026042,-0.3449139,0.64418906,-0.6854958,-1.9716698,-0.62783974,0.49454865
1747679457.0031235,-0.3449139,0.64418906,-0.6854958,-1.9716698,-0.62783974,0.49454865
1747679457.003659,-0.3449139,0.64418906,-0.6854958,-1.9716698,-0.62783974,0.49454865
1747679457.0042043,-0.3449139,0.64418906,-0.6854958,-1.9716698,-0.62783974,0.49454865
1747679457.004729,-0.3449139,0.64418906,-0.6854958,-1.9716698,-0.62783974,0.49454865
1747679457.0052476,-0.3449139,0.64418906,-0.6854958,-1.9716698,-0.62783974,0.49454865
1747679457.005766,-0.3449139,0.64418906,-0.6854958,-1.9716698,-0.62783974,0.49454865
1747679457.0062838,-0.3449139,0.64418906,-0.6854958,-1.9716698,-0.62783974,0.49454865
1747679457.0068016,-0.3449139,0.64418906,-0.6854958,-1.9716698,-0.62783974,0.49454865
1747679457.0073192,-0.3449139,0.64418906,-0.6854958,-1.9716698,-0.62783974,0.49454865
1747679457.0078375,-0.3449139,0.64418906,-0.6854958,-1.9716698,-0.62783974,0.49454865
1747679457.0083551,-0.3449139,0.64418906,-0.6854958,-1.9716698,-0.62783974,0.49454865
1747679457.0088727,-0.3449139,0.64418906,-0.6854958,-1.9716698,-0.62783974,0.49454865
1747679457.0093904,-0.3449139,0.64418906,-0.6854958,-1.9716698,-0.62783974,0.49454865
1747679457.0099082,-0.3449139,0.64418906,-0.6854958,-1.9716698,-0.62783974,0.49454865
1747679457.0104256,-0.3449139,0.64418906,-0.6854958,-1.9716698,-0.62783974,0.49454865
1747679457.0109432,-0.3449139,0.64418906,-0.6854958,-1.9716698,-0.62783974,0.49454865
1747679457.011461,-0.3449139,0.64418906,-0.6854958,-1.9716698,-0.62783974,0.49454865
1747679457.0119789,-0.3449139,0.64418906,-0.6854958,-1.9716698,-0.62783974,0.49454865
1747679457.0124965,-0.3449139,0.64418906,-0.6854958,-1.9716698,-0.62783974,0.49454865
1747679457.013014,-0.3449139,0.64418906,-0.6854958,-1.9716698,-0.62783974,0.49454865
1747679457.013862,-0.32050818,0.6402842,-0.69037694,-1.9716698,-0.62783974,0.49454865
1747679457.0144267,-0.32050818,0.6402842,-0.69037694,-1.9716698,-0.62783974,0.49454865
1747679457.014989,-0.32050818,0.6402842,-0.69037694,-2.0963056,-0.6789724,0.5275718
1747679457.0155444,-0.32050818,0.6402842,-0.69037694,-2.0963056,-0.6789724,0.5275718
1747679457.01607,-0.32050818,0.6402842,-0.69037694,-2.0963056,-0.6789724,0.5275718
1747679457.0165946,-0.32050818,0.6402842,-0.69037694,-2.0963056,-0.6789724,0.5275718
1747679457.017146,-0.32050818,0.6402842,-0.69037694,-2.0963056,-0.6789724,0.5275718
1747679457.0176992,-0.32050818,0.6402842,-0.69037694,-2.0963056,-0.6789724,0.5275718
1747679457.0182323,-0.32050818,0.6402842,-0.69037694,-2.0963056,-0.6789724,0.5275718
1747679457.0187523,-0.32050818,0.6402842,-0.69037694,-2.0963056,-0.6789724,0.5275718
1747679457.019271,-0.32050818,0.6402842,-0.69037694,-2.0963056,-0.6789724,0.5275718
1747679457.0197892,-0.32050818,0.6402842,-0.69037694,-2.0963056,-0.6789724,0.5275718
1747679457.020308,-0.32050818,0.6402842,-0.69037694,-2.0963056,-0.6789724,0.5275718
1747679457.0208259,-0.32050818,0.6402842,-0.69037694,-2.0963056,-0.6789724,0.5275718
1747679457.021344,-0.32050818,0.6402842,-0.69037694,-2.0963056,-0.6789724,0.5275718
1747679457.0218616,-0.32050818,0.6402842,-0.69037694,-2.0963056,-0.6789724,0.5275718
1747679457.0223799,-0.32050818,0.6402842,-0.69037694,-2.0963056,-0.6789724,0.5275718
1747679457.022898,-0.32050818,0.6402842,-0.69037694,-2.0963056,-0.6789724,0.5275718
1747679457.0234325,-0.32050818,0.6402842,-0.69037694,-2.0963056,-0.6789724,0.5275718
1747679457.0239782,-0.32050818,0.6402842,-0.69037694,-2.0963056,-0.6789724,0.5275718
1747679457.0245025,-0.32050818,0.6402842,-0.69037694,-2.0963056,-0.6789724,0.5275718
1747679457.025021,-0.32050818,0.6402842,-0.69037694,-2.0963056,-0.6789724,0.5275718
1747679457.0255744,-0.32050818,0.6402842,-0.69037694,-2.0963056,-0.6789724,0.5275718
1747679457.0261135,-0.32050818,0.6402842,-0.69037694,-2.0963056,-0.6789724,0.5275718
1747679457.0266347,-0.32050818,0.6402842,-0.69037694,-2.0963056,-0.6789724,0.5275718
1747679457.0271535,-0.32050818,0.6402842,-0.69037694,-2.0963056,-0.6789724,0.5275718
1747679457.0276718,-0.32050818,0.6402842,-0.69037694,-2.0963056,-0.6789724,0.5275718
1747679457.0281897,-0.32050818,0.6402842,-0.69037694,-2.0963056,-0.6789724,0.5275718
1747679457.0287287,-0.32050818,0.6402842,-0.69037694,-2.0963056,-0.6789724,0.5275718
1747679457.0292695,-0.32050818,0.6402842,-0.69037694,-2.0963056,-0.6789724,0.5275718
1747679457.0297987,-0.27950656,0.63296247,-0.6767097,-2.4350595,-0.78656405,0.57976973
1747679457.0303197,-0.27950656,0.63296247,-0.6767097,-2.4350595,-0.78656405,0.57976973
1747679457.0308383,-0.27950656,0.63296247,-0.6767097,-2.4350595,-0.78656405,0.57976973
1747679457.031361,-0.27950656,0.63296247,-0.6767097,-2.4350595,-0.78656405,0.57976973
1747679457.031894,-0.2238615,0.6134379,-0.62008846,-2.4350595,-0.78656405,0.57976973
1747679457.03242,-0.2238615,0.6134379,-0.62008846,-2.4350595,-0.78656405,0.57976973
1747679457.032971,-0.2238615,0.6134379,-0.62008846,-2.4350595,-0.78656405,0.57976973
1747679457.0335326,-0.2238615,0.6134379,-0.62008846,-2.7045712,-0.84195775,0.5882918
1747679457.034079,-0.2238615,0.6134379,-0.62008846,-2.7045712,-0.84195775,0.5882918
1747679457.034604,-0.2238615,0.6134379,-0.62008846,-2.7045712,-0.84195775,0.5882918
1747679457.0351226,-0.2238615,0.6134379,-0.62008846,-2.7045712,-0.84195775,0.5882918
1747679457.0356407,-0.2238615,0.6134379,-0.62008846,-2.7045712,-0.84195775,0.5882918
1747679457.036159,-0.2238615,0.6134379,-0.62008846,-2.7045712,-0.84195775,0.5882918
1747679457.0366771,-0.2238615,0.6134379,-0.62008846,-2.7045712,-0.84195775,0.5882918
1747679457.0372434,-0.2238615,0.6134379,-0.62008846,-2.7045712,-0.84195775,0.5882918
1747679457.037763,-0.2238615,0.6134379,-0.62008846,-2.7045712,-0.84195775,0.5882918
1747679457.0382817,-0.2238615,0.6134379,-0.62008846,-2.7045712,-0.84195775,0.5882918
1747679457.0387995,-0.2238615,0.6134379,-0.62008846,-2.7045712,-0.84195775,0.5882918
1747679457.039318,-0.2238615,0.6134379,-0.62008846,-2.7045712,-0.84195775,0.5882918
1747679457.039836,-0.2238615,0.6134379,-0.62008846,-2.7045712,-0.84195775,0.5882918
1747679457.0403535,-0.2238615,0.6134379,-0.62008846,-2.7045712,-0.84195775,0.5882918
1747679457.0408716,-0.2238615,0.6134379,-0.62008846,-2.7045712,-0.84195775,0.5882918
1747679457.04139,-0.2238615,0.6134379,-0.62008846,-2.7045712,-0.84195775,0.5882918
1747679457.041908,-0.2238615,0.6134379,-0.62008846,-2.7045712,-0.84195775,0.5882918
1747679457.042426,-0.2238615,0.6134379,-0.62008846,-2.7045712,-0.84195775,0.5882918
1747679457.0429482,-0.2238615,0.6134379,-0.62008846,-2.7045712,-0.84195775,0.5882918
1747679457.0434709,-0.18920538,0.5875678,-0.55175245,-2.7045712,-0.84195775,0.5882918
1747679457.0441163,-0.18920538,0.5875678,-0.55175245,-2.7045712,-0.84195775,0.5882918
1747679457.0446837,-0.18920538,0.5875678,-0.55175245,-2.9080365,-0.8579367,0.5776392
1747679457.0452573,-0.18920538,0.5875678,-0.55175245,-2.9080365,-0.8579367,0.5776392
1747679457.045818,-0.18920538,0.5875678,-0.55175245,-2.9080365,-0.8579367,0.5776392
1747679457.046352,-0.18920538,0.5875678,-0.55175245,-2.9080365,-0.8579367,0.5776392
1747679457.046872,-0.18920538,0.5875678,-0.55175245,-2.9080365,-0.8579367,0.5776392
1747679457.047395,-0.18920538,0.5875678,-0.55175245,-2.9080365,-0.8579367,0.5776392
1747679457.0479538,-0.18920538,0.5875678,-0.55175245,-2.9080365,-0.8579367,0.5776392
1747679457.048506,-0.18920538,0.5875678,-0.55175245,-2.9080365,-0.8579367,0.5776392
1747679457.0490391,-0.18920538,0.5875678,-0.55175245,-2.9080365,-0.8579367,0.5776392
1747679457.0495594,-0.18920538,0.5875678,-0.55175245,-2.9080365,-0.8579367,0.5776392
1747679457.0500777,-0.18920538,0.5875678,-0.55175245,-2.9080365,-0.8579367,0.5776392
1747679457.0505958,-0.18920538,0.5875678,-0.55175245,-2.9080365,-0.8579367,0.5776392
1747679457.0511138,-0.18920538,0.5875678,-0.55175245,-2.9080365,-0.8579367,0.5776392
1747679457.0516322,-0.18920538,0.5875678,-0.55175245,-2.9080365,-0.8579367,0.5776392
1747679457.0521502,-0.18920538,0.5875678,-0.55175245,-2.9080365,-0.8579367,0.5776392
1747679457.0526683,-0.18920538,0.5875678,-0.55175245,-2.9080365,-0.8579367,0.5776392
1747679457.053202,-0.18920538,0.5875678,-0.55175245,-2.9080365,-0.8579367,0.5776392
1747679457.0538068,-0.18920538,0.5875678,-0.55175245,-2.9080365,-0.8579367,0.5776392
1747679457.0543437,-0.18920538,0.5875678,-0.55175245,-2.9080365,-0.8579367,0.5776392
1747679457.05488,-0.16235909,0.54559,-0.44339103,-3.1296115,-0.85367566,0.5573992
1747679457.0554059,-0.16235909,0.54559,-0.44339103,-3.1296115,-0.85367566,0.5573992
1747679457.0559273,-0.16235909,0.54559,-0.44339103,-3.1296115,-0.85367566,0.5573992
1747679457.0564487,-0.16235909,0.54559,-0.44339103,-3.1296115,-0.85367566,0.5573992
1747679457.05697,-0.16235909,0.54559,-0.44339103,-3.1296115,-0.85367566,0.5573992
1747679457.0574906,-0.16235909,0.54559,-0.44339103,-3.1296115,-0.85367566,0.5573992
1747679457.0580113,-0.16235909,0.54559,-0.44339103,-3.1296115,-0.85367566,0.5573992
1747679457.0585315,-0.16235909,0.54559,-0.44339103,-3.1296115,-0.85367566,0.5573992
1747679457.059082,-0.16235909,0.54559,-0.44339103,-3.1296115,-0.85367566,0.5573992
1747679457.0596347,-0.16235909,0.54559,-0.44339103,-3.1296115,-0.85367566,0.5573992
1747679457.060161,-0.16235909,0.54559,-0.44339103,-3.1296115,-0.85367566,0.5573992
1747679457.0606825,-0.16235909,0.54559,-0.44339103,-3.1296115,-0.85367566,0.5573992
1747679457.061203,-0.16235909,0.54559,-0.44339103,-3.1296115,-0.85367566,0.5573992
1747679457.061724,-0.16235909,0.54559,-0.44339103,-3.1296115,-0.85367566,0.5573992
1747679457.0622487,-0.16235909,0.54559,-0.44339103,-3.1296115,-0.85367566,0.5573992
1747679457.0627697,-0.16235909,0.54559,-0.44339103,-3.1296115,-0.85367566,0.5573992
1747679457.0632966,-0.16235909,0.54559,-0.44339103,-3.1296115,-0.85367566,0.5573992
1747679457.0638523,-0.16235909,0.54559,-0.44339103,-3.1296115,-0.85367566,0.5573992
1747679457.0644076,-0.16235909,0.54559,-0.44339103,-3.1296115,-0.85367566,0.5573992
1747679457.0649436,-0.16235909,0.54559,-0.44339103,-3.1296115,-0.85367566,0.5573992
1747679457.0654664,-0.16235909,0.54559,-0.44339103,-3.1296115,-0.85367566,0.5573992
1747679457.0659878,-0.16235909,0.54559,-0.44339103,-3.1296115,-0.85367566,0.5573992
1747679457.0665088,-0.16235909,0.54559,-0.44339103,-3.1296115,-0.85367566,0.5573992
1747679457.067035,-0.13356033,0.5089814,-0.2720628,-3.297923,-0.8920251,0.52011496
1747679457.0675578,-0.13356033,0.5089814,-0.2720628,-3.297923,-0.8920251,0.52011496
1747679457.0680873,-0.13356033,0.5089814,-0.2720628,-3.297923,-0.8920251,0.52011496
1747679457.0686274,-0.13356033,0.5089814,-0.2720628,-3.297923,-0.8920251,0.52011496
1747679457.0691502,-0.13356033,0.5089814,-0.2720628,-3.297923,-0.8920251,0.52011496
1747679457.0696714,-0.13356033,0.5089814,-0.2720628,-3.297923,-0.8920251,0.52011496
1747679457.070192,-0.13356033,0.5089814,-0.2720628,-3.297923,-0.8920251,0.52011496
1747679457.0707157,-0.13356033,0.5089814,-0.2720628,-3.297923,-0.8920251,0.52011496
1747679457.0712337,-0.13356033,0.5089814,-0.2720628,-3.297923,-0.8920251,0.52011496
1747679457.0717702,-0.13356033,0.5089814,-0.2720628,-3.297923,-0.8920251,0.52011496
1747679457.072291,-0.13356033,0.5089814,-0.2720628,-3.297923,-0.8920251,0.52011496
1747679457.0728092,-0.13356033,0.5089814,-0.2720628,-3.297923,-0.8920251,0.52011496
1747679457.0733275,-0.13356033,0.5089814,-0.2720628,-3.297923,-0.8920251,0.52011496
1747679457.0738466,-0.13356033,0.5089814,-0.2720628,-3.297923,-0.8920251,0.52011496
1747679457.0744917,-0.13356033,0.5089814,-0.2720628,-3.297923,-0.8920251,0.52011496
1747679457.0750556,-0.13356033,0.5089814,-0.2720628,-3.297923,-0.8920251,0.52011496
1747679457.0756037,-0.13356033,0.5089814,-0.2720628,-3.297923,-0.8920251,0.52011496
1747679457.0761447,-0.13356033,0.5089814,-0.2720628,-3.297923,-0.8920251,0.52011496
1747679457.0766773,-0.13356033,0.5089814,-0.2720628,-3.297923,-0.8920251,0.52011496
1747679457.0771968,-0.13356033,0.5089814,-0.2720628,-3.297923,-0.8920251,0.52011496
1747679457.0777154,-0.13356033,0.5089814,-0.2720628,-3.297923,-0.8920251,0.52011496
1747679457.078234,-0.13356033,0.5089814,-0.2720628,-3.297923,-0.8920251,0.52011496
1747679457.078752,-0.13356033,0.5089814,-0.2720628,-3.297923,-0.8920251,0.52011496
1747679457.0792747,-0.13356033,0.5089814,-0.2720628,-3.297923,-0.8920251,0.52011496
1747679457.0798345,-0.13356033,0.5089814,-0.2720628,-3.297923,-0.8920251,0.52011496
1747679457.0803833,-0.13356033,0.5089814,-0.2720628,-3.297923,-0.8920251,0.52011496
1747679457.0809162,-0.13356033,0.5089814,-0.2720628,-3.297923,-0.8920251,0.52011496
1747679457.081436,-0.13356033,0.5089814,-0.2720628,-3.297923,-0.8920251,0.52011496
1747679457.0819547,-0.13356033,0.5089814,-0.2720628,-3.297923,-0.8920251,0.52011496
1747679457.082473,-0.13356033,0.5089814,-0.2720628,-3.297923,-0.8920251,0.52011496
1747679457.0829916,-0.13356033,0.5089814,-0.2720628,-3.297923,-0.8920251,0.52011496
1747679457.0835094,-0.13356033,0.5089814,-0.2720628,-3.297923,-0.8920251,0.52011496
1747679457.0840442,-0.13356033,0.5089814,-0.2720628,-3.297923,-0.8920251,0.52011496
1747679457.084589,-0.13356033,0.5089814,-0.2720628,-3.297923,-0.8920251,0.52011496
1747679457.085113,-0.13356033,0.5089814,-0.2720628,-3.297923,-0.8920251,0.52011496
1747679457.0856314,-0.13356033,0.5089814,-0.2720628,-3.297923,-0.8920251,0.52011496
1747679457.08615,-0.13356033,0.5089814,-0.2720628,-3.297923,-0.8920251,0.52011496
1747679457.0866678,-0.13356033,0.5089814,-0.2720628,-3.297923,-0.8920251,0.52011496
1747679457.0871856,-0.13356033,0.5089814,-0.2720628,-3.297923,-0.8920251,0.52011496
1747679457.0877032,-0.13356033,0.5089814,-0.2720628,-3.297923,-0.8920251,0.52011496
1747679457.088221,-0.13356033,0.5089814,-0.2720628,-3.297923,-0.8920251,0.52011496
1747679457.0887406,-0.13356033,0.5089814,-0.2720628,-3.297923,-0.8920251,0.52011496
1747679457.089267,-0.14820376,0.49092114,0.044235375,-3.2585082,-1.1008168,0.47111285
1747679457.0897937,-0.14820376,0.49092114,0.044235375,-3.2585082,-1.1008168,0.47111285
1747679457.0903196,-0.14820376,0.49092114,0.044235375,-3.2585082,-1.1008168,0.47111285
1747679457.09084,-0.14820376,0.49092114,0.044235375,-3.2585082,-1.1008168,0.47111285
1747679457.091378,-0.14820376,0.49092114,0.044235375,-3.2585082,-1.1008168,0.47111285
1747679457.0919192,-0.14820376,0.49092114,0.044235375,-3.1338725,-1.165798,0.50626653
1747679457.0924435,-0.14820376,0.49092114,0.044235375,-3.1338725,-1.165798,0.50626653
1747679457.0929627,-0.14820376,0.49092114,0.044235375,-3.1338725,-1.165798,0.50626653
1747679457.0934813,-0.14820376,0.49092114,0.044235375,-3.1338725,-1.165798,0.50626653
1747679457.094004,-0.14820376,0.49092114,0.044235375,-3.1338725,-1.165798,0.50626653
1747679457.0945537,-0.14820376,0.49092114,0.044235375,-3.1338725,-1.165798,0.50626653
1747679457.0951061,-0.14820376,0.49092114,0.044235375,-3.1338725,-1.165798,0.50626653
1747679457.0956397,-0.14820376,0.49092114,0.044235375,-3.1338725,-1.165798,0.50626653
1747679457.0961595,-0.14820376,0.49092114,0.044235375,-3.1338725,-1.165798,0.50626653
1747679457.0966783,-0.14820376,0.49092114,0.044235375,-3.1338725,-1.165798,0.50626653
1747679457.0971963,-0.14820376,0.49092114,0.044235375,-3.1338725,-1.165798,0.50626653
1747679457.0977147,-0.14820376,0.49092114,0.044235375,-3.1338725,-1.165798,0.50626653
1747679457.098233,-0.14820376,0.49092114,0.044235375,-3.1338725,-1.165798,0.50626653
1747679457.098751,-0.14820376,0.49092114,0.044235375,-3.1338725,-1.165798,0.50626653
1747679457.099269,-0.14820376,0.49092114,0.044235375,-3.1338725,-1.165798,0.50626653
1747679457.0997891,-0.14820376,0.49092114,0.044235375,-3.1338725,-1.165798,0.50626653
1747679457.1003132,-0.14820376,0.49092114,0.044235375,-3.1338725,-1.165798,0.50626653
1747679457.1008356,-0.14185826,0.50556463,0.1530849,-3.1338725,-1.165798,0.50626653
1747679457.1013548,-0.14185826,0.50556463,0.1530849,-3.1338725,-1.165798,0.50626653
1747679457.101876,-0.14185826,0.50556463,0.1530849,-3.0166936,-1.1785811,0.56166023
1747679457.102396,-0.14185826,0.50556463,0.1530849,-3.0166936,-1.1785811,0.56166023
1747679457.1029143,-0.14185826,0.50556463,0.1530849,-3.0166936,-1.1785811,0.56166023
1747679457.1034324,-0.14185826,0.50556463,0.1530849,-3.0166936,-1.1785811,0.56166023
1747679457.1039674,-0.14185826,0.50556463,0.1530849,-3.0166936,-1.1785811,0.56166023
1747679457.104626,-0.14185826,0.50556463,0.1530849,-3.0166936,-1.1785811,0.56166023
1747679457.1051807,-0.14185826,0.50556463,0.1530849,-3.0166936,-1.1785811,0.56166023
1747679457.105787,-0.14185826,0.50556463,0.1530849,-3.0166936,-1.1785811,0.56166023
1747679457.106336,-0.14185826,0.50556463,0.1530849,-3.0166936,-1.1785811,0.56166023
1747679457.1068687,-0.14185826,0.50556463,0.1530849,-3.0166936,-1.1785811,0.56166023
1747679457.1073885,-0.14185826,0.50556463,0.1530849,-3.0166936,-1.1785811,0.56166023
1747679457.107907,-0.14185826,0.50556463,0.1530849,-3.0166936,-1.1785811,0.56166023
1747679457.1084254,-0.14185826,0.50556463,0.1530849,-3.0166936,-1.1785811,0.56166023
1747679457.1089437,-0.14185826,0.50556463,0.1530849,-3.0166936,-1.1785811,0.56166023
1747679457.109462,-0.14185826,0.50556463,0.1530849,-3.0166936,-1.1785811,0.56166023
1747679457.1099854,-0.14185826,0.50556463,0.1530849,-3.0166936,-1.1785811,0.56166023
1747679457.1105335,-0.14185826,0.50556463,0.1530849,-3.0166936,-1.1785811,0.56166023
1747679457.111132,-0.14185826,0.50556463,0.1530849,-3.0166936,-1.1785811,0.56166023
1747679457.1116796,-0.06766488,0.5094695,0.14234638,-2.9442556,-1.1317095,0.59574866
1747679457.112204,-0.06766488,0.5094695,0.14234638,-2.9442556,-1.1317095,0.59574866
1747679457.1127274,-0.06766488,0.5094695,0.14234638,-2.9442556,-1.1317095,0.59574866
1747679457.113246,-0.06766488,0.5094695,0.14234638,-2.9442556,-1.1317095,0.59574866
1747679457.113764,-0.06766488,0.5094695,0.14234638,-2.9442556,-1.1317095,0.59574866
1747679457.1142967,-0.06766488,0.5094695,0.14234638,-2.9442556,-1.1317095,0.59574866
1747679457.114834,-0.06766488,0.5094695,0.14234638,-2.9442556,-1.1317095,0.59574866
1747679457.1153567,-0.06766488,0.5094695,0.14234638,-2.9442556,-1.1317095,0.59574866
1747679457.115875,-0.06766488,0.5094695,0.14234638,-2.9442556,-1.1317095,0.59574866
1747679457.1163936,-0.06766488,0.5094695,0.14234638,-2.9442556,-1.1317095,0.59574866
1747679457.1169116,-0.06766488,0.5094695,0.14234638,-2.9442556,-1.1317095,0.59574866
1747679457.11743,-0.06766488,0.5094695,0.14234638,-2.9442556,-1.1317095,0.59574866
1747679457.1179478,-0.06766488,0.5094695,0.14234638,-2.9442556,-1.1317095,0.59574866
1747679457.118466,-0.06766488,0.5094695,0.14234638,-2.9442556,-1.1317095,0.59574866
1747679457.118984,-0.06766488,0.5094695,0.14234638,-2.9442556,-1.1317095,0.59574866
1747679457.1195016,-0.06766488,0.5094695,0.14234638,-2.9442556,-1.1317095,0.59574866
1747679457.1200423,-0.06766488,0.5094695,0.14234638,-2.9442556,-1.1317095,0.59574866
1747679457.1205783,-0.06766488,0.5094695,0.14234638,-2.9442556,-1.1317095,0.59574866
1747679457.1211123,-0.06766488,0.5094695,0.14234638,-2.9442556,-1.1317095,0.59574866
1747679457.121648,-0.06766488,0.5094695,0.14234638,-2.9442556,-1.1317095,0.59574866
1747679457.1221936,-0.06766488,0.5094695,0.14234638,-2.9442556,-1.1317095,0.59574866
1747679457.1227348,0.02263631,0.5080052,0.1296554,-2.9442556,-1.1317095,0.59574866
1747679457.1232607,0.02263631,0.5080052,0.1296554,-2.9591691,-1.0518147,0.56272554
1747679457.1237953,0.02263631,0.5080052,0.1296554,-2.9591691,-1.0518147,0.56272554
1747679457.124332,0.02263631,0.5080052,0.1296554,-2.9591691,-1.0518147,0.56272554
1747679457.124855,0.02263631,0.5080052,0.1296554,-2.9591691,-1.0518147,0.56272554
1747679457.1253738,0.02263631,0.5080052,0.1296554,-2.9591691,-1.0518147,0.56272554
1747679457.1258965,0.02263631,0.5080052,0.1296554,-2.9591691,-1.0518147,0.56272554
1747679457.1264472,0.02263631,0.5080052,0.1296554,-2.9591691,-1.0518147,0.56272554
1747679457.1269994,0.02263631,0.5080052,0.1296554,-2.9591691,-1.0518147,0.56272554
1747679457.1275322,0.02263631,0.5080052,0.1296554,-2.9591691,-1.0518147,0.56272554
1747679457.1280518,0.02263631,0.5080052,0.1296554,-2.9591691,-1.0518147,0.56272554
1747679457.12857,0.02263631,0.5080052,0.1296554,-2.9591691,-1.0518147,0.56272554
1747679457.1290884,0.02263631,0.5080052,0.1296554,-2.9591691,-1.0518147,0.56272554
1747679457.129607,0.02263631,0.5080052,0.1296554,-2.9591691,-1.0518147,0.56272554
1747679457.130125,0.02263631,0.5080052,0.1296554,-2.9591691,-1.0518147,0.56272554
1747679457.1306427,0.02263631,0.5080052,0.1296554,-2.9591691,-1.0518147,0.56272554
1747679457.1311607,0.02263631,0.5080052,0.1296554,-2.9591691,-1.0518147,0.56272554
1747679457.1316788,0.02263631,0.5080052,0.1296554,-2.9591691,-1.0518147,0.56272554
1747679457.132219,0.02263631,0.5080052,0.1296554,-2.9591691,-1.0518147,0.56272554
1747679457.1327682,0.07925759,0.48604,0.19115783,-2.9591691,-1.0518147,0.56272554
1747679457.1332967,0.07925759,0.48604,0.19115783,-3.007106,-0.9836378,0.46152547
1747679457.1338165,0.07925759,0.48604,0.19115783,-3.007106,-0.9836378,0.46152547
1747679457.13435,0.07925759,0.48604,0.19115783,-3.007106,-0.9836378,0.46152547
1747679457.1349924,0.07925759,0.48604,0.19115783,-3.007106,-0.9836378,0.46152547
1747679457.1355684,0.07925759,0.48604,0.19115783,-3.007106,-0.9836378,0.46152547
1747679457.136128,0.07925759,0.48604,0.19115783,-3.007106,-0.9836378,0.46152547
1747679457.136677,0.07925759,0.48604,0.19115783,-3.007106,-0.9836378,0.46152547
1747679457.13721,0.07925759,0.48604,0.19115783,-3.007106,-0.9836378,0.46152547
1747679457.1377296,0.07925759,0.48604,0.19115783,-3.007106,-0.9836378,0.46152547
1747679457.1382482,0.07925759,0.48604,0.19115783,-3.007106,-0.9836378,0.46152547
1747679457.1387665,0.07925759,0.48604,0.19115783,-3.007106,-0.9836378,0.46152547
1747679457.1392841,0.07925759,0.48604,0.19115783,-3.007106,-0.9836378,0.46152547
1747679457.1398025,0.07925759,0.48604,0.19115783,-3.007106,-0.9836378,0.46152547
1747679457.1403205,0.07925759,0.48604,0.19115783,-3.007106,-0.9836378,0.46152547
1747679457.1408386,0.07925759,0.48604,0.19115783,-3.007106,-0.9836378,0.46152547
1747679457.1413567,0.07925759,0.48604,0.19115783,-3.007106,-0.9836378,0.46152547
1747679457.1418793,0.07925759,0.48604,0.19115783,-3.007106,-0.9836378,0.46152547
1747679457.1424384,0.07925759,0.48604,0.19115783,-3.007106,-0.9836378,0.46152547
1747679457.142991,0.07925759,0.48604,0.19115783,-3.007106,-0.9836378,0.46152547
1747679457.14354,0.07925759,0.48604,0.19115783,-3.007106,-0.9836378,0.46152547
1747679457.1440878,0.07925759,0.48604,0.19115783,-3.007106,-0.9836378,0.46152547
1747679457.1446187,0.05729244,0.4621224,0.30488852,-2.994323,-1.0518147,0.36778226
1747679457.145142,0.05729244,0.4621224,0.30488852,-2.994323,-1.0518147,0.36778226
1747679457.1456623,0.05729244,0.4621224,0.30488852,-2.994323,-1.0518147,0.36778226
1747679457.1461806,0.05729244,0.4621224,0.30488852,-2.994323,-1.0518147,0.36778226
1747679457.1466987,0.05729244,0.4621224,0.30488852,-2.994323,-1.0518147,0.36778226
1747679457.1472168,0.05729244,0.4621224,0.30488852,-2.994323,-1.0518147,0.36778226
1747679457.1477349,0.05729244,0.4621224,0.30488852,-2.994323,-1.0518147,0.36778226
1747679457.1482532,0.05729244,0.4621224,0.30488852,-2.994323,-1.0518147,0.36778226
1747679457.1487713,0.05729244,0.4621224,0.30488852,-2.994323,-1.0518147,0.36778226
1747679457.149289,0.05729244,0.4621224,0.30488852,-2.994323,-1.0518147,0.36778226
1747679457.1498065,0.05729244,0.4621224,0.30488852,-2.994323,-1.0518147,0.36778226
1747679457.1503527,0.05729244,0.4621224,0.30488852,-2.994323,-1.0518147,0.36778226
1747679457.1510193,0.05729244,0.4621224,0.30488852,-2.994323,-1.0518147,0.36778226
1747679457.151584,0.05729244,0.4621224,0.30488852,-2.994323,-1.0518147,0.36778226
1747679457.1522827,0.05729244,0.4621224,0.30488852,-2.994323,-1.0518147,0.36778226
1747679457.1528463,0.05729244,0.4621224,0.30488852,-2.994323,-1.0518147,0.36778226
1747679457.1533864,0.05729244,0.4621224,0.30488852,-2.994323,-1.0518147,0.36778226
1747679457.1539302,0.05729244,0.4621224,0.30488852,-2.994323,-1.0518147,0.36778226
1747679457.1544948,-0.046187833,0.44113347,0.49183637,-2.8441207,-1.3405012,0.2932138
1747679457.1550226,-0.046187833,0.44113347,0.49183637,-2.8441207,-1.3405012,0.2932138
1747679457.155546,-0.046187833,0.44113347,0.49183637,-2.8441207,-1.3405012,0.2932138
1747679457.1560676,-0.046187833,0.44113347,0.49183637,-2.8441207,-1.3405012,0.2932138
1747679457.156595,-0.046187833,0.44113347,0.49183637,-2.8441207,-1.3405012,0.2932138
1747679457.1571448,-0.046187833,0.44113347,0.49183637,-2.8441207,-1.3405012,0.2932138
1747679457.1577024,-0.046187833,0.44113347,0.49183637,-2.8441207,-1.3405012,0.2932138
1747679457.1582382,-0.046187833,0.44113347,0.49183637,-2.8441207,-1.3405012,0.2932138
1747679457.1587603,-0.046187833,0.44113347,0.49183637,-2.8441207,-1.3405012,0.2932138
1747679457.1592815,-0.046187833,0.44113347,0.49183637,-2.8441207,-1.3405012,0.2932138
1747679457.1598022,-0.046187833,0.44113347,0.49183637,-2.8441207,-1.3405012,0.2932138
1747679457.1603231,-0.046187833,0.44113347,0.49183637,-2.8441207,-1.3405012,0.2932138
1747679457.1608443,-0.046187833,0.44113347,0.49183637,-2.8441207,-1.3405012,0.2932138
1747679457.161365,-0.046187833,0.44113347,0.49183637,-2.8441207,-1.3405012,0.2932138
1747679457.1618857,-0.046187833,0.44113347,0.49183637,-2.8441207,-1.3405012,0.2932138
1747679457.1624067,-0.046187833,0.44113347,0.49183637,-2.8441207,-1.3405012,0.2932138
1747679457.1629274,-0.046187833,0.44113347,0.49183637,-2.8441207,-1.3405012,0.2932138
1747679457.163448,-0.046187833,0.44113347,0.49183637,-2.8441207,-1.3405012,0.2932138
1747679457.1639686,-0.046187833,0.44113347,0.49183637,-2.8441207,-1.3405012,0.2932138
1747679457.1645026,-0.046187833,0.44113347,0.49183637,-2.8441207,-1.3405012,0.2932138
1747679457.165051,-0.046187833,0.44113347,0.49183637,-2.8441207,-1.3405012,0.2932138
1747679457.1658363,-0.21117054,0.41868022,0.6758555,-2.4318638,-1.8422403,0.36458647
1747679457.1663964,-0.21117054,0.41868022,0.6758555,-2.4318638,-1.8422403,0.36458647
1747679457.1669447,-0.21117054,0.41868022,0.6758555,-2.4318638,-1.8422403,0.36458647
1747679457.167489,-0.21117054,0.41868022,0.6758555,-2.4318638,-1.8422403,0.36458647
1747679457.1680245,-0.21117054,0.41868022,0.6758555,-2.4318638,-1.8422403,0.36458647
1747679457.1685467,-0.21117054,0.41868022,0.6758555,-2.4318638,-1.8422403,0.36458647
1747679457.1690679,-0.21117054,0.41868022,0.6758555,-2.4318638,-1.8422403,0.36458647
1747679457.169589,-0.21117054,0.41868022,0.6758555,-2.4318638,-1.8422403,0.36458647
1747679457.1701093,-0.21117054,0.41868022,0.6758555,-2.4318638,-1.8422403,0.36458647
1747679457.1706326,-0.21117054,0.41868022,0.6758555,-2.4318638,-1.8422403,0.36458647
1747679457.1711533,-0.21117054,0.41868022,0.6758555,-2.4318638,-1.8422403,0.36458647
1747679457.171698,-0.21117054,0.41868022,0.6758555,-2.4318638,-1.8422403,0.36458647
1747679457.172228,-0.21117054,0.41868022,0.6758555,-2.4318638,-1.8422403,0.36458647
1747679457.172779,-0.21117054,0.41868022,0.6758555,-2.4318638,-1.8422403,0.36458647
1747679457.1733317,-0.21117054,0.41868022,0.6758555,-2.4318638,-1.8422403,0.36458647
1747679457.1738806,-0.21117054,0.41868022,0.6758555,-2.4318638,-1.8422403,0.36458647
1747679457.1744263,-0.21117054,0.41868022,0.6758555,-2.4318638,-1.8422403,0.36458647
1747679457.1749508,-0.21117054,0.41868022,0.6758555,-2.4318638,-1.8422403,0.36458647
1747679457.175475,-0.3346635,0.40891793,0.73296493,-1.9482341,-2.3237395,0.5882918
1747679457.175996,-0.3346635,0.40891793,0.73296493,-1.9482341,-2.3237395,0.5882918
1747679457.176519,-0.3346635,0.40891793,0.73296493,-1.9482341,-2.3237395,0.5882918
1747679457.1770387,-0.3346635,0.40891793,0.73296493,-1.9482341,-2.3237395,0.5882918
1747679457.1775568,-0.3346635,0.40891793,0.73296493,-1.9482341,-2.3237395,0.5882918
1747679457.1780746,-0.3346635,0.40891793,0.73296493,-1.9482341,-2.3237395,0.5882918
1747679457.1785948,-0.3346635,0.40891793,0.73296493,-1.9482341,-2.3237395,0.5882918
1747679457.1791158,-0.3346635,0.40891793,0.73296493,-1.9482341,-2.3237395,0.5882918
1747679457.1796353,-0.3346635,0.40891793,0.73296493,-1.9482341,-2.3237395,0.5882918
1747679457.1801553,-0.35565242,0.4460146,0.6329015,-1.9482341,-2.3237395,0.5882918
1747679457.1806915,-0.35565242,0.4460146,0.6329015,-1.9482341,-2.3237395,0.5882918
1747679457.18125,-0.35565242,0.4460146,0.6329015,-1.9482341,-2.3237395,0.5882918
1747679457.1817944,-0.35565242,0.4460146,0.6329015,-1.4986928,-2.7328007,0.9227846
1747679457.1823187,-0.35565242,0.4460146,0.6329015,-1.4986928,-2.7328007,0.9227846
1747679457.1828399,-0.35565242,0.4460146,0.6329015,-1.4986928,-2.7328007,0.9227846
1747679457.1833625,-0.35565242,0.4460146,0.6329015,-1.4986928,-2.7328007,0.9227846
1747679457.1838818,-0.35565242,0.4460146,0.6329015,-1.4986928,-2.7328007,0.9227846
1747679457.1844175,-0.35565242,0.4460146,0.6329015,-1.4986928,-2.7328007,0.9227846
1747679457.184963,-0.35565242,0.4460146,0.6329015,-1.4986928,-2.7328007,0.9227846
1747679457.1854873,-0.35565242,0.4460146,0.6329015,-1.4986928,-2.7328007,0.9227846
1747679457.1860058,-0.35565242,0.4460146,0.6329015,-1.4986928,-2.7328007,0.9227846
1747679457.1865242,-0.35565242,0.4460146,0.6329015,-1.4986928,-2.7328007,0.9227846
1747679457.1870422,-0.35565242,0.4460146,0.6329015,-1.4986928,-2.7328007,0.9227846
1747679457.1875608,-0.35565242,0.4460146,0.6329015,-1.4986928,-2.7328007,0.9227846
1747679457.1880832,-0.35565242,0.4460146,0.6329015,-1.4986928,-2.7328007,0.9227846
1747679457.188635,-0.35565242,0.4460146,0.6329015,-1.4986928,-2.7328007,0.9227846
1747679457.189198,-0.35565242,0.4460146,0.6329015,-1.4986928,-2.7328007,0.9227846
1747679457.1897817,-0.35565242,0.4460146,0.6329015,-1.4986928,-2.7328007,0.9227846
1747679457.1903186,-0.35565242,0.4460146,0.6329015,-1.4986928,-2.7328007,0.9227846
1747679457.190842,-0.35565242,0.4460146,0.6329015,-1.4986928,-2.7328007,0.9227846
1747679457.191362,-0.35565242,0.4460146,0.6329015,-1.4986928,-2.7328007,0.9227846
1747679457.1918836,-0.24826722,0.511422,0.34344956,-1.4986928,-2.7328007,0.9227846
1747679457.1924055,-0.24826722,0.511422,0.34344956,-1.4986928,-2.7328007,0.9227846
1747679457.1929271,-0.24826722,0.511422,0.34344956,-1.3367727,-2.908569,1.2519511
1747679457.1934638,-0.24826722,0.511422,0.34344956,-1.3367727,-2.908569,1.2519511
1747679457.19401,-0.24826722,0.511422,0.34344956,-1.3367727,-2.908569,1.2519511
1747679457.1945343,-0.24826722,0.511422,0.34344956,-1.3367727,-2.908569,1.2519511
1747679457.195053,-0.24826722,0.511422,0.34344956,-1.3367727,-2.908569,1.2519511
1747679457.1955712,-0.24826722,0.511422,0.34344956,-1.3367727,-2.908569,1.2519511
1747679457.1962996,-0.24826722,0.511422,0.34344956,-1.3367727,-2.908569,1.2519511
1747679457.1968532,-0.24826722,0.511422,0.34344956,-1.3367727,-2.908569,1.2519511
1747679457.197391,-0.24826722,0.511422,0.34344956,-1.3367727,-2.908569,1.2519511
1747679457.1979234,-0.24826722,0.511422,0.34344956,-1.3367727,-2.908569,1.2519511
1747679457.1984427,-0.24826722,0.511422,0.34344956,-1.3367727,-2.908569,1.2519511
1747679457.1989615,-0.24826722,0.511422,0.34344956,-1.3367727,-2.908569,1.2519511
1747679457.1994803,-0.24826722,0.511422,0.34344956,-1.3367727,-2.908569,1.2519511
1747679457.2000039,-0.056438237,0.54266125,0.024222683,-1.6137413,-2.6603627,1.4681996
1747679457.2005246,-0.056438237,0.54266125,0.024222683,-1.6137413,-2.6603627,1.4681996
1747679457.201089,-0.056438237,0.54266125,0.024222683,-1.6137413,-2.6603627,1.4681996
1747679457.2016268,-0.056438237,0.54266125,0.024222683,-1.6137413,-2.6603627,1.4681996
1747679457.2021508,-0.056438237,0.54266125,0.024222683,-1.6137413,-2.6603627,1.4681996
1747679457.2026703,-0.056438237,0.54266125,0.024222683,-1.6137413,-2.6603627,1.4681996
1747679457.2031887,-0.056438237,0.54266125,0.024222683,-1.6137413,-2.6603627,1.4681996
1747679457.20372,-0.056438237,0.54266125,0.024222683,-1.6137413,-2.6603627,1.4681996
1747679457.204261,-0.056438237,0.54266125,0.024222683,-1.6137413,-2.6603627,1.4681996
1747679457.205702,-0.056438237,0.54266125,0.024222683,-1.6137413,-2.6603627,1.4681996
1747679457.2062485,-0.056438237,0.54266125,0.024222683,-1.6137413,-2.6603627,1.4681996
1747679457.2067811,-0.056438237,0.54266125,0.024222683,-1.6137413,-2.6603627,1.4681996
1747679457.2073011,-0.056438237,0.54266125,0.024222683,-1.6137413,-2.6603627,1.4681996
1747679457.2078197,-0.056438237,0.54266125,0.024222683,-1.6137413,-2.6603627,1.4681996
1747679457.208338,-0.056438237,0.54266125,0.024222683,-1.6137413,-2.6603627,1.4681996
1747679457.2088563,-0.056438237,0.54266125,0.024222683,-1.6137413,-2.6603627,1.4681996
1747679457.2093744,-0.056438237,0.54266125,0.024222683,-1.6137413,-2.6603627,1.4681996
1747679457.2098925,-0.056438237,0.54266125,0.024222683,-1.6137413,-2.6603627,1.4681996
1747679457.2104106,-0.056438237,0.54266125,0.024222683,-1.6137413,-2.6603627,1.4681996
1747679457.2109842,-0.056438237,0.54266125,0.024222683,-1.6137413,-2.6603627,1.4681996
1747679457.2115743,-0.056438237,0.54266125,0.024222683,-1.6137413,-2.6603627,1.4681996
1747679457.2121222,0.1807854,0.51483876,-0.15979649,-1.6137413,-2.6603627,1.4681996
1747679457.2126482,0.1807854,0.51483876,-0.15979649,-1.6137413,-2.6603627,1.4681996
1747679457.2131703,0.1807854,0.51483876,-0.15979649,-1.6137413,-2.6603627,1.4681996
1747679457.2136915,0.1807854,0.51483876,-0.15979649,-2.2923143,-2.014813,1.5331807
1747679457.2142258,0.1807854,0.51483876,-0.15979649,-2.2923143,-2.014813,1.5331807
1747679457.214764,0.1807854,0.51483876,-0.15979649,-2.2923143,-2.014813,1.5331807
1747679457.2152865,0.1807854,0.51483876,-0.15979649,-2.2923143,-2.014813,1.5331807
1747679457.2158053,0.1807854,0.51483876,-0.15979649,-2.2923143,-2.014813,1.5331807
1747679457.2163234,0.1807854,0.51483876,-0.15979649,-2.2923143,-2.014813,1.5331807
1747679457.2168415,0.1807854,0.51483876,-0.15979649,-2.2923143,-2.014813,1.5331807
1747679457.2173595,0.1807854,0.51483876,-0.15979649,-2.2923143,-2.014813,1.5331807
1747679457.2178774,0.1807854,0.51483876,-0.15979649,-2.2923143,-2.014813,1.5331807
1747679457.2183955,0.1807854,0.51483876,-0.15979649,-2.2923143,-2.014813,1.5331807
1747679457.2189136,0.1807854,0.51483876,-0.15979649,-2.2923143,-2.014813,1.5331807
1747679457.2194314,0.1807854,0.51483876,-0.15979649,-2.2923143,-2.014813,1.5331807
1747679457.219954,0.1807854,0.51483876,-0.15979649,-2.2923143,-2.014813,1.5331807
1747679457.2205043,0.1807854,0.51483876,-0.15979649,-2.2923143,-2.014813,1.5331807
1747679457.2210526,0.1807854,0.51483876,-0.15979649,-2.2923143,-2.014813,1.5331807
1747679457.2215855,0.1807854,0.51483876,-0.15979649,-2.2923143,-2.014813,1.5331807
1747679457.2221053,0.1807854,0.51483876,-0.15979649,-2.2923143,-2.014813,1.5331807
1747679457.222627,0.1807854,0.51483876,-0.15979649,-2.2923143,-2.014813,1.5331807
1747679457.2231503,0.1807854,0.51483876,-0.15979649,-3.140264,-1.1018821,1.4032185
1747679457.22369,0.1807854,0.51483876,-0.15979649,-3.140264,-1.1018821,1.4032185
1747679457.2242365,0.36285213,0.41623965,-0.09438914,-3.140264,-1.1018821,1.4032185
1747679457.2247612,0.36285213,0.41623965,-0.09438914,-3.140264,-1.1018821,1.4032185
1747679457.2252815,0.36285213,0.41623965,-0.09438914,-3.140264,-1.1018821,1.4032185
1747679457.2258,0.36285213,0.41623965,-0.09438914,-3.140264,-1.1018821,1.4032185
1747679457.2263181,0.36285213,0.41623965,-0.09438914,-3.140264,-1.1018821,1.4032185
1747679457.2270892,0.36285213,0.41623965,-0.09438914,-3.140264,-1.1018821,1.4032185
1747679457.2276525,0.36285213,0.41623965,-0.09438914,-3.140264,-1.1018821,1.4032185
1747679457.2282002,0.36285213,0.41623965,-0.09438914,-3.140264,-1.1018821,1.4032185
1747679457.2287483,0.36285213,0.41623965,-0.09438914,-3.140264,-1.1018821,1.4032185
1747679457.2292814,0.36285213,0.41623965,-0.09438914,-3.140264,-1.1018821,1.4032185
1747679457.2298012,0.36285213,0.41623965,-0.09438914,-3.140264,-1.1018821,1.4032185
1747679457.23032,0.36285213,0.41623965,-0.09438914,-3.140264,-1.1018821,1.4032185
1747679457.2308383,0.36285213,0.41623965,-0.09438914,-3.140264,-1.1018821,1.4032185
1747679457.2313569,0.36285213,0.41623965,-0.09438914,-3.140264,-1.1018821,1.4032185
1747679457.2318752,0.36285213,0.41623965,-0.09438914,-3.140264,-1.1018821,1.4032185
1747679457.2323935,0.36285213,0.41623965,-0.09438914,-3.140264,-1.1018821,1.4032185
1747679457.2329116,0.36285213,0.41623965,-0.09438914,-3.140264,-1.1018821,1.4032185
1747679457.2334306,0.36285213,0.41623965,-0.09438914,-3.140264,-1.1018821,1.4032185
1747679457.2339659,0.36285213,0.41623965,-0.09438914,-3.140264,-1.1018821,1.4032185
1747679457.2345116,0.41752094,0.29616347,0.16187097,-3.140264,-1.1018821,1.4032185
1747679457.2350411,0.41752094,0.29616347,0.16187097,-3.140264,-1.1018821,1.4032185
1747679457.2356358,0.41752094,0.29616347,0.16187097,-3.8710349,-0.24541011,1.1454247
1747679457.2361841,0.41752094,0.29616347,0.16187097,-3.8710349,-0.24541011,1.1454247
1747679457.2367167,0.41752094,0.29616347,0.16187097,-3.8710349,-0.24541011,1.1454247
1747679457.2372818,0.41752094,0.29616347,0.16187097,-3.8710349,-0.24541011,1.1454247
1747679457.2378016,0.41752094,0.29616347,0.16187097,-3.8710349,-0.24541011,1.1454247
1747679457.23832,0.41752094,0.29616347,0.16187097,-3.8710349,-0.24541011,1.1454247
1747679457.238838,0.41752094,0.29616347,0.16187097,-3.8710349,-0.24541011,1.1454247
1747679457.239356,0.41752094,0.29616347,0.16187097,-3.8710349,-0.24541011,1.1454247
1747679457.239874,0.41752094,0.29616347,0.16187097,-3.8710349,-0.24541011,1.1454247
1747679457.2403917,0.41752094,0.29616347,0.16187097,-3.8710349,-0.24541011,1.1454247
1747679457.2409093,0.41752094,0.29616347,0.16187097,-3.8710349,-0.24541011,1.1454247
1747679457.2414274,0.41752094,0.29616347,0.16187097,-3.8710349,-0.24541011,1.1454247
1747679457.2419498,0.41752094,0.29616347,0.16187097,-3.8710349,-0.24541011,1.1454247
1747679457.2424808,0.41752094,0.29616347,0.16187097,-3.8710349,-0.24541011,1.1454247
1747679457.2430086,0.41752094,0.29616347,0.16187097,-3.8710349,-0.24541011,1.1454247
1747679457.2435343,0.39409143,0.24442334,0.3815225,-4.166113,0.079495296,0.97178674
1747679457.2440708,0.39409143,0.24442334,0.3815225,-4.166113,0.079495296,0.97178674
1747679457.2446103,0.39409143,0.24442334,0.3815225,-4.166113,0.079495296,0.97178674
1747679457.2451334,0.39409143,0.24442334,0.3815225,-4.166113,0.079495296,0.97178674
1747679457.245652,0.39409143,0.24442334,0.3815225,-4.166113,0.079495296,0.97178674
1747679457.24617,0.39409143,0.24442334,0.3815225,-4.166113,0.079495296,0.97178674
1747679457.2466886,0.39409143,0.24442334,0.3815225,-4.166113,0.079495296,0.97178674
1747679457.2472067,0.39409143,0.24442334,0.3815225,-4.166113,0.079495296,0.97178674
1747679457.2477245,0.39409143,0.24442334,0.3815225,-4.166113,0.079495296,0.97178674
1747679457.2482426,0.39409143,0.24442334,0.3815225,-4.166113,0.079495296,0.97178674
1747679457.248761,0.39409143,0.24442334,0.3815225,-4.166113,0.079495296,0.97178674
1747679457.24928,0.39409143,0.24442334,0.3815225,-4.166113,0.079495296,0.97178674
1747679457.2497988,0.39409143,0.24442334,0.3815225,-4.166113,0.079495296,0.97178674
1747679457.2503169,0.39409143,0.24442334,0.3815225,-4.166113,0.079495296,0.97178674
1747679457.2508392,0.39409143,0.24442334,0.3815225,-4.166113,0.079495296,0.97178674
1747679457.2513902,0.39409143,0.24442334,0.3815225,-4.166113,0.079495296,0.97178674
1747679457.2519426,0.39409143,0.24442334,0.3815225,-4.166113,0.079495296,0.97178674
1747679457.2524762,0.39409143,0.24442334,0.3815225,-4.166113,0.079495296,0.97178674
1747679457.253,0.22666818,0.17071804,0.7964198,-4.166113,0.079495296,0.97178674
1747679457.253522,0.22666818,0.17071804,0.7964198,-4.166113,0.079495296,0.97178674
1747679457.2540433,0.22666818,0.17071804,0.7964198,-4.166113,0.079495296,0.97178674
1747679457.2545836,0.22666818,0.17071804,0.7964198,-4.2822266,0.21584904,0.62877184
1747679457.255129,0.22666818,0.17071804,0.7964198,-4.2822266,0.21584904,0.62877184
1747679457.2556562,0.22666818,0.17071804,0.7964198,-4.2822266,0.21584904,0.62877184
1747679457.256178,0.22666818,0.17071804,0.7964198,-4.2822266,0.21584904,0.62877184
1747679457.2566993,0.22666818,0.17071804,0.7964198,-4.2822266,0.21584904,0.62877184
1747679457.2573411,0.22666818,0.17071804,0.7964198,-4.2822266,0.21584904,0.62877184
1747679457.2579062,0.22666818,0.17071804,0.7964198,-4.2822266,0.21584904,0.62877184
1747679457.2584643,0.22666818,0.17071804,0.7964198,-4.2822266,0.21584904,0.62877184
1747679457.259012,0.22666818,0.17071804,0.7964198,-4.2822266,0.21584904,0.62877184
1747679457.2595477,0.22666818,0.17071804,0.7964198,-4.2822266,0.21584904,0.62877184
1747679457.2600696,0.22666818,0.17071804,0.7964198,-4.2822266,0.21584904,0.62877184
1747679457.2605908,0.22666818,0.17071804,0.7964198,-4.2822266,0.21584904,0.62877184
1747679457.2611117,0.22666818,0.17071804,0.7964198,-4.2822266,0.21584904,0.62877184
1747679457.2616324,0.22666818,0.17071804,0.7964198,-4.2822266,0.21584904,0.62877184
1747679457.2621534,0.22666818,0.17071804,0.7964198,-4.2822266,0.21584904,0.62877184
1747679457.2626739,0.22666818,0.17071804,0.7964198,-4.2822266,0.21584904,0.62877184
1747679457.2631948,0.22666818,0.17071804,0.7964198,-4.2822266,0.21584904,0.62877184
1747679457.2637303,0.22666818,0.17071804,0.7964198,-4.2822266,0.21584904,0.62877184
1747679457.2642825,0.22666818,0.17071804,0.7964198,-4.2822266,0.21584904,0.62877184
1747679457.2648158,0.028493684,0.14094305,1.044382,-4.2822266,0.21584904,0.62877184
1747679457.265342,0.028493684,0.14094305,1.044382,-3.9253633,-0.12610058,0.52011496
1747679457.2658641,0.028493684,0.14094305,1.044382,-3.9253633,-0.12610058,0.52011496
1747679457.266385,0.028493684,0.14094305,1.044382,-3.9253633,-0.12610058,0.52011496
1747679457.2669125,0.028493684,0.14094305,1.044382,-3.9253633,-0.12610058,0.52011496
1747679457.267463,0.028493684,0.14094305,1.044382,-3.9253633,-0.12610058,0.52011496
1747679457.268016,0.028493684,0.14094305,1.044382,-3.9253633,-0.12610058,0.52011496
1747679457.2685516,0.028493684,0.14094305,1.044382,-3.9253633,-0.12610058,0.52011496
1747679457.269074,0.028493684,0.14094305,1.044382,-3.9253633,-0.12610058,0.52011496
1747679457.2695951,0.028493684,0.14094305,1.044382,-3.9253633,-0.12610058,0.52011496
1747679457.2701159,0.028493684,0.14094305,1.044382,-3.9253633,-0.12610058,0.52011496
1747679457.2706397,0.028493684,0.14094305,1.044382,-3.9253633,-0.12610058,0.52011496
1747679457.2711604,0.028493684,0.14094305,1.044382,-3.9253633,-0.12610058,0.52011496
1747679457.2717052,0.028493684,0.14094305,1.044382,-3.9253633,-0.12610058,0.52011496
1747679457.2722304,0.028493684,0.14094305,1.044382,-3.9253633,-0.12610058,0.52011496
1747679457.272762,0.028493684,0.14094305,1.044382,-3.9253633,-0.12610058,0.52011496
1747679457.2733002,0.028493684,0.14094305,1.044382,-3.9253633,-0.12610058,0.52011496
1747679457.273842,0.028493684,0.14094305,1.044382,-3.9253633,-0.12610058,0.52011496
1747679457.2743814,0.028493684,0.14094305,1.044382,-3.9253633,-0.12610058,0.52011496
1747679457.2749043,0.028493684,0.14094305,1.044382,-3.9253633,-0.12610058,0.52011496
1747679457.2754233,0.028493684,0.14094305,1.044382,-3.9253633,-0.12610058,0.52011496
1747679457.2759416,0.028493684,0.14094305,1.044382,-3.9253633,-0.12610058,0.52011496
1747679457.276465,-0.08230831,0.21708892,1.0990508,-3.2233546,-0.98683363,0.601075
1747679457.276985,-0.08230831,0.21708892,1.0990508,-3.2233546,-0.98683363,0.601075
1747679457.277503,-0.08230831,0.21708892,1.0990508,-3.2233546,-0.98683363,0.601075
1747679457.278021,-0.08230831,0.21708892,1.0990508,-3.2233546,-0.98683363,0.601075
1747679457.2785394,-0.08230831,0.21708892,1.0990508,-3.2233546,-0.98683363,0.601075
1747679457.2790577,-0.08230831,0.21708892,1.0990508,-3.2233546,-0.98683363,0.601075
1747679457.2795758,-0.08230831,0.21708892,1.0990508,-3.2233546,-0.98683363,0.601075
1747679457.280094,-0.08230831,0.21708892,1.0990508,-3.2233546,-0.98683363,0.601075
1747679457.280612,-0.08230831,0.21708892,1.0990508,-3.2233546,-0.98683363,0.601075
1747679457.2811303,-0.08230831,0.21708892,1.0990508,-3.2233546,-0.98683363,0.601075
1747679457.2816527,-0.08230831,0.21708892,1.0990508,-3.2233546,-0.98683363,0.601075
1747679457.282204,-0.08230831,0.21708892,1.0990508,-3.2233546,-0.98683363,0.601075
1747679457.282756,-0.08230831,0.21708892,1.0990508,-3.2233546,-0.98683363,0.601075
1747679457.2832894,-0.08230831,0.21708892,1.0990508,-3.2233546,-0.98683363,0.601075
1747679457.283809,-0.08230831,0.21708892,1.0990508,-3.2233546,-0.98683363,0.601075
1747679457.2843454,-0.08230831,0.21708892,1.0990508,-3.2233546,-0.98683363,0.601075
1747679457.2848904,-0.08230831,0.21708892,1.0990508,-3.2233546,-0.98683363,0.601075
1747679457.2854176,-0.038866114,0.28688928,0.88525665,-2.8334682,-1.6462318,0.6862961
1747679457.2859373,-0.038866114,0.28688928,0.88525665,-2.8334682,-1.6462318,0.6862961
1747679457.2864587,-0.038866114,0.28688928,0.88525665,-2.8334682,-1.6462318,0.6862961
1747679457.2869782,-0.038866114,0.28688928,0.88525665,-2.8334682,-1.6462318,0.6862961
1747679457.287585,-0.038866114,0.28688928,0.88525665,-2.8334682,-1.6462318,0.6862961
1747679457.288206,-0.038866114,0.28688928,0.88525665,-2.8334682,-1.6462318,0.6862961
1747679457.2887597,-0.038866114,0.28688928,0.88525665,-2.8334682,-1.6462318,0.6862961
1747679457.289304,-0.038866114,0.28688928,0.88525665,-2.8334682,-1.6462318,0.6862961
1747679457.289837,-0.038866114,0.28688928,0.88525665,-2.8334682,-1.6462318,0.6862961
1747679457.290358,-0.038866114,0.28688928,0.88525665,-2.8334682,-1.6462318,0.6862961
1747679457.2908797,-0.038866114,0.28688928,0.88525665,-2.8558388,-1.8433056,0.7129277
1747679457.2913997,-0.038866114,0.28688928,0.88525665,-2.8558388,-1.8433056,0.7129277
1747679457.2919202,0.06559038,0.28152004,0.57774454,-2.8558388,-1.8433056,0.7129277
1747679457.2924416,0.06559038,0.28152004,0.57774454,-2.8558388,-1.8433056,0.7129277
1747679457.2929611,0.06559038,0.28152004,0.57774454,-2.8558388,-1.8433056,0.7129277
1747679457.2934968,0.06559038,0.28152004,0.57774454,-2.8558388,-1.8433056,0.7129277
1747679457.294042,0.06559038,0.28152004,0.57774454,-2.8558388,-1.8433056,0.7129277
1747679457.2945662,0.06559038,0.28152004,0.57774454,-2.8558388,-1.8433056,0.7129277
1747679457.295085,0.06559038,0.28152004,0.57774454,-2.8558388,-1.8433056,0.7129277
1747679457.2956038,0.06559038,0.28152004,0.57774454,-2.8558388,-1.8433056,0.7129277
1747679457.2961218,0.06559038,0.28152004,0.57774454,-2.8558388,-1.8433056,0.7129277
1747679457.29664,0.06559038,0.28152004,0.57774454,-2.8558388,-1.8433056,0.7129277
1747679457.297158,0.06559038,0.28152004,0.57774454,-2.8558388,-1.8433056,0.7129277
1747679457.2976804,0.06559038,0.28152004,0.57774454,-2.8558388,-1.8433056,0.7129277
1747679457.2982314,0.06559038,0.28152004,0.57774454,-2.8558388,-1.8433056,0.7129277
1747679457.298784,0.06559038,0.28152004,0.57774454,-2.8558388,-1.8433056,0.7129277
1747679457.299317,0.06559038,0.28152004,0.57774454,-2.8558388,-1.8433056,0.7129277
1747679457.299837,0.06559038,0.28152004,0.57774454,-2.8558388,-1.8433056,0.7129277
1747679457.3003554,0.06559038,0.28152004,0.57774454,-2.8558388,-1.8433056,0.7129277
1747679457.3008761,0.06559038,0.28152004,0.57774454,-2.8558388,-1.8433056,0.7129277
1747679457.3014202,0.16565385,0.20781474,0.33222294,-3.260639,-1.5184002,0.6841656
1747679457.301968,0.16565385,0.20781474,0.33222294,-3.260639,-1.5184002,0.6841656
1747679457.302493,0.16565385,0.20781474,0.33222294,-3.260639,-1.5184002,0.6841656
1747679457.3030539,0.16565385,0.20781474,0.33222294,-3.260639,-1.5184002,0.6841656
1747679457.3036044,0.16565385,0.20781474,0.33222294,-3.260639,-1.5184002,0.6841656
1747679457.3041506,0.16565385,0.20781474,0.33222294,-3.260639,-1.5184002,0.6841656
1747679457.3046753,0.16565385,0.20781474,0.33222294,-3.260639,-1.5184002,0.6841656
1747679457.305194,0.16565385,0.20781474,0.33222294,-3.260639,-1.5184002,0.6841656
1747679457.3057125,0.16565385,0.20781474,0.33222294,-3.260639,-1.5184002,0.6841656
1747679457.3062303,0.16565385,0.20781474,0.33222294,-3.260639,-1.5184002,0.6841656
1747679457.3067484,0.16565385,0.20781474,0.33222294,-3.260639,-1.5184002,0.6841656
1747679457.3072667,0.16565385,0.20781474,0.33222294,-3.260639,-1.5184002,0.6841656
1747679457.3077846,0.16565385,0.20781474,0.33222294,-3.260639,-1.5184002,0.6841656
1747679457.3083026,0.16565385,0.20781474,0.33222294,-3.260639,-1.5184002,0.6841656
1747679457.3088205,0.16565385,0.20781474,0.33222294,-3.260639,-1.5184002,0.6841656
1747679457.3093383,0.16565385,0.20781474,0.33222294,-3.260639,-1.5184002,0.6841656
1747679457.3098562,0.16565385,0.20781474,0.33222294,-3.260639,-1.5184002,0.6841656
1747679457.3103788,0.19884564,0.1018939,0.259982,-3.260639,-1.5184002,0.6841656
1747679457.3109207,0.19884564,0.1018939,0.259982,-3.260639,-1.5184002,0.6841656
1747679457.311458,0.19884564,0.1018939,0.259982,-3.260639,-1.5184002,0.6841656
1747679457.3119822,0.19884564,0.1018939,0.259982,-3.260639,-1.5184002,0.6841656
1747679457.3125024,0.19884564,0.1018939,0.259982,-3.260639,-1.5184002,0.6841656
1747679457.3130226,0.19884564,0.1018939,0.259982,-3.9179065,-0.8568714,0.5744434
1747679457.3135724,0.19884564,0.1018939,0.259982,-3.9179065,-0.8568714,0.5744434
1747679457.3141284,0.19884564,0.1018939,0.259982,-3.9179065,-0.8568714,0.5744434
1747679457.3146815,0.19884564,0.1018939,0.259982,-3.9179065,-0.8568714,0.5744434
1747679457.3152146,0.19884564,0.1018939,0.259982,-3.9179065,-0.8568714,0.5744434
1747679457.3157349,0.19884564,0.1018939,0.259982,-3.9179065,-0.8568714,0.5744434
1747679457.3162532,0.19884564,0.1018939,0.259982,-3.9179065,-0.8568714,0.5744434
1747679457.3167715,0.19884564,0.1018939,0.259982,-3.9179065,-0.8568714,0.5744434
1747679457.31729,0.19884564,0.1018939,0.259982,-3.9179065,-0.8568714,0.5744434
1747679457.3179114,0.19884564,0.1018939,0.259982,-3.9179065,-0.8568714,0.5744434
1747679457.3184667,0.19884564,0.1018939,0.259982,-3.9179065,-0.8568714,0.5744434
1747679457.319015,0.19884564,0.1018939,0.259982,-3.9179065,-0.8568714,0.5744434
1747679457.3195586,0.19884564,0.1018939,0.259982,-3.9179065,-0.8568714,0.5744434
1747679457.3200915,0.19884564,0.1018939,0.259982,-3.9179065,-0.8568714,0.5744434
1747679457.320611,0.19884564,0.1018939,0.259982,-3.9179065,-0.8568714,0.5744434
1747679457.3211296,0.19884564,0.1018939,0.259982,-3.9179065,-0.8568714,0.5744434
1747679457.3216476,0.19884564,0.1018939,0.259982,-3.9179065,-0.8568714,0.5744434
1747679457.3221657,0.19884564,0.1018939,0.259982,-3.9179065,-0.8568714,0.5744434
1747679457.3227403,0.19884564,0.1018939,0.259982,-3.9179065,-0.8568714,0.5744434
1747679457.323288,0.19884564,0.1018939,0.259982,-4.5890226,-0.021704746,0.48070022
1747679457.3238149,0.19884564,0.1018939,0.259982,-4.5890226,-0.021704746,0.48070022
1747679457.324351,0.092924796,-0.03429004,0.3917729,-4.5890226,-0.021704746,0.48070022
1747679457.324888,0.092924796,-0.03429004,0.3917729,-4.5890226,-0.021704746,0.48070022
1747679457.3254108,0.092924796,-0.03429004,0.3917729,-4.5890226,-0.021704746,0.48070022
1747679457.3259294,0.092924796,-0.03429004,0.3917729,-4.5890226,-0.021704746,0.48070022
1747679457.3264477,0.092924796,-0.03429004,0.3917729,-4.5890226,-0.021704746,0.48070022
1747679457.3269658,0.092924796,-0.03429004,0.3917729,-4.5890226,-0.021704746,0.48070022
1747679457.327484,0.092924796,-0.03429004,0.3917729,-4.5890226,-0.021704746,0.48070022
1747679457.328002,0.092924796,-0.03429004,0.3917729,-4.5890226,-0.021704746,0.48070022
1747679457.3285244,0.092924796,-0.03429004,0.3917729,-4.5890226,-0.021704746,0.48070022
1747679457.3290744,0.092924796,-0.03429004,0.3917729,-4.5890226,-0.021704746,0.48070022
1747679457.3296232,0.092924796,-0.03429004,0.3917729,-4.5890226,-0.021704746,0.48070022
1747679457.3301563,0.092924796,-0.03429004,0.3917729,-4.5890226,-0.021704746,0.48070022
1747679457.3306756,0.092924796,-0.03429004,0.3917729,-4.5890226,-0.021704746,0.48070022
1747679457.3311944,0.092924796,-0.03429004,0.3917729,-4.5890226,-0.021704746,0.48070022
1747679457.3317127,0.092924796,-0.03429004,0.3917729,-4.5890226,-0.021704746,0.48070022
1747679457.3322308,0.092924796,-0.03429004,0.3917729,-4.5890226,-0.021704746,0.48070022
1747679457.3328025,0.092924796,-0.03429004,0.3917729,-4.5890226,-0.021704746,0.48070022
1747679457.3334036,-0.11305952,-0.14509204,0.74077475,-5.02365,0.6621945,0.5318329
1747679457.3339593,-0.11305952,-0.14509204,0.74077475,-5.02365,0.6621945,0.5318329
1747679457.3345003,-0.11305952,-0.14509204,0.74077475,-5.02365,0.6621945,0.5318329
1747679457.3350253,-0.11305952,-0.14509204,0.74077475,-5.02365,0.6621945,0.5318329
1747679457.3355439,-0.11305952,-0.14509204,0.74077475,-5.02365,0.6621945,0.5318329
1747679457.3360617,-0.11305952,-0.14509204,0.74077475,-5.02365,0.6621945,0.5318329
1747679457.33658,-0.11305952,-0.14509204,0.74077475,-5.02365,0.6621945,0.5318329
1747679457.3370981,-0.11305952,-0.14509204,0.74077475,-5.02365,0.6621945,0.5318329
1747679457.3376164,-0.11305952,-0.14509204,0.74077475,-5.02365,0.6621945,0.5318329
1747679457.3381345,-0.11305952,-0.14509204,0.74077475,-5.02365,0.6621945,0.5318329
1747679457.3386526,-0.11305952,-0.14509204,0.74077475,-5.02365,0.6621945,0.5318329
1747679457.3391736,-0.11305952,-0.14509204,0.74077475,-5.02365,0.6621945,0.5318329
1747679457.3396933,-0.11305952,-0.14509204,0.74077475,-5.02365,0.6621945,0.5318329
1747679457.340216,-0.11305952,-0.14509204,0.74077475,-5.02365,0.6621945,0.5318329
1747679457.3407354,-0.11305952,-0.14509204,0.74077475,-5.02365,0.6621945,0.5318329
1747679457.3412566,-0.17016892,-0.12556745,0.963355,-5.136568,0.9061399,0.7299719
1747679457.3417788,-0.17016892,-0.12556745,0.963355,-5.136568,0.9061399,0.7299719
1747679457.3422976,-0.17016892,-0.12556745,0.963355,-5.136568,0.9061399,0.7299719
1747679457.3428154,-0.17016892,-0.12556745,0.963355,-5.136568,0.9061399,0.7299719
1747679457.343334,-0.17016892,-0.12556745,0.963355,-5.136568,0.9061399,0.7299719
1747679457.343852,-0.17016892,-0.12556745,0.963355,-5.136568,0.9061399,0.7299719
1747679457.3443968,-0.17016892,-0.12556745,0.963355,-5.136568,0.9061399,0.7299719
1747679457.3449483,-0.17016892,-0.12556745,0.963355,-5.136568,0.9061399,0.7299719
1747679457.3454978,-0.17016892,-0.12556745,0.963355,-5.136568,0.9061399,0.7299719
1747679457.3460312,-0.17016892,-0.12556745,0.963355,-5.136568,0.9061399,0.7299719
1747679457.346551,-0.17016892,-0.12556745,0.963355,-5.136568,0.9061399,0.7299719
1747679457.3470697,-0.17016892,-0.12556745,0.963355,-5.136568,0.9061399,0.7299719
1747679457.3475878,-0.17016892,-0.12556745,0.963355,-5.136568,0.9061399,0.7299719
1747679457.3482468,-0.17016892,-0.12556745,0.963355,-5.136568,0.9061399,0.7299719
1747679457.348811,-0.17016892,-0.12556745,0.963355,-5.136568,0.9061399,0.7299719
1747679457.3493578,-0.17016892,-0.12556745,0.963355,-5.136568,0.9061399,0.7299719
1747679457.3498838,-0.17016892,-0.12556745,0.963355,-5.136568,0.9061399,0.7299719
1747679457.3504026,-0.17016892,-0.12556745,0.963355,-5.136568,0.9061399,0.7299719
1747679457.350921,-0.17016892,-0.12556745,0.963355,-5.136568,0.9061399,0.7299719
1747679457.35144,-0.17016892,-0.12556745,0.963355,-5.136568,0.9061399,0.7299719
1747679457.3519628,-0.17016892,-0.12556745,0.963355,-5.0779786,0.85500723,0.92811096
1747679457.352483,-0.17016892,-0.12556745,0.963355,-5.0779786,0.85500723,0.92811096
1747679457.3530056,-0.096951745,-0.04893348,1.1175991,-5.0779786,0.85500723,0.92811096
1747679457.3535435,-0.096951745,-0.04893348,1.1175991,-5.0779786,0.85500723,0.92811096
1747679457.3540833,-0.096951745,-0.04893348,1.1175991,-5.0779786,0.85500723,0.92811096
1747679457.3546064,-0.096951745,-0.04893348,1.1175991,-5.0779786,0.85500723,0.92811096
1747679457.3551247,-0.096951745,-0.04893348,1.1175991,-5.0779786,0.85500723,0.92811096
1747679457.3556457,-0.096951745,-0.04893348,1.1175991,-5.0779786,0.85500723,0.92811096
1747679457.3561668,-0.096951745,-0.04893348,1.1175991,-5.0779786,0.85500723,0.92811096
1747679457.3566873,-0.096951745,-0.04893348,1.1175991,-5.0779786,0.85500723,0.92811096
1747679457.357208,-0.096951745,-0.04893348,1.1175991,-5.0779786,0.85500723,0.92811096
1747679457.3577287,-0.096951745,-0.04893348,1.1175991,-5.0779786,0.85500723,0.92811096
1747679457.3582492,-0.096951745,-0.04893348,1.1175991,-5.0779786,0.85500723,0.92811096
1747679457.35877,-0.096951745,-0.04893348,1.1175991,-5.0779786,0.85500723,0.92811096
1747679457.3592901,-0.096951745,-0.04893348,1.1175991,-5.0779786,0.85500723,0.92811096
1747679457.3598108,-0.096951745,-0.04893348,1.1175991,-5.0779786,0.85500723,0.92811096
1747679457.3603368,-0.096951745,-0.04893348,1.1175991,-5.0779786,0.85500723,0.92811096
1747679457.3608878,-0.096951745,-0.04893348,1.1175991,-5.0779786,0.85500723,0.92811096
1747679457.3614414,0.0358154,-0.0328257,1.1444455,-5.026846,0.7964177,0.9845699
1747679457.361967,0.0358154,-0.0328257,1.1444455,-5.026846,0.7964177,0.9845699
1747679457.3624923,0.0358154,-0.0328257,1.1444455,-5.026846,0.7964177,0.9845699
1747679457.3630164,0.0358154,-0.0328257,1.1444455,-5.026846,0.7964177,0.9845699
1747679457.3635478,0.0358154,-0.0328257,1.1444455,-5.026846,0.7964177,0.9845699
1747679457.364095,0.0358154,-0.0328257,1.1444455,-5.026846,0.7964177,0.9845699
1747679457.3646379,0.0358154,-0.0328257,1.1444455,-5.026846,0.7964177,0.9845699
1747679457.3651633,0.0358154,-0.0328257,1.1444455,-5.026846,0.7964177,0.9845699
1747679457.3656847,0.0358154,-0.0328257,1.1444455,-5.026846,0.7964177,0.9845699
1747679457.3662057,0.0358154,-0.0328257,1.1444455,-5.026846,0.7964177,0.9845699
1747679457.3667266,0.0358154,-0.0328257,1.1444455,-5.026846,0.7964177,0.9845699
1747679457.367247,0.0358154,-0.0328257,1.1444455,-5.026846,0.7964177,0.9845699
1747679457.367768,0.0358154,-0.0328257,1.1444455,-5.026846,0.7964177,0.9845699
1747679457.3682885,0.0358154,-0.0328257,1.1444455,-5.026846,0.7964177,0.9845699
1747679457.3688095,0.0358154,-0.0328257,1.1444455,-5.026846,0.7964177,0.9845699
1747679457.3693306,0.0358154,-0.0328257,1.1444455,-5.026846,0.7964177,0.9845699
1747679457.3698514,0.0358154,-0.0328257,1.1444455,-5.026846,0.7964177,0.9845699
1747679457.370372,0.0358154,-0.0328257,1.1444455,-5.026846,0.7964177,0.9845699
1747679457.3713908,0.0358154,-0.0328257,1.1444455,-5.026846,0.7964177,0.9845699
1747679457.3719227,0.0358154,-0.0328257,1.1444455,-5.026846,0.7964177,0.9845699
1747679457.372448,0.0358154,-0.0328257,1.1444455,-5.054543,0.78683037,0.88763094
1747679457.372972,0.27059847,-0.05235028,1.0927052,-5.054543,0.78683037,0.88763094
1747679457.3734922,0.27059847,-0.05235028,1.0927052,-5.054543,0.78683037,0.88763094
1747679457.3740103,0.27059847,-0.05235028,1.0927052,-5.054543,0.78683037,0.88763094
1747679457.3745432,0.27059847,-0.05235028,1.0927052,-5.054543,0.78683037,0.88763094
1747679457.3750803,0.27059847,-0.05235028,1.0927052,-5.054543,0.78683037,0.88763094
1747679457.3756032,0.27059847,-0.05235028,1.0927052,-5.054543,0.78683037,0.88763094
1747679457.376126,0.27059847,-0.05235028,1.0927052,-5.054543,0.78683037,0.88763094
1747679457.3766773,0.27059847,-0.05235028,1.0927052,-5.054543,0.78683037,0.88763094
1747679457.3772295,0.27059847,-0.05235028,1.0927052,-5.054543,0.78683037,0.88763094
1747679457.3777623,0.27059847,-0.05235028,1.0927052,-5.054543,0.78683037,0.88763094
1747679457.3782823,0.27059847,-0.05235028,1.0927052,-5.054543,0.78683037,0.88763094
1747679457.3788588,0.27059847,-0.05235028,1.0927052,-5.054543,0.78683037,0.88763094
1747679457.3794148,0.27059847,-0.05235028,1.0927052,-5.054543,0.78683037,0.88763094
1747679457.3800611,0.27059847,-0.05235028,1.0927052,-5.054543,0.78683037,0.88763094
1747679457.380608,0.27059847,-0.05235028,1.0927052,-5.054543,0.78683037,0.88763094
1747679457.381141,0.27059847,-0.05235028,1.0927052,-5.054543,0.78683037,0.88763094
1747679457.381661,0.27059847,-0.05235028,1.0927052,-5.054543,0.78683037,0.88763094
1747679457.3821793,0.27059847,-0.05235028,1.0927052,-5.054543,0.78683037,0.88763094
1747679457.3826976,0.27059847,-0.05235028,1.0927052,-5.054543,0.78683037,0.88763094
1747679457.3832157,0.27059847,-0.05235028,1.0927052,-5.054543,0.78683037,0.88763094
1747679457.383753,0.27059847,-0.05235028,1.0927052,-5.054543,0.78683037,0.88763094
1747679457.3842921,0.50831026,-0.09676869,1.0448701,-5.054543,0.78683037,0.88763094
1747679457.3848155,0.50831026,-0.09676869,1.0448701,-5.054543,0.78683037,0.88763094
1747679457.385337,0.50831026,-0.09676869,1.0448701,-5.262269,0.54608077,0.46472126
1747679457.385857,0.50831026,-0.09676869,1.0448701,-5.262269,0.54608077,0.46472126
1747679457.3863754,0.50831026,-0.09676869,1.0448701,-5.262269,0.54608077,0.46472126
1747679457.3868935,0.50831026,-0.09676869,1.0448701,-5.262269,0.54608077,0.46472126
1747679457.3874114,0.50831026,-0.09676869,1.0448701,-5.262269,0.54608077,0.46472126
1747679457.38793,0.50831026,-0.09676869,1.0448701,-5.262269,0.54608077,0.46472126
1747679457.3884478,0.50831026,-0.09676869,1.0448701,-5.262269,0.54608077,0.46472126
1747679457.3889656,0.50831026,-0.09676869,1.0448701,-5.262269,0.54608077,0.46472126
1747679457.3894858,0.50831026,-0.09676869,1.0448701,-5.262269,0.54608077,0.46472126
1747679457.3900096,0.54247826,-0.11922197,1.1161348,-5.262269,0.54608077,0.46472126
1747679457.3905303,0.54247826,-0.11922197,1.1161348,-5.262269,0.54608077,0.46472126
1747679457.391053,0.54247826,-0.11922197,1.1161348,-5.262269,0.54608077,0.46472126
1747679457.3916032,0.54247826,-0.11922197,1.1161348,-5.262269,0.54608077,0.46472126
1747679457.3921525,0.54247826,-0.11922197,1.1161348,-5.262269,0.54608077,0.46472126
1747679457.3926854,0.54247826,-0.11922197,1.1161348,-5.262269,0.54608077,0.46472126
1747679457.3932083,0.54247826,-0.11922197,1.1161348,-5.4699955,0.009187899,-0.071106344
1747679457.3937285,0.54247826,-0.11922197,1.1161348,-5.4699955,0.009187899,-0.071106344
1747679457.394272,0.54247826,-0.11922197,1.1161348,-5.4699955,0.009187899,-0.071106344
1747679457.3948224,0.54247826,-0.11922197,1.1161348,-5.4699955,0.009187899,-0.071106344
1747679457.3953488,0.54247826,-0.11922197,1.1161348,-5.4699955,0.009187899,-0.071106344
1747679457.3958673,0.54247826,-0.11922197,1.1161348,-5.4699955,0.009187899,-0.071106344
1747679457.396386,0.54247826,-0.11922197,1.1161348,-5.4699955,0.009187899,-0.071106344
1747679457.3969035,0.54247826,-0.11922197,1.1161348,-5.4699955,0.009187899,-0.071106344
1747679457.3974216,0.54247826,-0.11922197,1.1161348,-5.4699955,0.009187899,-0.071106344
1747679457.3979397,0.54247826,-0.11922197,1.1161348,-5.4699955,0.009187899,-0.071106344
1747679457.3984573,0.54247826,-0.11922197,1.1161348,-5.4699955,0.009187899,-0.071106344
1747679457.3989751,0.54247826,-0.11922197,1.1161348,-5.4699955,0.009187899,-0.071106344
1747679457.3994935,0.54247826,-0.11922197,1.1161348,-5.4699955,0.009187899,-0.071106344
1747679457.4000113,0.54247826,-0.11922197,1.1161348,-5.4699955,0.009187899,-0.071106344
1747679457.400533,0.54247826,-0.11922197,1.1161348,-5.4699955,0.009187899,-0.071106344
1747679457.401053,0.54247826,-0.11922197,1.1161348,-5.4699955,0.009187899,-0.071106344
1747679457.4015744,0.38774595,-0.13532975,1.4504932,-5.5530863,-0.7631282,-0.55154026
1747679457.4020948,0.38774595,-0.13532975,1.4504932,-5.5530863,-0.7631282,-0.55154026
1747679457.4026132,0.38774595,-0.13532975,1.4504932,-5.5530863,-0.7631282,-0.55154026
1747679457.4031315,0.38774595,-0.13532975,1.4504932,-5.5530863,-0.7631282,-0.55154026
1747679457.4036672,0.38774595,-0.13532975,1.4504932,-5.5530863,-0.7631282,-0.55154026
1747679457.4042068,0.38774595,-0.13532975,1.4504932,-5.5530863,-0.7631282,-0.55154026
1747679457.40473,0.38774595,-0.13532975,1.4504932,-5.5530863,-0.7631282,-0.55154026
1747679457.405249,0.38774595,-0.13532975,1.4504932,-5.5530863,-0.7631282,-0.55154026
1747679457.405767,0.38774595,-0.13532975,1.4504932,-5.5530863,-0.7631282,-0.55154026
1747679457.406349,0.38774595,-0.13532975,1.4504932,-5.5530863,-0.7631282,-0.55154026
1747679457.4068718,0.38774595,-0.13532975,1.4504932,-5.5530863,-0.7631282,-0.55154026
1747679457.407422,0.38774595,-0.13532975,1.4504932,-5.5530863,-0.7631282,-0.55154026
1747679457.4079745,0.38774595,-0.13532975,1.4504932,-5.5530863,-0.7631282,-0.55154026
1747679457.4085076,0.38774595,-0.13532975,1.4504932,-5.5530863,-0.7631282,-0.55154026
1747679457.409027,0.38774595,-0.13532975,1.4504932,-5.5530863,-0.7631282,-0.55154026
1747679457.4096742,0.38774595,-0.13532975,1.4504932,-5.5530863,-0.7631282,-0.55154026
1747679457.4103684,0.13734321,-0.16364038,1.9220119,-5.293162,-1.622796,-0.7816372
1747679457.4109447,0.13734321,-0.16364038,1.9220119,-5.293162,-1.622796,-0.7816372
1747679457.4114833,0.13734321,-0.16364038,1.9220119,-5.293162,-1.622796,-0.7816372
1747679457.4120038,0.13734321,-0.16364038,1.9220119,-5.293162,-1.622796,-0.7816372
1747679457.412523,0.13734321,-0.16364038,1.9220119,-5.293162,-1.622796,-0.7816372
1747679457.4130414,0.13734321,-0.16364038,1.9220119,-5.293162,-1.622796,-0.7816372
1747679457.4135592,0.13734321,-0.16364038,1.9220119,-5.293162,-1.622796,-0.7816372
1747679457.4140923,0.13734321,-0.16364038,1.9220119,-5.293162,-1.622796,-0.7816372
1747679457.4146302,0.13734321,-0.16364038,1.9220119,-5.293162,-1.622796,-0.7816372
1747679457.4151533,0.13734321,-0.16364038,1.9220119,-5.293162,-1.622796,-0.7816372
1747679457.4156713,0.13734321,-0.16364038,1.9220119,-5.293162,-1.622796,-0.7816372
1747679457.4161892,0.13734321,-0.16364038,1.9220119,-5.293162,-1.622796,-0.7816372
1747679457.416707,0.13734321,-0.16364038,1.9220119,-5.293162,-1.622796,-0.7816372
1747679457.4172251,0.13734321,-0.16364038,1.9220119,-5.293162,-1.622796,-0.7816372
1747679457.4177432,0.13734321,-0.16364038,1.9220119,-5.293162,-1.622796,-0.7816372
1747679457.4182608,0.13734321,-0.16364038,1.9220119,-5.293162,-1.622796,-0.7816372
1747679457.418779,0.13734321,-0.16364038,1.9220119,-5.293162,-1.622796,-0.7816372
1747679457.419297,0.13734321,-0.16364038,1.9220119,-5.293162,-1.622796,-0.7816372
1747679457.419815,0.13734321,-0.16364038,1.9220119,-5.293162,-1.622796,-0.7816372
1747679457.4203331,0.13734321,-0.16364038,1.9220119,-5.293162,-1.622796,-0.7816372
1747679457.4208548,0.13734321,-0.16364038,1.9220119,-5.293162,-1.622796,-0.7816372
1747679457.4213774,-0.060343158,-0.21586864,2.328123,-5.293162,-1.622796,-0.7816372
1747679457.4218976,-0.060343158,-0.21586864,2.328123,-5.293162,-1.622796,-0.7816372
1747679457.422418,-0.060343158,-0.21586864,2.328123,-5.293162,-1.622796,-0.7816372
1747679457.422945,-0.060343158,-0.21586864,2.328123,-4.5197806,-2.26515,-0.6974814
1747679457.4234977,-0.060343158,-0.21586864,2.328123,-4.5197806,-2.26515,-0.6974814
1747679457.424047,-0.060343158,-0.21586864,2.328123,-4.5197806,-2.26515,-0.6974814
1747679457.4245956,-0.060343158,-0.21586864,2.328123,-4.5197806,-2.26515,-0.6974814
1747679457.4251466,-0.060343158,-0.21586864,2.328123,-4.5197806,-2.26515,-0.6974814
1747679457.4256737,-0.060343158,-0.21586864,2.328123,-4.5197806,-2.26515,-0.6974814
1747679457.426193,-0.060343158,-0.21586864,2.328123,-4.5197806,-2.26515,-0.6974814
1747679457.4267118,-0.060343158,-0.21586864,2.328123,-4.5197806,-2.26515,-0.6974814
1747679457.4272301,-0.060343158,-0.21586864,2.328123,-4.5197806,-2.26515,-0.6974814
1747679457.4277487,-0.060343158,-0.21586864,2.328123,-4.5197806,-2.26515,-0.6974814
1747679457.4282663,-0.060343158,-0.21586864,2.328123,-4.5197806,-2.26515,-0.6974814
1747679457.4287841,-0.060343158,-0.21586864,2.328123,-4.5197806,-2.26515,-0.6974814
1747679457.429302,-0.060343158,-0.21586864,2.328123,-4.5197806,-2.26515,-0.6974814
1747679457.4298234,-0.13160788,-0.2485723,2.5004275,-4.5197806,-2.26515,-0.6974814
1747679457.4303436,-0.13160788,-0.2485723,2.5004275,-4.5197806,-2.26515,-0.6974814
1747679457.430864,-0.13160788,-0.2485723,2.5004275,-3.2904663,-2.476072,-0.36085805
1747679457.4313867,-0.13160788,-0.2485723,2.5004275,-3.2904663,-2.476072,-0.36085805
1747679457.431908,-0.13160788,-0.2485723,2.5004275,-3.2904663,-2.476072,-0.36085805
1747679457.4324267,-0.13160788,-0.2485723,2.5004275,-3.2904663,-2.476072,-0.36085805
1747679457.4329453,-0.13160788,-0.2485723,2.5004275,-3.2904663,-2.476072,-0.36085805
1747679457.433463,-0.13160788,-0.2485723,2.5004275,-3.2904663,-2.476072,-0.36085805
1747679457.4339972,-0.13160788,-0.2485723,2.5004275,-3.2904663,-2.476072,-0.36085805
1747679457.4345355,-0.13160788,-0.2485723,2.5004275,-3.2904663,-2.476072,-0.36085805
1747679457.435058,-0.13160788,-0.2485723,2.5004275,-3.2904663,-2.476072,-0.36085805
1747679457.4355767,-0.13160788,-0.2485723,2.5004275,-3.2904663,-2.476072,-0.36085805
1747679457.4360948,-0.13160788,-0.2485723,2.5004275,-3.2904663,-2.476072,-0.36085805
1747679457.4366128,-0.13160788,-0.2485723,2.5004275,-3.2904663,-2.476072,-0.36085805
1747679457.4371753,-0.13160788,-0.2485723,2.5004275,-3.2904663,-2.476072,-0.36085805
1747679457.4376993,-0.13160788,-0.2485723,2.5004275,-3.2904663,-2.476072,-0.36085805
1747679457.43825,-0.13160788,-0.2485723,2.5004275,-3.2904663,-2.476072,-0.36085805
1747679457.4388022,-0.13160788,-0.2485723,2.5004275,-3.2904663,-2.476072,-0.36085805
1747679457.4393356,-0.13160788,-0.2485723,2.5004275,-3.2904663,-2.476072,-0.36085805
1747679457.4400883,-0.13160788,-0.2485723,2.5004275,-3.2904663,-2.476072,-0.36085805
1747679457.4406545,-0.13160788,-0.2485723,2.5004275,-3.2904663,-2.476072,-0.36085805
1747679457.4411929,-0.13160788,-0.2485723,2.5004275,-3.2904663,-2.476072,-0.36085805
1747679457.4417124,-0.13160788,-0.2485723,2.5004275,-3.2904663,-2.476072,-0.36085805
1747679457.4422364,-0.04472349,-0.18316497,2.3866968,-1.9578214,-2.46755,0.058855817
1747679457.442757,-0.04472349,-0.18316497,2.3866968,-1.9578214,-2.46755,0.058855817
1747679457.4432752,-0.04472349,-0.18316497,2.3866968,-1.9578214,-2.46755,0.058855817
1747679457.4437933,-0.04472349,-0.18316497,2.3866968,-1.9578214,-2.46755,0.058855817
1747679457.4443274,-0.04472349,-0.18316497,2.3866968,-1.9578214,-2.46755,0.058855817
1747679457.444867,-0.04472349,-0.18316497,2.3866968,-1.9578214,-2.46755,0.058855817
1747679457.4453895,-0.04472349,-0.18316497,2.3866968,-1.9578214,-2.46755,0.058855817
1747679457.4459083,-0.04472349,-0.18316497,2.3866968,-1.9578214,-2.46755,0.058855817
1747679457.4464266,-0.04472349,-0.18316497,2.3866968,-1.9578214,-2.46755,0.058855817
1747679457.446945,-0.04472349,-0.18316497,2.3866968,-1.9578214,-2.46755,0.058855817
1747679457.4474633,-0.04472349,-0.18316497,2.3866968,-1.9578214,-2.46755,0.058855817
1747679457.4479814,-0.04472349,-0.18316497,2.3866968,-1.9578214,-2.46755,0.058855817
1747679457.4484994,-0.04472349,-0.18316497,2.3866968,-1.9578214,-2.46755,0.058855817
1747679457.4490173,-0.04472349,-0.18316497,2.3866968,-1.9578214,-2.46755,0.058855817
1747679457.4495351,-0.04472349,-0.18316497,2.3866968,-1.9578214,-2.46755,0.058855817
1747679457.4500532,-0.04472349,-0.18316497,2.3866968,-1.9578214,-2.46755,0.058855817
1747679457.4505713,-0.04472349,-0.18316497,2.3866968,-1.9578214,-2.46755,0.058855817
1747679457.4510894,-0.04472349,-0.18316497,2.3866968,-1.9578214,-2.46755,0.058855817
1747679457.4516072,-0.04472349,-0.18316497,2.3866968,-1.9578214,-2.46755,0.058855817
1747679457.4521296,0.10366331,-0.06748183,2.0005982,-0.98949677,-2.430266,0.2410159
1747679457.4526503,0.10366331,-0.06748183,2.0005982,-0.98949677,-2.430266,0.2410159
1747679457.4531713,0.10366331,-0.06748183,2.0005982,-0.98949677,-2.430266,0.2410159
1747679457.4537184,0.10366331,-0.06748183,2.0005982,-0.98949677,-2.430266,0.2410159
1747679457.4542704,0.10366331,-0.06748183,2.0005982,-0.98949677,-2.430266,0.2410159
1747679457.4548264,0.10366331,-0.06748183,2.0005982,-0.98949677,-2.430266,0.2410159
1747679457.4553735,0.10366331,-0.06748183,2.0005982,-0.98949677,-2.430266,0.2410159
1747679457.4559076,0.10366331,-0.06748183,2.0005982,-0.98949677,-2.430266,0.2410159
1747679457.4564362,0.10366331,-0.06748183,2.0005982,-0.98949677,-2.430266,0.2410159
1747679457.4569583,0.10366331,-0.06748183,2.0005982,-0.98949677,-2.430266,0.2410159
1747679457.4574795,0.10366331,-0.06748183,2.0005982,-0.98949677,-2.430266,0.2410159
1747679457.458001,0.10366331,-0.06748183,2.0005982,-0.98949677,-2.430266,0.2410159
1747679457.4585218,0.10366331,-0.06748183,2.0005982,-0.98949677,-2.430266,0.2410159
1747679457.4590428,0.10366331,-0.06748183,2.0005982,-0.98949677,-2.430266,0.2410159
1747679457.4595754,0.10366331,-0.06748183,2.0005982,-0.98949677,-2.430266,0.2410159
1747679457.460118,0.10366331,-0.06748183,2.0005982,-0.98949677,-2.430266,0.2410159
1747679457.4606426,0.10366331,-0.06748183,2.0005982,-0.98949677,-2.430266,0.2410159
1747679457.4611635,0.10366331,-0.06748183,2.0005982,-0.98949677,-2.430266,0.2410159
1747679457.4616847,0.10366331,-0.06748183,2.0005982,-0.98949677,-2.430266,0.2410159
1747679457.4622056,0.10366331,-0.06748183,2.0005982,-0.98949677,-2.430266,0.2410159
1747679457.4627304,0.10366331,-0.06748183,2.0005982,-0.98949677,-2.430266,0.2410159
1747679457.4632692,0.10366331,-0.06748183,2.0005982,-0.98949677,-2.430266,0.2410159
1747679457.46381,0.10366331,-0.06748183,2.0005982,-0.98949677,-2.430266,0.2410159
1747679457.4643385,0.10366331,-0.06748183,2.0005982,-0.98949677,-2.430266,0.2410159
1747679457.464867,0.15149854,0.0062234597,1.7345759,-0.6539387,-2.4238741,0.27084327
1747679457.4653897,0.15149854,0.0062234597,1.7345759,-0.6539387,-2.4238741,0.27084327
1747679457.4659107,0.15149854,0.0062234597,1.7345759,-0.6539387,-2.4238741,0.27084327
1747679457.466444,0.15149854,0.0062234597,1.7345759,-0.6539387,-2.4238741,0.27084327
1747679457.4669917,0.15149854,0.0062234597,1.7345759,-0.6539387,-2.4238741,0.27084327
1747679457.4675379,0.15149854,0.0062234597,1.7345759,-0.6539387,-2.4238741,0.27084327
1747679457.468083,0.15149854,0.0062234597,1.7345759,-0.6539387,-2.4238741,0.27084327
1747679457.4686325,0.15149854,0.0062234597,1.7345759,-0.6539387,-2.4238741,0.27084327
1747679457.4691706,0.15149854,0.0062234597,1.7345759,-0.6539387,-2.4238741,0.27084327
1747679457.4702098,0.15149854,0.0062234597,1.7345759,-0.6539387,-2.4238741,0.27084327
1747679457.4707797,0.15149854,0.0062234597,1.7345759,-0.6539387,-2.4238741,0.27084327
1747679457.4713907,0.15149854,0.0062234597,1.7345759,-0.6539387,-2.4238741,0.27084327
1747679457.4720259,0.15149854,0.0062234597,1.7345759,-0.52078074,-2.2981732,0.28043064
1747679457.4725807,0.15149854,0.0062234597,1.7345759,-0.52078074,-2.2981732,0.28043064
1747679457.4731233,0.15149854,0.0062234597,1.7345759,-0.52078074,-2.2981732,0.28043064
1747679457.4736588,0.15149854,0.0062234597,1.7345759,-0.52078074,-2.2981732,0.28043064
1747679457.4742124,0.23984726,0.11116808,1.2440208,-0.52078074,-2.2981732,0.28043064
1747679457.4747567,0.23984726,0.11116808,1.2440208,-0.52078074,-2.2981732,0.28043064
1747679457.4753132,0.23984726,0.11116808,1.2440208,-0.52078074,-2.2981732,0.28043064
1747679457.4758568,0.23984726,0.11116808,1.2440208,-0.52078074,-2.2981732,0.28043064
1747679457.4763958,0.23984726,0.11116808,1.2440208,-0.52078074,-2.2981732,0.28043064
1747679457.4769347,0.23984726,0.11116808,1.2440208,-0.52078074,-2.2981732,0.28043064
1747679457.4774814,0.23984726,0.11116808,1.2440208,-0.52078074,-2.2981732,0.28043064
1747679457.4780285,0.23984726,0.11116808,1.2440208,-0.52078074,-2.2981732,0.28043064
1747679457.4785774,0.23984726,0.11116808,1.2440208,-0.52078074,-2.2981732,0.28043064
1747679457.4791214,0.23984726,0.11116808,1.2440208,-0.52078074,-2.2981732,0.28043064
1747679457.4796605,0.23984726,0.11116808,1.2440208,-0.52078074,-2.2981732,0.28043064
1747679457.4801853,0.23984726,0.11116808,1.2440208,-0.52078074,-2.2981732,0.28043064
1747679457.480704,0.23984726,0.11116808,1.2440208,-0.52078074,-2.2981732,0.28043064
1747679457.4812222,0.23984726,0.11116808,1.2440208,-0.52078074,-2.2981732,0.28043064
1747679457.4817402,0.23984726,0.11116808,1.2440208,-0.52078074,-2.2981732,0.28043064
1747679457.482258,0.23984726,0.11116808,1.2440208,-0.52078074,-2.2981732,0.28043064
1747679457.482776,0.23984726,0.11116808,1.2440208,-0.52078074,-2.2981732,0.28043064
1747679457.4832938,0.23984726,0.11116808,1.2440208,-0.52078074,-2.2981732,0.28043064
1747679457.4838257,0.23984726,0.11116808,1.2440208,-0.52078074,-2.2981732,0.28043064
1747679457.4843671,0.23984726,0.11116808,1.2440208,-0.52078074,-2.2981732,0.28043064
1747679457.484896,0.23984726,0.11116808,1.2440208,-0.9948231,-2.1511667,0.19520956
1747679457.4854686,0.23984726,0.11116808,1.2440208,-0.9948231,-2.1511667,0.19520956
1747679457.4860988,0.38774595,0.15363403,0.91210294,-0.9948231,-2.1511667,0.19520956
1747679457.4866526,0.38774595,0.15363403,0.91210294,-0.9948231,-2.1511667,0.19520956
1747679457.4871857,0.38774595,0.15363403,0.91210294,-0.9948231,-2.1511667,0.19520956
1747679457.4877057,0.38774595,0.15363403,0.91210294,-0.9948231,-2.1511667,0.19520956
1747679457.4882243,0.38774595,0.15363403,0.91210294,-0.9948231,-2.1511667,0.19520956
1747679457.4887424,0.38774595,0.15363403,0.91210294,-0.9948231,-2.1511667,0.19520956
1747679457.489261,0.38774595,0.15363403,0.91210294,-0.9948231,-2.1511667,0.19520956
1747679457.4897795,0.38774595,0.15363403,0.91210294,-0.9948231,-2.1511667,0.19520956
1747679457.4902976,0.38774595,0.15363403,0.91210294,-0.9948231,-2.1511667,0.19520956
1747679457.4908156,0.38774595,0.15363403,0.91210294,-0.9948231,-2.1511667,0.19520956
1747679457.491334,0.38774595,0.15363403,0.91210294,-0.9948231,-2.1511667,0.19520956
1747679457.491852,0.38774595,0.15363403,0.91210294,-0.9948231,-2.1511667,0.19520956
1747679457.4923701,0.38774595,0.15363403,0.91210294,-0.9948231,-2.1511667,0.19520956
1747679457.4928887,0.38774595,0.15363403,0.91210294,-0.9948231,-2.1511667,0.19520956
1747679457.4934068,0.38774595,0.15363403,0.91210294,-0.9948231,-2.1511667,0.19520956
1747679457.4939423,0.38774595,0.15363403,0.91210294,-0.9948231,-2.1511667,0.19520956
1747679457.4944878,0.38774595,0.15363403,0.91210294,-0.9948231,-2.1511667,0.19520956
1747679457.495012,0.38774595,0.15363403,0.91210294,-0.9948231,-2.1511667,0.19520956
1747679457.4955359,0.47560656,0.17559919,0.852553,-1.6627433,-2.035053,-0.00079894776
1747679457.496059,0.47560656,0.17559919,0.852553,-1.6627433,-2.035053,-0.00079894776
1747679457.496579,0.47560656,0.17559919,0.852553,-1.6627433,-2.035053,-0.00079894776
1747679457.4970973,0.47560656,0.17559919,0.852553,-1.6627433,-2.035053,-0.00079894776
1747679457.497615,0.47560656,0.17559919,0.852553,-1.6627433,-2.035053,-0.00079894776
1747679457.4981332,0.47560656,0.17559919,0.852553,-1.6627433,-2.035053,-0.00079894776
1747679457.4986532,0.47560656,0.17559919,0.852553,-1.6627433,-2.035053,-0.00079894776
1747679457.4991722,0.47560656,0.17559919,0.852553,-1.6627433,-2.035053,-0.00079894776
1747679457.4996905,0.47560656,0.17559919,0.852553,-1.6627433,-2.035053,-0.00079894776
1747679457.5002131,0.47560656,0.17559919,0.852553,-1.6627433,-2.035053,-0.00079894776
1747679457.5012305,0.47560656,0.17559919,0.852553,-1.6627433,-2.035053,-0.00079894776
1747679457.501797,0.47560656,0.17559919,0.852553,-1.6627433,-2.035053,-0.00079894776
1747679457.502363,0.47560656,0.17559919,0.852553,-1.6627433,-2.035053,-0.00079894776
1747679457.5029287,0.47560656,0.17559919,0.852553,-1.6627433,-2.035053,-0.00079894776
1747679457.5034928,0.47560656,0.17559919,0.852553,-1.6627433,-2.035053,-0.00079894776
1747679457.504054,0.47560656,0.17559919,0.852553,-1.6627433,-2.035053,-0.00079894776
1747679457.5046005,0.47560656,0.17559919,0.852553,-1.6627433,-2.035053,-0.00079894776
1747679457.5051253,0.47560656,0.17559919,0.852553,-1.6627433,-2.035053,-0.00079894776
1747679457.5056446,0.47560656,0.17559919,0.852553,-1.6627433,-2.035053,-0.00079894776
1747679457.506168,0.4419267,0.15216969,1.0194881,-1.6627433,-2.035053,-0.00079894776
1747679457.5066912,0.4419267,0.15216969,1.0194881,-2.2869878,-1.8145435,-0.19787273
1747679457.507212,0.4419267,0.15216969,1.0194881,-2.2869878,-1.8145435,-0.19787273
1747679457.5077305,0.4419267,0.15216969,1.0194881,-2.2869878,-1.8145435,-0.19787273
1747679457.5082488,0.4419267,0.15216969,1.0194881,-2.2869878,-1.8145435,-0.19787273
1747679457.508767,0.4419267,0.15216969,1.0194881,-2.2869878,-1.8145435,-0.19787273
1747679457.5092857,0.4419267,0.15216969,1.0194881,-2.2869878,-1.8145435,-0.19787273
1747679457.5098038,0.4419267,0.15216969,1.0194881,-2.2869878,-1.8145435,-0.19787273
1747679457.5103216,0.4419267,0.15216969,1.0194881,-2.2869878,-1.8145435,-0.19787273
1747679457.5108397,0.4419267,0.15216969,1.0194881,-2.2869878,-1.8145435,-0.19787273
1747679457.5113583,0.4419267,0.15216969,1.0194881,-2.2869878,-1.8145435,-0.19787273
1747679457.5118792,0.4419267,0.15216969,1.0194881,-2.2869878,-1.8145435,-0.19787273
1747679457.5124009,0.4419267,0.15216969,1.0194881,-2.2869878,-1.8145435,-0.19787273
1747679457.5129206,0.4419267,0.15216969,1.0194881,-2.2869878,-1.8145435,-0.19787273
1747679457.513441,0.4419267,0.15216969,1.0194881,-2.2869878,-1.8145435,-0.19787273
1747679457.5139601,0.4419267,0.15216969,1.0194881,-2.2869878,-1.8145435,-0.19787273
1747679457.5144975,0.36138776,0.089691035,1.3221191,-2.6608953,-1.4864422,-0.2692454
1747679457.5150368,0.36138776,0.089691035,1.3221191,-2.6608953,-1.4864422,-0.2692454
1747679457.5155604,0.36138776,0.089691035,1.3221191,-2.6608953,-1.4864422,-0.2692454
1747679457.5160978,0.36138776,0.089691035,1.3221191,-2.6608953,-1.4864422,-0.2692454
1747679457.5166495,0.36138776,0.089691035,1.3221191,-2.6608953,-1.4864422,-0.2692454
1747679457.517202,0.36138776,0.089691035,1.3221191,-2.6608953,-1.4864422,-0.2692454
1747679457.517735,0.36138776,0.089691035,1.3221191,-2.6608953,-1.4864422,-0.2692454
1747679457.5182548,0.36138776,0.089691035,1.3221191,-2.6608953,-1.4864422,-0.2692454
1747679457.5187736,0.36138776,0.089691035,1.3221191,-2.6608953,-1.4864422,-0.2692454
1747679457.5192919,0.36138776,0.089691035,1.3221191,-2.6608953,-1.4864422,-0.2692454
1747679457.51981,0.36138776,0.089691035,1.3221191,-2.6608953,-1.4864422,-0.2692454
1747679457.5203283,0.36138776,0.089691035,1.3221191,-2.6608953,-1.4864422,-0.2692454
1747679457.5208466,0.36138776,0.089691035,1.3221191,-2.6608953,-1.4864422,-0.2692454
1747679457.5213668,0.36138776,0.089691035,1.3221191,-2.6608953,-1.4864422,-0.2692454
1747679457.5218916,0.36138776,0.089691035,1.3221191,-2.7088323,-1.2201264,-0.24794011
1747679457.5224135,0.36138776,0.089691035,1.3221191,-2.7088323,-1.2201264,-0.24794011
1747679457.5229352,0.36138776,0.089691035,1.3221191,-2.7088323,-1.2201264,-0.24794011
1747679457.523458,0.29158738,0.0057353457,1.5832604,-2.7088323,-1.2201264,-0.24794011
1747679457.5239952,0.29158738,0.0057353457,1.5832604,-2.7088323,-1.2201264,-0.24794011
1747679457.5245411,0.29158738,0.0057353457,1.5832604,-2.7088323,-1.2201264,-0.24794011
1747679457.5250657,0.29158738,0.0057353457,1.5832604,-2.7088323,-1.2201264,-0.24794011
1747679457.5255845,0.29158738,0.0057353457,1.5832604,-2.7088323,-1.2201264,-0.24794011
1747679457.5261025,0.29158738,0.0057353457,1.5832604,-2.7088323,-1.2201264,-0.24794011
1747679457.5266204,0.29158738,0.0057353457,1.5832604,-2.7088323,-1.2201264,-0.24794011
1747679457.527138,0.29158738,0.0057353457,1.5832604,-2.7088323,-1.2201264,-0.24794011
1747679457.5276558,0.29158738,0.0057353457,1.5832604,-2.7088323,-1.2201264,-0.24794011
1747679457.5281742,0.29158738,0.0057353457,1.5832604,-2.7088323,-1.2201264,-0.24794011
1747679457.5286918,0.29158738,0.0057353457,1.5832604,-2.7088323,-1.2201264,-0.24794011
1747679457.5292294,0.29158738,0.0057353457,1.5832604,-2.7088323,-1.2201264,-0.24794011
1747679457.5297723,0.2583956,-0.013789235,1.7872924,-2.4425163,-1.0081389,-0.17443693
1747679457.5302942,0.2583956,-0.013789235,1.7872924,-2.4425163,-1.0081389,-0.17443693
1747679457.530816,0.2583956,-0.013789235,1.7872924,-2.4425163,-1.0081389,-0.17443693
1747679457.53144,0.2583956,-0.013789235,1.7872924,-2.4425163,-1.0081389,-0.17443693
1747679457.533076,0.2583956,-0.013789235,1.7872924,-2.4425163,-1.0081389,-0.17443693
1747679457.5336215,0.2583956,-0.013789235,1.7872924,-2.4425163,-1.0081389,-0.17443693
1747679457.5341709,0.2583956,-0.013789235,1.7872924,-2.4425163,-1.0081389,-0.17443693
1747679457.5347168,0.2583956,-0.013789235,1.7872924,-2.4425163,-1.0081389,-0.17443693
1747679457.5352414,0.2583956,-0.013789235,1.7872924,-2.4425163,-1.0081389,-0.17443693
1747679457.5357604,0.2583956,-0.013789235,1.7872924,-2.4425163,-1.0081389,-0.17443693
1747679457.5362792,0.2583956,-0.013789235,1.7872924,-2.4425163,-1.0081389,-0.17443693
1747679457.5367973,0.2583956,-0.013789235,1.7872924,-2.4425163,-1.0081389,-0.17443693
1747679457.5373154,0.2583956,-0.013789235,1.7872924,-2.4425163,-1.0081389,-0.17443693
1747679457.5378335,0.2583956,-0.013789235,1.7872924,-2.4425163,-1.0081389,-0.17443693
1747679457.5383515,0.2583956,-0.013789235,1.7872924,-2.4425163,-1.0081389,-0.17443693
1747679457.5388699,0.2583956,-0.013789235,1.7872924,-2.4425163,-1.0081389,-0.17443693
1747679457.539392,0.2583956,-0.013789235,1.7872924,-1.9855182,-0.9367662,-0.094542146
1747679457.5399125,0.2583956,-0.013789235,1.7872924,-1.9855182,-0.9367662,-0.094542146
1747679457.5404305,0.2583956,-0.013789235,1.7872924,-1.9855182,-0.9367662,-0.094542146
1747679457.5409484,0.2583956,-0.013789235,1.7872924,-1.9855182,-0.9367662,-0.094542146
1747679457.5414684,0.2583956,-0.013789235,1.7872924,-1.9855182,-0.9367662,-0.094542146
1747679457.5419924,0.26230052,0.026236152,1.884427,-1.9855182,-0.9367662,-0.094542146
1747679457.5425127,0.26230052,0.026236152,1.884427,-1.9855182,-0.9367662,-0.094542146
1747679457.543031,0.26230052,0.026236152,1.884427,-1.9855182,-0.9367662,-0.094542146
1747679457.543565,0.26230052,0.026236152,1.884427,-1.9855182,-0.9367662,-0.094542146
1747679457.5441027,0.26230052,0.026236152,1.884427,-1.9855182,-0.9367662,-0.094542146
1747679457.5446258,0.26230052,0.026236152,1.884427,-1.9855182,-0.9367662,-0.094542146
1747679457.5451446,0.26230052,0.026236152,1.884427,-1.9855182,-0.9367662,-0.094542146
1747679457.5456629,0.26230052,0.026236152,1.884427,-1.9855182,-0.9367662,-0.094542146
1747679457.5461814,0.26230052,0.026236152,1.884427,-1.9855182,-0.9367662,-0.094542146
1747679457.5467217,0.26230052,0.026236152,1.884427,-1.9855182,-0.9367662,-0.094542146
1747679457.5472713,0.26230052,0.026236152,1.884427,-1.9855182,-0.9367662,-0.094542146
1747679457.5478313,0.26230052,0.026236152,1.884427,-1.9855182,-0.9367662,-0.094542146
1747679457.5483842,0.26230052,0.026236152,1.884427,-1.9855182,-0.9367662,-0.094542146
1747679457.5489175,0.26230052,0.026236152,1.884427,-1.9855182,-0.9367662,-0.094542146
1747679457.5494375,0.26230052,0.026236152,1.884427,-1.9855182,-0.9367662,-0.094542146
1747679457.549956,0.26230052,0.026236152,1.884427,-1.9855182,-0.9367662,-0.094542146
1747679457.5505285,0.298421,0.060892284,1.8429374,-1.5136064,-0.95061463,-0.060453713
1747679457.5510714,0.298421,0.060892284,1.8429374,-1.5136064,-0.95061463,-0.060453713
1747679457.5515957,0.298421,0.060892284,1.8429374,-1.5136064,-0.95061463,-0.060453713
1747679457.5521164,0.298421,0.060892284,1.8429374,-1.5136064,-0.95061463,-0.060453713
1747679457.552636,0.298421,0.060892284,1.8429374,-1.5136064,-0.95061463,-0.060453713
1747679457.5531545,0.298421,0.060892284,1.8429374,-1.5136064,-0.95061463,-0.060453713
1747679457.553687,0.298421,0.060892284,1.8429374,-1.5136064,-0.95061463,-0.060453713
1747679457.554225,0.298421,0.060892284,1.8429374,-1.5136064,-0.95061463,-0.060453713
1747679457.5547476,0.298421,0.060892284,1.8429374,-1.5136064,-0.95061463,-0.060453713
1747679457.5552664,0.298421,0.060892284,1.8429374,-1.5136064,-0.95061463,-0.060453713
1747679457.5557873,0.298421,0.060892284,1.8429374,-1.5136064,-0.95061463,-0.060453713
1747679457.5563083,0.298421,0.060892284,1.8429374,-1.5136064,-0.95061463,-0.060453713
1747679457.556829,0.298421,0.060892284,1.8429374,-1.5136064,-0.95061463,-0.060453713
1747679457.55735,0.298421,0.060892284,1.8429374,-1.5136064,-0.95061463,-0.060453713
1747679457.5578704,0.298421,0.060892284,1.8429374,-1.5136064,-0.95061463,-0.060453713
1747679457.558391,0.298421,0.060892284,1.8429374,-1.5136064,-0.95061463,-0.060453713
1747679457.5589118,0.298421,0.060892284,1.8429374,-1.5136064,-0.95061463,-0.060453713
1747679457.5594323,0.298421,0.060892284,1.8429374,-1.5136064,-0.95061463,-0.060453713
1747679457.559953,0.298421,0.060892284,1.8429374,-1.5136064,-0.95061463,-0.060453713
1747679457.5604737,0.298421,0.060892284,1.8429374,-1.5136064,-0.95061463,-0.060453713
1747679457.5609941,0.298421,0.060892284,1.8429374,-1.5136064,-0.95061463,-0.060453713
1747679457.5615144,0.298421,0.060892284,1.8429374,-1.5136064,-0.95061463,-0.060453713
1747679457.562288,0.298421,0.060892284,1.8429374,-1.5136064,-0.95061463,-0.060453713
1747679457.5628502,0.298421,0.060892284,1.8429374,-1.5136064,-0.95061463,-0.060453713
1747679457.5639021,0.3350296,0.063820966,1.7204206,-1.5136064,-0.95061463,-0.060453713
1747679457.5644732,0.3350296,0.063820966,1.7204206,-1.2920316,-0.97937673,-0.06791056
1747679457.5650249,0.3350296,0.063820966,1.7204206,-1.2920316,-0.97937673,-0.06791056
1747679457.5655508,0.3350296,0.063820966,1.7204206,-1.2920316,-0.97937673,-0.06791056
1747679457.566072,0.3350296,0.063820966,1.7204206,-1.2920316,-0.97937673,-0.06791056
1747679457.566593,0.3350296,0.063820966,1.7204206,-1.2920316,-0.97937673,-0.06791056
1747679457.5671144,0.3350296,0.063820966,1.7204206,-1.2920316,-0.97937673,-0.06791056
1747679457.5676353,0.3350296,0.063820966,1.7204206,-1.2920316,-0.97937673,-0.06791056
1747679457.568156,0.3350296,0.063820966,1.7204206,-1.2920316,-0.97937673,-0.06791056
1747679457.568677,0.3350296,0.063820966,1.7204206,-1.2920316,-0.97937673,-0.06791056
1747679457.569198,0.3350296,0.063820966,1.7204206,-1.2920316,-0.97937673,-0.06791056
1747679457.5697186,0.3350296,0.063820966,1.7204206,-1.2920316,-0.97937673,-0.06791056
1747679457.570239,0.3350296,0.063820966,1.7204206,-1.2920316,-0.97937673,-0.06791056
1747679457.5707624,0.3350296,0.063820966,1.7204206,-1.2920316,-0.97937673,-0.06791056
1747679457.571281,0.3350296,0.063820966,1.7204206,-1.2920316,-0.97937673,-0.06791056
1747679457.5718126,0.3350296,0.063820966,1.7204206,-1.2920316,-0.97937673,-0.06791056
1747679457.5723333,0.3350296,0.063820966,1.7204206,-1.2920316,-0.97937673,-0.06791056
1747679457.572852,0.3350296,0.063820966,1.7204206,-1.2920316,-0.97937673,-0.06791056
1747679457.5733738,0.3350296,0.063820966,1.7204206,-1.2920316,-0.97937673,-0.06791056
1747679457.5738938,0.3350296,0.063820966,1.7204206,-1.2920316,-0.97937673,-0.06791056
1747679457.5744302,0.38091236,0.0647972,1.54714,-1.0736526,-1.0092041,-0.11158637
1747679457.5749686,0.38091236,0.0647972,1.54714,-1.0736526,-1.0092041,-0.11158637
1747679457.5754917,0.38091236,0.0647972,1.54714,-1.0736526,-1.0092041,-0.11158637
1747679457.5760105,0.38091236,0.0647972,1.54714,-1.0736526,-1.0092041,-0.11158637
1747679457.5765288,0.38091236,0.0647972,1.54714,-1.0736526,-1.0092041,-0.11158637
1747679457.577047,0.38091236,0.0647972,1.54714,-1.0736526,-1.0092041,-0.11158637
1747679457.5775807,0.38091236,0.0647972,1.54714,-1.0736526,-1.0092041,-0.11158637
1747679457.578122,0.38091236,0.0647972,1.54714,-1.0736526,-1.0092041,-0.11158637
1747679457.5786474,0.38091236,0.0647972,1.54714,-1.0736526,-1.0092041,-0.11158637
1747679457.5791693,0.38091236,0.0647972,1.54714,-1.0736526,-1.0092041,-0.11158637
1747679457.5797205,0.38091236,0.0647972,1.54714,-1.0736526,-1.0092041,-0.11158637
1747679457.580273,0.38091236,0.0647972,1.54714,-1.0736526,-1.0092041,-0.11158637
1747679457.5808058,0.38091236,0.0647972,1.54714,-1.0736526,-1.0092041,-0.11158637
1747679457.5813258,0.38091236,0.0647972,1.54714,-1.0736526,-1.0092041,-0.11158637
1747679457.5818446,0.38091236,0.0647972,1.54714,-1.0736526,-1.0092041,-0.11158637
1747679457.582363,0.38091236,0.0647972,1.54714,-1.0736526,-1.0092041,-0.11158637
1747679457.5828867,0.42386642,0.0716308,1.4480526,-1.0885663,-1.0209221,-0.17550218
1747679457.5834076,0.42386642,0.0716308,1.4480526,-1.0885663,-1.0209221,-0.17550218
1747679457.5839427,0.42386642,0.0716308,1.4480526,-1.0885663,-1.0209221,-0.17550218
1747679457.5844886,0.42386642,0.0716308,1.4480526,-1.0885663,-1.0209221,-0.17550218
1747679457.5850132,0.42386642,0.0716308,1.4480526,-1.0885663,-1.0209221,-0.17550218
1747679457.585532,0.42386642,0.0716308,1.4480526,-1.0885663,-1.0209221,-0.17550218
1747679457.5860498,0.42386642,0.0716308,1.4480526,-1.0885663,-1.0209221,-0.17550218
1747679457.5865679,0.42386642,0.0716308,1.4480526,-1.0885663,-1.0209221,-0.17550218
1747679457.587086,0.42386642,0.0716308,1.4480526,-1.0885663,-1.0209221,-0.17550218
1747679457.5876043,0.42386642,0.0716308,1.4480526,-1.0885663,-1.0209221,-0.17550218
1747679457.5881224,0.42386642,0.0716308,1.4480526,-1.0885663,-1.0209221,-0.17550218
1747679457.5886405,0.42386642,0.0716308,1.4480526,-1.0885663,-1.0209221,-0.17550218
1747679457.5891583,0.42386642,0.0716308,1.4480526,-1.0885663,-1.0209221,-0.17550218
1747679457.5896761,0.42386642,0.0716308,1.4480526,-1.0885663,-1.0209221,-0.17550218
1747679457.590194,0.42386642,0.0716308,1.4480526,-1.0885663,-1.0209221,-0.17550218
1747679457.5907116,0.42386642,0.0716308,1.4480526,-1.0885663,-1.0209221,-0.17550218
1747679457.5912294,0.42386642,0.0716308,1.4480526,-1.0885663,-1.0209221,-0.17550218
1747679457.5917473,0.42386642,0.0716308,1.4480526,-1.0885663,-1.0209221,-0.17550218
1747679457.5922651,0.42386642,0.0716308,1.4480526,-1.0885663,-1.0209221,-0.17550218
1747679457.5928404,0.42386642,0.0716308,1.4480526,-1.0885663,-1.0209221,-0.17550218
1747679457.5933976,0.42386642,0.0716308,1.4480526,-1.0885663,-1.0209221,-0.17550218
1747679457.5948396,0.48195204,0.089691035,1.4739227,-1.2014842,-1.03264,-0.28842014
1747679457.5953887,0.48195204,0.089691035,1.4739227,-1.2014842,-1.03264,-0.28842014
1747679457.595914,0.48195204,0.089691035,1.4739227,-1.2014842,-1.03264,-0.28842014
1747679457.5964332,0.48195204,0.089691035,1.4739227,-1.2014842,-1.03264,-0.28842014
1747679457.5969515,0.48195204,0.089691035,1.4739227,-1.2014842,-1.03264,-0.28842014
1747679457.5974698,0.48195204,0.089691035,1.4739227,-1.2014842,-1.03264,-0.28842014
1747679457.597992,0.48195204,0.089691035,1.4739227,-1.2014842,-1.03264,-0.28842014
1747679457.5985138,0.48195204,0.089691035,1.4739227,-1.2014842,-1.03264,-0.28842014
1747679457.5990336,0.48195204,0.089691035,1.4739227,-1.2014842,-1.03264,-0.28842014
1747679457.599552,0.48195204,0.089691035,1.4739227,-1.2014842,-1.03264,-0.28842014
1747679457.60007,0.48195204,0.089691035,1.4739227,-1.2014842,-1.03264,-0.28842014
1747679457.600588,0.48195204,0.089691035,1.4739227,-1.2014842,-1.03264,-0.28842014
1747679457.601106,0.48195204,0.089691035,1.4739227,-1.2014842,-1.03264,-0.28842014
1747679457.6016235,0.48195204,0.089691035,1.4739227,-1.2014842,-1.03264,-0.28842014
1747679457.6021411,0.48195204,0.089691035,1.4739227,-1.2014842,-1.03264,-0.28842014
1747679457.6026623,0.4873213,0.083833665,1.6057136,-1.2014842,-1.03264,-0.28842014
1747679457.6031835,0.4873213,0.083833665,1.6057136,-1.2014842,-1.03264,-0.28842014
1747679457.6037028,0.4873213,0.083833665,1.6057136,-1.2014842,-1.03264,-0.28842014
1747679457.6042397,0.4873213,0.083833665,1.6057136,-1.2323769,-0.98470306,-0.4034686
1747679457.6047795,0.4873213,0.083833665,1.6057136,-1.2323769,-0.98470306,-0.4034686
1747679457.6053026,0.4873213,0.083833665,1.6057136,-1.2323769,-0.98470306,-0.4034686
1747679457.6058211,0.4873213,0.083833665,1.6057136,-1.2323769,-0.98470306,-0.4034686
1747679457.6063397,0.4873213,0.083833665,1.6057136,-1.2323769,-0.98470306,-0.4034686
1747679457.6068578,0.4873213,0.083833665,1.6057136,-1.2323769,-0.98470306,-0.4034686
1747679457.6073754,0.4873213,0.083833665,1.6057136,-1.2323769,-0.98470306,-0.4034686
1747679457.6078935,0.4873213,0.083833665,1.6057136,-1.2323769,-0.98470306,-0.4034686
1747679457.6086087,0.4873213,0.083833665,1.6057136,-1.2323769,-0.98470306,-0.4034686
1747679457.6091728,0.4873213,0.083833665,1.6057136,-1.2323769,-0.98470306,-0.4034686
1747679457.609765,0.4873213,0.083833665,1.6057136,-1.2323769,-0.98470306,-0.4034686
1747679457.610305,0.44290292,0.039415248,1.7306709,-1.1130674,-0.8206525,-0.46631917
1747679457.6108596,0.44290292,0.039415248,1.7306709,-1.1130674,-0.8206525,-0.46631917
1747679457.6114092,0.44290292,0.039415248,1.7306709,-1.1130674,-0.8206525,-0.46631917
1747679457.6119418,0.44290292,0.039415248,1.7306709,-1.1130674,-0.8206525,-0.46631917
1747679457.612462,0.44290292,0.039415248,1.7306709,-1.1130674,-0.8206525,-0.46631917
1747679457.6129808,0.44290292,0.039415248,1.7306709,-1.1130674,-0.8206525,-0.46631917
1747679457.6135159,0.44290292,0.039415248,1.7306709,-1.1130674,-0.8206525,-0.46631917
1747679457.6140614,0.44290292,0.039415248,1.7306709,-1.1130674,-0.8206525,-0.46631917
1747679457.6145859,0.44290292,0.039415248,1.7306709,-1.1130674,-0.8206525,-0.46631917
1747679457.6151044,0.44290292,0.039415248,1.7306709,-1.1130674,-0.8206525,-0.46631917
1747679457.615623,0.44290292,0.039415248,1.7306709,-1.1130674,-0.8206525,-0.46631917
1747679457.6161408,0.44290292,0.039415248,1.7306709,-1.1130674,-0.8206525,-0.46631917
1747679457.6166587,0.44290292,0.039415248,1.7306709,-1.1130674,-0.8206525,-0.46631917
1747679457.6171763,0.44290292,0.039415248,1.7306709,-1.1130674,-0.8206525,-0.46631917
1747679457.617694,0.44290292,0.039415248,1.7306709,-1.1130674,-0.8206525,-0.46631917
1747679457.6182115,0.44290292,0.039415248,1.7306709,-1.1130674,-0.8206525,-0.46631917
1747679457.618735,0.44290292,0.039415248,1.7306709,-1.1130674,-0.8206525,-0.46631917
1747679457.619309,0.39702013,-0.0010982576,1.790221,-1.1130674,-0.8206525,-0.46631917
1747679457.6198454,0.39702013,-0.0010982576,1.790221,-1.1130674,-0.8206525,-0.46631917
1747679457.6203701,0.39702013,-0.0010982576,1.790221,-0.89362305,-0.5649892,-0.47271073
1747679457.6209059,0.39702013,-0.0010982576,1.790221,-0.89362305,-0.5649892,-0.47271073
1747679457.621444,0.39702013,-0.0010982576,1.790221,-0.89362305,-0.5649892,-0.47271073
1747679457.621968,0.39702013,-0.0010982576,1.790221,-0.89362305,-0.5649892,-0.47271073
1747679457.6224878,0.39702013,-0.0010982576,1.790221,-0.89362305,-0.5649892,-0.47271073
1747679457.623006,0.39702013,-0.0010982576,1.790221,-0.89362305,-0.5649892,-0.47271073
1747679457.6235242,0.39702013,-0.0010982576,1.790221,-0.89362305,-0.5649892,-0.47271073
1747679457.6240573,0.39702013,-0.0010982576,1.790221,-0.89362305,-0.5649892,-0.47271073
1747679457.624596,0.39702013,-0.0010982576,1.790221,-0.89362305,-0.5649892,-0.47271073
1747679457.625119,0.39702013,-0.0010982576,1.790221,-0.89362305,-0.5649892,-0.47271073
1747679457.6256375,0.39702013,-0.0010982576,1.790221,-0.89362305,-0.5649892,-0.47271073
1747679457.6261604,0.39702013,-0.0010982576,1.790221,-0.89362305,-0.5649892,-0.47271073
1747679457.626711,0.39702013,-0.0010982576,1.790221,-0.89362305,-0.5649892,-0.47271073
1747679457.6272602,0.39702013,-0.0010982576,1.790221,-0.89362305,-0.5649892,-0.47271073
1747679457.6277933,0.39702013,-0.0010982576,1.790221,-0.89362305,-0.5649892,-0.47271073
1747679457.6283133,0.39702013,-0.0010982576,1.790221,-0.89362305,-0.5649892,-0.47271073
1747679457.6288314,0.39702013,-0.0010982576,1.790221,-0.89362305,-0.5649892,-0.47271073
1747679457.6293502,0.39702013,-0.0010982576,1.790221,-0.89362305,-0.5649892,-0.47271073
1747679457.6298683,0.39702013,-0.0010982576,1.790221,-0.89362305,-0.5649892,-0.47271073
1747679457.6303916,0.35064927,0.00036608588,1.7916852,-0.6251766,-0.2986733,-0.44714442
1747679457.6309128,0.35064927,0.00036608588,1.7916852,-0.6251766,-0.2986733,-0.44714442
1747679457.6314313,0.35064927,0.00036608588,1.7916852,-0.6251766,-0.2986733,-0.44714442
1747679457.63195,0.35064927,0.00036608588,1.7916852,-0.6251766,-0.2986733,-0.44714442
1747679457.6324682,0.35064927,0.00036608588,1.7916852,-0.6251766,-0.2986733,-0.44714442
1747679457.6329863,0.35064927,0.00036608588,1.7916852,-0.6251766,-0.2986733,-0.44714442
1747679457.633504,0.35064927,0.00036608588,1.7916852,-0.6251766,-0.2986733,-0.44714442
1747679457.634022,0.35064927,0.00036608588,1.7916852,-0.6251766,-0.2986733,-0.44714442
1747679457.6345575,0.35064927,0.00036608588,1.7916852,-0.6251766,-0.2986733,-0.44714442
1747679457.635103,0.35064927,0.00036608588,1.7916852,-0.6251766,-0.2986733,-0.44714442
1747679457.6356275,0.35064927,0.00036608588,1.7916852,-0.6251766,-0.2986733,-0.44714442
1747679457.6361468,0.35064927,0.00036608588,1.7916852,-0.6251766,-0.2986733,-0.44714442
1747679457.6366653,0.35064927,0.00036608588,1.7916852,-0.6251766,-0.2986733,-0.44714442
1747679457.6372316,0.35064927,0.00036608588,1.7916852,-0.6251766,-0.2986733,-0.44714442
1747679457.6377518,0.35064927,0.00036608588,1.7916852,-0.6251766,-0.2986733,-0.44714442
1747679457.63827,0.35064927,0.00036608588,1.7916852,-0.6251766,-0.2986733,-0.44714442
1747679457.6388948,0.35064927,0.00036608588,1.7916852,-0.6251766,-0.2986733,-0.44714442
1747679457.6394536,0.35064927,0.00036608588,1.7916852,-0.6251766,-0.2986733,-0.44714442
1747679457.640004,0.35064927,0.00036608588,1.7916852,-0.6251766,-0.2986733,-0.44714442
1747679457.6405456,0.315505,0.028676726,1.7145633,-0.38975334,-0.06857634,-0.4098602
1747679457.6410768,0.315505,0.028676726,1.7145633,-0.38975334,-0.06857634,-0.4098602
1747679457.6416287,0.315505,0.028676726,1.7145633,-0.38975334,-0.06857634,-0.4098602
1747679457.6421778,0.315505,0.028676726,1.7145633,-0.38975334,-0.06857634,-0.4098602
1747679457.642711,0.315505,0.028676726,1.7145633,-0.38975334,-0.06857634,-0.4098602
1747679457.643231,0.315505,0.028676726,1.7145633,-0.38975334,-0.06857634,-0.4098602
1747679457.6437662,0.315505,0.028676726,1.7145633,-0.38975334,-0.06857634,-0.4098602
1747679457.6443107,0.315505,0.028676726,1.7145633,-0.38975334,-0.06857634,-0.4098602
1747679457.6448352,0.315505,0.028676726,1.7145633,-0.38975334,-0.06857634,-0.4098602
1747679457.6453547,0.315505,0.028676726,1.7145633,-0.38975334,-0.06857634,-0.4098602
1747679457.6458728,0.315505,0.028676726,1.7145633,-0.38975334,-0.06857634,-0.4098602
1747679457.6463907,0.315505,0.028676726,1.7145633,-0.38975334,-0.06857634,-0.4098602
1747679457.646909,0.315505,0.028676726,1.7145633,-0.38975334,-0.06857634,-0.4098602
1747679457.6474268,0.315505,0.028676726,1.7145633,-0.38975334,-0.06857634,-0.4098602
1747679457.6479445,0.315505,0.028676726,1.7145633,-0.38975334,-0.06857634,-0.4098602
1747679457.6484623,0.315505,0.028676726,1.7145633,-0.38975334,-0.06857634,-0.4098602
1747679457.6489801,0.315505,0.028676726,1.7145633,-0.38975334,-0.06857634,-0.4098602
1747679457.6494985,0.315505,0.028676726,1.7145633,-0.38975334,-0.06857634,-0.4098602
1747679457.6500165,0.315505,0.028676726,1.7145633,-0.38975334,-0.06857634,-0.4098602
1747679457.650534,0.315505,0.028676726,1.7145633,-0.38975334,-0.06857634,-0.4098602
1747679457.6510522,0.315505,0.028676726,1.7145633,-0.38975334,-0.06857634,-0.4098602
1747679457.6515698,0.315505,0.028676726,1.7145633,-0.38975334,-0.06857634,-0.4098602
1747679457.6520882,0.315505,0.028676726,1.7145633,-0.38975334,-0.06857634,-0.4098602
1747679457.652611,0.28426567,0.051129993,1.6252382,-0.38975334,-0.06857634,-0.4098602
1747679457.6531334,0.28426567,0.051129993,1.6252382,-0.38975334,-0.06857634,-0.4098602
1747679457.6536577,0.28426567,0.051129993,1.6252382,-0.25233433,0.07629951,-0.36085805
1747679457.6542025,0.28426567,0.051129993,1.6252382,-0.25233433,0.07629951,-0.36085805
1747679457.6547432,0.28426567,0.051129993,1.6252382,-0.25233433,0.07629951,-0.36085805
1747679457.655268,0.28426567,0.051129993,1.6252382,-0.25233433,0.07629951,-0.36085805
1747679457.6557894,0.28426567,0.051129993,1.6252382,-0.25233433,0.07629951,-0.36085805
1747679457.6563106,0.28426567,0.051129993,1.6252382,-0.25233433,0.07629951,-0.36085805
1747679457.6568375,0.28426567,0.051129993,1.6252382,-0.25233433,0.07629951,-0.36085805
1747679457.657388,0.28426567,0.051129993,1.6252382,-0.25233433,0.07629951,-0.36085805
1747679457.6579406,0.28426567,0.051129993,1.6252382,-0.25233433,0.07629951,-0.36085805
1747679457.6584766,0.28426567,0.051129993,1.6252382,-0.25233433,0.07629951,-0.36085805
1747679457.6589985,0.28426567,0.051129993,1.6252382,-0.25233433,0.07629951,-0.36085805
1747679457.6595197,0.28426567,0.051129993,1.6252382,-0.25233433,0.07629951,-0.36085805
1747679457.6600406,0.28426567,0.051129993,1.6252382,-0.25233433,0.07629951,-0.36085805
1747679457.6605616,0.28426567,0.051129993,1.6252382,-0.25233433,0.07629951,-0.36085805
1747679457.661083,0.28426567,0.051129993,1.6252382,-0.25233433,0.07629951,-0.36085805
1747679457.6616037,0.28426567,0.051129993,1.6252382,-0.25233433,0.07629951,-0.36085805
1747679457.6621244,0.28426567,0.051129993,1.6252382,-0.25233433,0.07629951,-0.36085805
1747679457.662645,0.28426567,0.051129993,1.6252382,-0.25233433,0.07629951,-0.36085805
1747679457.6631758,0.29988533,0.06040417,1.5666645,-0.25233433,0.07629951,-0.36085805
1747679457.663713,0.29988533,0.06040417,1.5666645,-0.25233433,0.07629951,-0.36085805
1747679457.6642618,0.29988533,0.06040417,1.5666645,-0.25233433,0.07629951,-0.36085805
1747679457.6647935,0.29988533,0.06040417,1.5666645,-0.19587535,0.15832481,-0.32037804
1747679457.6653166,0.29988533,0.06040417,1.5666645,-0.19587535,0.15832481,-0.32037804
1747679457.6658378,0.29988533,0.06040417,1.5666645,-0.19587535,0.15832481,-0.32037804
1747679457.6663587,0.29988533,0.06040417,1.5666645,-0.19587535,0.15832481,-0.32037804
1747679457.6668797,0.29988533,0.06040417,1.5666645,-0.19587535,0.15832481,-0.32037804
1747679457.6674004,0.29988533,0.06040417,1.5666645,-0.19587535,0.15832481,-0.32037804
1747679457.6679208,0.29988533,0.06040417,1.5666645,-0.19587535,0.15832481,-0.32037804
1747679457.6684415,0.29988533,0.06040417,1.5666645,-0.19587535,0.15832481,-0.32037804
1747679457.668962,0.29988533,0.06040417,1.5666645,-0.19587535,0.15832481,-0.32037804
1747679457.6696122,0.29988533,0.06040417,1.5666645,-0.19587535,0.15832481,-0.32037804
1747679457.6701758,0.29988533,0.06040417,1.5666645,-0.19587535,0.15832481,-0.32037804
1747679457.6707249,0.29988533,0.06040417,1.5666645,-0.19587535,0.15832481,-0.32037804
1747679457.671243,0.29988533,0.06040417,1.5666645,-0.19587535,0.15832481,-0.32037804
1747679457.6717787,0.29988533,0.06040417,1.5666645,-0.19587535,0.15832481,-0.32037804
1747679457.6723006,0.29988533,0.06040417,1.5666645,-0.19587535,0.15832481,-0.32037804
1747679457.672823,0.29988533,0.06040417,1.5666645,-0.19587535,0.15832481,-0.32037804
1747679457.6733737,0.29988533,0.06040417,1.5666645,-0.19587535,0.15832481,-0.32037804
1747679457.6739311,0.29988533,0.06040417,1.5666645,-0.19587535,0.15832481,-0.32037804
1747679457.674477,0.34039885,0.059916057,1.5808198,-0.17883113,0.13915007,-0.316117
1747679457.6750016,0.34039885,0.059916057,1.5808198,-0.17883113,0.13915007,-0.316117
1747679457.6755202,0.34039885,0.059916057,1.5808198,-0.17883113,0.13915007,-0.316117
1747679457.6760387,0.34039885,0.059916057,1.5808198,-0.17883113,0.13915007,-0.316117
1747679457.6765573,0.34039885,0.059916057,1.5808198,-0.17883113,0.13915007,-0.316117
1747679457.6770754,0.34039885,0.059916057,1.5808198,-0.17883113,0.13915007,-0.316117
1747679457.6775937,0.34039885,0.059916057,1.5808198,-0.17883113,0.13915007,-0.316117
1747679457.6781116,0.34039885,0.059916057,1.5808198,-0.17883113,0.13915007,-0.316117
1747679457.6786292,0.34039885,0.059916057,1.5808198,-0.17883113,0.13915007,-0.316117
1747679457.6791468,0.34039885,0.059916057,1.5808198,-0.17883113,0.13915007,-0.316117
1747679457.6796649,0.34039885,0.059916057,1.5808198,-0.17883113,0.13915007,-0.316117
1747679457.6801827,0.34039885,0.059916057,1.5808198,-0.17883113,0.13915007,-0.316117
1747679457.680701,0.34039885,0.059916057,1.5808198,-0.17883113,0.13915007,-0.316117
1747679457.6812189,0.34039885,0.059916057,1.5808198,-0.17883113,0.13915007,-0.316117
1747679457.6817412,0.39994884,0.06040417,1.6725852,-0.12237216,0.02410159,-0.3683149
1747679457.6822643,0.39994884,0.06040417,1.6725852,-0.12237216,0.02410159,-0.3683149
1747679457.6827843,0.39994884,0.06040417,1.6725852,-0.12237216,0.02410159,-0.3683149
1747679457.6833043,0.39994884,0.06040417,1.6725852,-0.12237216,0.02410159,-0.3683149
1747679457.6838238,0.39994884,0.06040417,1.6725852,-0.12237216,0.02410159,-0.3683149
1747679457.6843576,0.39994884,0.06040417,1.6725852,-0.12237216,0.02410159,-0.3683149
1747679457.6849122,0.39994884,0.06040417,1.6725852,-0.12237216,0.02410159,-0.3683149
1747679457.6854467,0.39994884,0.06040417,1.6725852,-0.12237216,0.02410159,-0.3683149
1747679457.6859698,0.39994884,0.06040417,1.6725852,-0.12237216,0.02410159,-0.3683149
1747679457.6864886,0.39994884,0.06040417,1.6725852,-0.12237216,0.02410159,-0.3683149
1747679457.6870067,0.39994884,0.06040417,1.6725852,-0.12237216,0.02410159,-0.3683149
1747679457.687525,0.39994884,0.06040417,1.6725852,-0.12237216,0.02410159,-0.3683149
1747679457.688043,0.39994884,0.06040417,1.6725852,-0.12237216,0.02410159,-0.3683149
1747679457.6885657,0.39994884,0.06040417,1.6725852,-0.12237216,0.02410159,-0.3683149
1747679457.689157,0.39994884,0.06040417,1.6725852,-0.12237216,0.02410159,-0.3683149
1747679457.6897109,0.39994884,0.06040417,1.6725852,-0.12237216,0.02410159,-0.3683149
1747679457.6902437,0.39994884,0.06040417,1.6725852,-0.12237216,0.02410159,-0.3683149
1747679457.6907637,0.39994884,0.06040417,1.6725852,-0.12237216,0.02410159,-0.3683149
1747679457.6912823,0.39994884,0.06040417,1.6725852,-0.12237216,0.02410159,-0.3683149
1747679457.6918004,0.39994884,0.06040417,1.6725852,-0.12237216,0.02410159,-0.3683149
1747679457.692319,0.39994884,0.06040417,1.6725852,-0.12237216,0.02410159,-0.3683149
1747679457.6928372,0.39994884,0.06040417,1.6725852,-0.12237216,0.02410159,-0.3683149
1747679457.6933553,0.39994884,0.06040417,1.6725852,-0.12237216,0.02410159,-0.3683149
1747679457.69389,0.39994884,0.06040417,1.6725852,-0.12237216,0.02410159,-0.3683149
1747679457.6944356,0.39994884,0.06040417,1.6725852,-0.12237216,0.02410159,-0.3683149
1747679457.6949599,0.39994884,0.06040417,1.6725852,-0.12237216,0.02410159,-0.3683149
1747679457.695478,0.39994884,0.06040417,1.6725852,-0.12237216,0.02410159,-0.3683149
1747679457.6960003,0.39994884,0.06040417,1.6725852,-0.12237216,0.02410159,-0.3683149
1747679457.6965225,0.39994884,0.06040417,1.6725852,-0.12237216,0.02410159,-0.3683149
1747679457.697043,0.39994884,0.06040417,1.6725852,-0.12237216,0.02410159,-0.3683149
1747679457.6975672,0.4126398,0.057963595,1.8180435,0.032091066,-0.13036163,-0.45779705
1747679457.6980877,0.4126398,0.057963595,1.8180435,0.032091066,-0.13036163,-0.45779705
1747679457.6986108,0.4126398,0.057963595,1.8180435,0.032091066,-0.13036163,-0.45779705
1747679457.6991322,0.4126398,0.057963595,1.8180435,0.032091066,-0.13036163,-0.45779705
1747679457.699652,0.4126398,0.057963595,1.8180435,0.032091066,-0.13036163,-0.45779705
1747679457.7002304,0.4126398,0.057963595,1.8180435,0.032091066,-0.13036163,-0.45779705
1747679457.7007878,0.4126398,0.057963595,1.8180435,0.032091066,-0.13036163,-0.45779705
1747679457.7014287,0.4126398,0.057963595,1.8180435,0.032091066,-0.13036163,-0.45779705
1747679457.7019696,0.4126398,0.057963595,1.8180435,0.032091066,-0.13036163,-0.45779705
1747679457.7024937,0.4126398,0.057963595,1.8180435,0.032091066,-0.13036163,-0.45779705
1747679457.7030127,0.4126398,0.057963595,1.8180435,0.032091066,-0.13036163,-0.45779705
1747679457.7035358,0.4126398,0.057963595,1.8180435,0.032091066,-0.13036163,-0.45779705
1747679457.704096,0.4126398,0.057963595,1.8180435,0.032091066,-0.13036163,-0.45779705
1747679457.7046592,0.4126398,0.057963595,1.8180435,0.032091066,-0.13036163,-0.45779705
1747679457.7052164,0.4126398,0.057963595,1.8180435,0.032091066,-0.13036163,-0.45779705
1747679457.7057765,0.39750823,0.05503491,1.9522749,0.032091066,-0.13036163,-0.45779705
1747679457.7063594,0.39750823,0.05503491,1.9522749,0.032091066,-0.13036163,-0.45779705
1747679457.7068954,0.39750823,0.05503491,1.9522749,0.032091066,-0.13036163,-0.45779705
1747679457.7074227,0.39750823,0.05503491,1.9522749,0.3474091,-0.22730063,-0.5366266
1747679457.707944,0.39750823,0.05503491,1.9522749,0.3474091,-0.22730063,-0.5366266
1747679457.7084625,0.39750823,0.05503491,1.9522749,0.3474091,-0.22730063,-0.5366266
1747679457.7089808,0.39750823,0.05503491,1.9522749,0.3474091,-0.22730063,-0.5366266
1747679457.709499,0.39750823,0.05503491,1.9522749,0.3474091,-0.22730063,-0.5366266
1747679457.710017,0.39750823,0.05503491,1.9522749,0.3474091,-0.22730063,-0.5366266
1747679457.7105348,0.39750823,0.05503491,1.9522749,0.3474091,-0.22730063,-0.5366266
1747679457.7110653,0.39750823,0.05503491,1.9522749,0.3474091,-0.22730063,-0.5366266
1747679457.7115898,0.39750823,0.05503491,1.9522749,0.3474091,-0.22730063,-0.5366266
1747679457.7121096,0.39750823,0.05503491,1.9522749,0.3474091,-0.22730063,-0.5366266
1747679457.7126284,0.39750823,0.05503491,1.9522749,0.3474091,-0.22730063,-0.5366266
1747679457.7131505,0.39750823,0.05503491,1.9522749,0.3474091,-0.22730063,-0.5366266
1747679457.7136722,0.39750823,0.05503491,1.9522749,0.3474091,-0.22730063,-0.5366266
1747679457.714206,0.39750823,0.05503491,1.9522749,0.3474091,-0.22730063,-0.5366266
1747679457.7147439,0.37993613,0.044784505,1.9942529,0.63289976,-0.18895113,-0.5653887
1747679457.7152677,0.37993613,0.044784505,1.9942529,0.63289976,-0.18895113,-0.5653887
1747679457.7158034,0.37993613,0.044784505,1.9942529,0.63289976,-0.18895113,-0.5653887
1747679457.7163455,0.37993613,0.044784505,1.9942529,0.63289976,-0.18895113,-0.5653887
1747679457.7168784,0.37993613,0.044784505,1.9942529,0.63289976,-0.18895113,-0.5653887
1747679457.717398,0.37993613,0.044784505,1.9942529,0.63289976,-0.18895113,-0.5653887
1747679457.7179167,0.37993613,0.044784505,1.9942529,0.63289976,-0.18895113,-0.5653887
1747679457.718437,0.37993613,0.044784505,1.9942529,0.63289976,-0.18895113,-0.5653887
1747679457.7189615,0.37993613,0.044784505,1.9942529,0.8747146,-0.033422645,-0.5728455
1747679457.7194903,0.35308984,0.048201304,1.9810737,0.8747146,-0.033422645,-0.5728455
1747679457.7200444,0.35308984,0.048201304,1.9810737,0.8747146,-0.033422645,-0.5728455
1747679457.7206054,0.35308984,0.048201304,1.9810737,0.8747146,-0.033422645,-0.5728455
1747679457.7211509,0.35308984,0.048201304,1.9810737,0.8747146,-0.033422645,-0.5728455
1747679457.7216845,0.35308984,0.048201304,1.9810737,0.8747146,-0.033422645,-0.5728455
1747679457.722205,0.35308984,0.048201304,1.9810737,0.8747146,-0.033422645,-0.5728455
1747679457.7227235,0.35308984,0.048201304,1.9810737,0.8747146,-0.033422645,-0.5728455
1747679457.7232594,0.35308984,0.048201304,1.9810737,0.8747146,-0.033422645,-0.5728455
1747679457.7238052,0.35308984,0.048201304,1.9810737,0.8747146,-0.033422645,-0.5728455
1747679457.724331,0.35308984,0.048201304,1.9810737,0.8747146,-0.033422645,-0.5728455
1747679457.7248497,0.35308984,0.048201304,1.9810737,0.8747146,-0.033422645,-0.5728455
1747679457.7253678,0.35308984,0.048201304,1.9810737,0.8747146,-0.033422645,-0.5728455
1747679457.7258856,0.35308984,0.048201304,1.9810737,0.8747146,-0.033422645,-0.5728455
1747679457.7264042,0.35308984,0.048201304,1.9810737,0.8747146,-0.033422645,-0.5728455
1747679457.7269225,0.35308984,0.048201304,1.9810737,0.8747146,-0.033422645,-0.5728455
1747679457.7274406,0.35308984,0.048201304,1.9810737,0.8747146,-0.033422645,-0.5728455
1747679457.7279587,0.35308984,0.048201304,1.9810737,0.8747146,-0.033422645,-0.5728455
1747679457.7284768,0.35308984,0.048201304,1.9810737,0.8747146,-0.033422645,-0.5728455
1747679457.7289999,0.29256362,0.056987368,1.9434888,0.8747146,-0.033422645,-0.5728455
1747679457.7295225,0.29256362,0.056987368,1.9434888,1.0376999,0.231828,-0.53769183
1747679457.7300425,0.29256362,0.056987368,1.9434888,1.0376999,0.231828,-0.53769183
1747679457.7306893,0.29256362,0.056987368,1.9434888,1.0376999,0.231828,-0.53769183
1747679457.7312446,0.29256362,0.056987368,1.9434888,1.0376999,0.231828,-0.53769183
1747679457.7317872,0.29256362,0.056987368,1.9434888,1.0376999,0.231828,-0.53769183
1747679457.7323282,0.29256362,0.056987368,1.9434888,1.0376999,0.231828,-0.53769183
1747679457.7328613,0.29256362,0.056987368,1.9434888,1.0376999,0.231828,-0.53769183
1747679457.733398,0.29256362,0.056987368,1.9434888,1.0376999,0.231828,-0.53769183
1747679457.7339437,0.29256362,0.056987368,1.9434888,1.0376999,0.231828,-0.53769183
1747679457.7344685,0.29256362,0.056987368,1.9434888,1.0376999,0.231828,-0.53769183
1747679457.7349913,0.29256362,0.056987368,1.9434888,1.0376999,0.231828,-0.53769183
1747679457.7358527,0.29256362,0.056987368,1.9434888,1.0376999,0.231828,-0.53769183
1747679457.736413,0.29256362,0.056987368,1.9434888,1.0376999,0.231828,-0.53769183
1747679457.7369475,0.29256362,0.056987368,1.9434888,1.0376999,0.231828,-0.53769183
1747679457.7374668,0.29256362,0.056987368,1.9434888,1.0376999,0.231828,-0.53769183
1747679457.7379854,0.29256362,0.056987368,1.9434888,1.0376999,0.231828,-0.53769183
1747679457.7385035,0.29256362,0.056987368,1.9434888,1.0376999,0.231828,-0.53769183
1747679457.7390218,0.29256362,0.056987368,1.9434888,1.0376999,0.231828,-0.53769183
1747679457.7395396,0.29256362,0.056987368,1.9434888,1.0376999,0.231828,-0.53769183
1747679457.7400577,0.29256362,0.056987368,1.9434888,1.0376999,0.231828,-0.53769183
1747679457.7405756,0.29256362,0.056987368,1.9434888,1.0376999,0.231828,-0.53769183
1747679457.7410934,0.29256362,0.056987368,1.9434888,1.0376999,0.231828,-0.53769183
1747679457.7416115,0.29256362,0.056987368,1.9434888,1.0376999,0.231828,-0.53769183
1747679457.7421296,0.29256362,0.056987368,1.9434888,1.0376999,0.231828,-0.53769183
1747679457.7426476,0.29256362,0.056987368,1.9434888,1.0376999,0.231828,-0.53769183
1747679457.7431657,0.29256362,0.056987368,1.9434888,1.0376999,0.231828,-0.53769183
1747679457.7437012,0.29256362,0.056987368,1.9434888,1.0376999,0.231828,-0.53769183
1747679457.7442472,0.29256362,0.056987368,1.9434888,1.0376999,0.231828,-0.53769183
1747679457.7447715,0.29256362,0.056987368,1.9434888,1.0376999,0.231828,-0.53769183
1747679457.7452903,0.29256362,0.056987368,1.9434888,1.0376999,0.231828,-0.53769183
1747679457.7458286,0.29256362,0.056987368,1.9434888,1.0376999,0.231828,-0.53769183
1747679457.7463758,0.29256362,0.056987368,1.9434888,1.0376999,0.231828,-0.53769183
1747679457.746906,0.29256362,0.056987368,1.9434888,1.1389,0.51412284,-0.43968758
1747679457.7474263,0.29256362,0.056987368,1.9434888,1.1389,0.51412284,-0.43968758
1747679457.747945,0.29256362,0.056987368,1.9434888,1.1389,0.51412284,-0.43968758
1747679457.7484632,0.29256362,0.056987368,1.9434888,1.1389,0.51412284,-0.43968758
1747679457.7489812,0.29256362,0.056987368,1.9434888,1.1389,0.51412284,-0.43968758
1747679457.749505,0.26034808,0.06430908,1.9171307,1.1389,0.51412284,-0.43968758
1747679457.7500253,0.26034808,0.06430908,1.9171307,1.1389,0.51412284,-0.43968758
1747679457.7505484,0.26034808,0.06430908,1.9171307,1.1389,0.51412284,-0.43968758
1747679457.7510996,0.26034808,0.06430908,1.9171307,1.1389,0.51412284,-0.43968758
1747679457.7516484,0.26034808,0.06430908,1.9171307,1.1389,0.51412284,-0.43968758
1747679457.7521818,0.26034808,0.06430908,1.9171307,1.1389,0.51412284,-0.43968758
1747679457.752702,0.26034808,0.06430908,1.9171307,1.1389,0.51412284,-0.43968758
1747679457.7532203,0.26034808,0.06430908,1.9171307,1.1389,0.51412284,-0.43968758
1747679457.7537553,0.26034808,0.06430908,1.9171307,1.1389,0.51412284,-0.43968758
1747679457.7543015,0.26034808,0.06430908,1.9171307,1.1389,0.51412284,-0.43968758
1747679457.7548263,0.26034808,0.06430908,1.9171307,1.1389,0.51412284,-0.43968758
1747679457.755345,0.26034808,0.06430908,1.9171307,1.1389,0.51412284,-0.43968758
1747679457.7558665,0.26034808,0.06430908,1.9171307,1.1389,0.51412284,-0.43968758
1747679457.7563927,0.26034808,0.06430908,1.9171307,1.1389,0.51412284,-0.43968758
1747679457.756918,0.26034808,0.06430908,1.9171307,1.1389,0.51412284,-0.43968758
1747679457.7574406,0.26034808,0.06430908,1.9171307,1.1389,0.51412284,-0.43968758
1747679457.7579637,0.26034808,0.06430908,1.9171307,1.1389,0.51412284,-0.43968758
1747679457.758489,0.28621814,0.06235663,1.9166427,1.195359,0.6771082,-0.35766226
1747679457.7590108,0.28621814,0.06235663,1.9166427,1.195359,0.6771082,-0.35766226
1747679457.759532,0.28621814,0.06235663,1.9166427,1.195359,0.6771082,-0.35766226
1747679457.760053,0.28621814,0.06235663,1.9166427,1.195359,0.6771082,-0.35766226
1747679457.7605736,0.28621814,0.06235663,1.9166427,1.195359,0.6771082,-0.35766226
1747679457.761603,0.28621814,0.06235663,1.9166427,1.195359,0.6771082,-0.35766226
1747679457.7621582,0.28621814,0.06235663,1.9166427,1.195359,0.6771082,-0.35766226
1747679457.7629063,0.28621814,0.06235663,1.9166427,1.195359,0.6771082,-0.35766226
1747679457.7635071,0.28621814,0.06235663,1.9166427,1.195359,0.6771082,-0.35766226
1747679457.7640672,0.362364,0.04966565,1.9664303,1.2795148,0.7601988,-0.29587698
1747679457.764606,0.362364,0.04966565,1.9664303,1.2795148,0.7601988,-0.29587698
1747679457.7651317,0.362364,0.04966565,1.9664303,1.2795148,0.7601988,-0.29587698
1747679457.7656536,0.362364,0.04966565,1.9664303,1.2795148,0.7601988,-0.29587698
1747679457.7661805,0.362364,0.04966565,1.9664303,1.2795148,0.7601988,-0.29587698
1747679457.7667308,0.362364,0.04966565,1.9664303,1.2795148,0.7601988,-0.29587698
1747679457.7672875,0.362364,0.04966565,1.9664303,1.2795148,0.7601988,-0.29587698
1747679457.7678235,0.362364,0.04966565,1.9664303,1.2795148,0.7601988,-0.29587698
1747679457.7683454,0.362364,0.04966565,1.9664303,1.2795148,0.7601988,-0.29587698
1747679457.7688663,0.362364,0.04966565,1.9664303,1.2795148,0.7601988,-0.29587698
1747679457.7693875,0.362364,0.04966565,1.9664303,1.2795148,0.7601988,-0.29587698
1747679457.7699149,0.4741422,0.027212383,2.0826013,1.4776539,0.6717819,-0.32357383
1747679457.7704384,0.4741422,0.027212383,2.0826013,1.4776539,0.6717819,-0.32357383
1747679457.77146,0.4741422,0.027212383,2.0826013,1.4776539,0.6717819,-0.32357383
1747679457.772005,0.4741422,0.027212383,2.0826013,1.4776539,0.6717819,-0.32357383
1747679457.7725308,0.4741422,0.027212383,2.0826013,1.4776539,0.6717819,-0.32357383
1747679457.773049,0.4741422,0.027212383,2.0826013,1.4776539,0.6717819,-0.32357383
1747679457.7735677,0.4741422,0.027212383,2.0826013,1.4776539,0.6717819,-0.32357383
1747679457.7740855,0.4741422,0.027212383,2.0826013,1.4776539,0.6717819,-0.32357383
1747679457.7746181,0.4741422,0.027212383,2.0826013,1.4776539,0.6717819,-0.32357383
1747679457.775154,0.4741422,0.027212383,2.0826013,1.4776539,0.6717819,-0.32357383
1747679457.775677,0.4741422,0.027212383,2.0826013,1.4776539,0.6717819,-0.32357383
1747679457.7761953,0.4741422,0.027212383,2.0826013,1.4776539,0.6717819,-0.32357383
1747679457.7767692,0.4741422,0.027212383,2.0826013,1.4776539,0.6717819,-0.32357383
1747679457.7773175,0.4741422,0.027212383,2.0826013,1.4776539,0.6717819,-0.32357383
1747679457.777844,0.4741422,0.027212383,2.0826013,1.4776539,0.6717819,-0.32357383
1747679457.778363,0.4741422,0.027212383,2.0826013,1.4776539,0.6717819,-0.32357383
1747679457.7788813,0.4741422,0.027212383,2.0826013,1.4776539,0.6717819,-0.32357383
1747679457.7793994,0.4741422,0.027212383,2.0826013,1.4776539,0.6717819,-0.32357383
1747679457.7799172,0.4741422,0.027212383,2.0826013,1.4776539,0.6717819,-0.32357383
1747679457.780435,0.4741422,0.027212383,2.0826013,1.4776539,0.6717819,-0.32357383
1747679457.7809534,0.4741422,0.027212383,2.0826013,1.4776539,0.6717819,-0.32357383
1747679457.7814763,0.49952418,-0.0059794025,2.1714385,1.4776539,0.6717819,-0.32357383
1747679457.7820048,0.49952418,-0.0059794025,2.1714385,1.7503613,0.6131924,-0.4119907
1747679457.7825582,0.49952418,-0.0059794025,2.1714385,1.7503613,0.6131924,-0.4119907
1747679457.7831109,0.49952418,-0.0059794025,2.1714385,1.7503613,0.6131924,-0.4119907
1747679457.78366,0.49952418,-0.0059794025,2.1714385,1.7503613,0.6131924,-0.4119907
1747679457.7842062,0.49952418,-0.0059794025,2.1714385,1.7503613,0.6131924,-0.4119907
1747679457.7847307,0.49952418,-0.0059794025,2.1714385,1.7503613,0.6131924,-0.4119907
1747679457.7852497,0.49952418,-0.0059794025,2.1714385,1.7503613,0.6131924,-0.4119907
1747679457.7857683,0.49952418,-0.0059794025,2.1714385,1.7503613,0.6131924,-0.4119907
1747679457.7862866,0.49952418,-0.0059794025,2.1714385,1.7503613,0.6131924,-0.4119907
1747679457.7868047,0.49952418,-0.0059794025,2.1714385,1.7503613,0.6131924,-0.4119907
1747679457.787323,0.49952418,-0.0059794025,2.1714385,1.7503613,0.6131924,-0.4119907
1747679457.787841,0.49952418,-0.0059794025,2.1714385,1.7503613,0.6131924,-0.4119907
1747679457.7883592,0.49952418,-0.0059794025,2.1714385,1.7503613,0.6131924,-0.4119907
1747679457.7888772,0.49952418,-0.0059794025,2.1714385,1.7503613,0.6131924,-0.4119907
1747679457.7893956,0.49952418,-0.0059794025,2.1714385,1.7503613,0.6131924,-0.4119907
1747679457.7899134,0.49952418,-0.0059794025,2.1714385,1.7503613,0.6131924,-0.4119907
1747679457.7904315,0.49952418,-0.0059794025,2.1714385,1.7503613,0.6131924,-0.4119907
1747679457.7909496,0.49952418,-0.0059794025,2.1714385,1.7503613,0.6131924,-0.4119907
1747679457.7915392,0.49952418,-0.0059794025,2.1714385,1.7503613,0.6131924,-0.4119907
1747679457.7921567,0.49952418,-0.0059794025,2.1714385,1.7503613,0.6131924,-0.4119907
1747679457.7927022,0.49952418,-0.0059794025,2.1714385,1.7503613,0.6131924,-0.4119907
1747679457.793243,0.49952418,-0.0059794025,2.1714385,1.7503613,0.6131924,-0.4119907
1747679457.7937927,0.49952418,-0.0059794025,2.1714385,2.0092204,0.6589987,-0.47058022
1747679457.7943485,0.49952418,-0.0059794025,2.1714385,2.0092204,0.6589987,-0.47058022
1747679457.7948892,0.4961074,-0.03917119,2.17876,2.0092204,0.6589987,-0.47058022
1747679457.795414,0.4961074,-0.03917119,2.17876,2.0092204,0.6589987,-0.47058022
1747679457.7959335,0.4961074,-0.03917119,2.17876,2.0092204,0.6589987,-0.47058022
1747679457.796452,0.4961074,-0.03917119,2.17876,2.0092204,0.6589987,-0.47058022
1747679457.79697,0.4961074,-0.03917119,2.17876,2.0092204,0.6589987,-0.47058022
1747679457.7974882,0.4961074,-0.03917119,2.17876,2.0092204,0.6589987,-0.47058022
1747679457.7980108,0.4961074,-0.03917119,2.17876,2.0092204,0.6589987,-0.47058022
1747679457.7985616,0.4961074,-0.03917119,2.17876,2.0092204,0.6589987,-0.47058022
1747679457.7991114,0.4961074,-0.03917119,2.17876,2.0092204,0.6589987,-0.47058022
1747679457.7996445,0.4961074,-0.03917119,2.17876,2.0092204,0.6589987,-0.47058022
1747679457.8001637,0.4961074,-0.03917119,2.17876,2.0092204,0.6589987,-0.47058022
1747679457.8006823,0.4961074,-0.03917119,2.17876,2.0092204,0.6589987,-0.47058022
1747679457.8012004,0.4961074,-0.03917119,2.17876,2.0092204,0.6589987,-0.47058022
1747679457.8017187,0.4961074,-0.03917119,2.17876,2.0092204,0.6589987,-0.47058022
1747679457.8022418,0.4961074,-0.03917119,2.17876,2.0092204,0.6589987,-0.47058022
1747679457.8027656,0.47511843,-0.07382732,2.1260436,2.3128204,0.87098616,-0.49827707
1747679457.8032858,0.47511843,-0.07382732,2.1260436,2.3128204,0.87098616,-0.49827707
1747679457.8038044,0.47511843,-0.07382732,2.1260436,2.3128204,0.87098616,-0.49827707
1747679457.804414,0.47511843,-0.07382732,2.1260436,2.3128204,0.87098616,-0.49827707
1747679457.8049598,0.47511843,-0.07382732,2.1260436,2.3128204,0.87098616,-0.49827707
1747679457.8054843,0.47511843,-0.07382732,2.1260436,2.3128204,0.87098616,-0.49827707
1747679457.8060029,0.47511843,-0.07382732,2.1260436,2.3128204,0.87098616,-0.49827707
1747679457.8065214,0.47511843,-0.07382732,2.1260436,2.3128204,0.87098616,-0.49827707
1747679457.807055,0.47511843,-0.07382732,2.1260436,2.3128204,0.87098616,-0.49827707
1747679457.807594,0.47511843,-0.07382732,2.1260436,2.3128204,0.87098616,-0.49827707
1747679457.8081195,0.47511843,-0.07382732,2.1260436,2.3128204,0.87098616,-0.49827707
1747679457.8086393,0.47511843,-0.07382732,2.1260436,2.3128204,0.87098616,-0.49827707
1747679457.8091578,0.47511843,-0.07382732,2.1260436,2.3128204,0.87098616,-0.49827707
1747679457.809676,0.47511843,-0.07382732,2.1260436,2.3128204,0.87098616,-0.49827707
1747679457.810194,0.47511843,-0.07382732,2.1260436,2.3128204,0.87098616,-0.49827707
1747679457.8107123,0.47511843,-0.07382732,2.1260436,2.3128204,0.87098616,-0.49827707
1747679457.8112302,0.47511843,-0.07382732,2.1260436,2.3128204,0.87098616,-0.49827707
1747679457.811748,0.47511843,-0.07382732,2.1260436,2.3128204,0.87098616,-0.49827707
1747679457.8122663,0.47511843,-0.07382732,2.1260436,2.3128204,0.87098616,-0.49827707
1747679457.812789,0.47511843,-0.07382732,2.1260436,2.3128204,0.87098616,-0.49827707
1747679457.81334,0.47511843,-0.07382732,2.1260436,2.3128204,0.87098616,-0.49827707
1747679457.8138971,0.47511843,-0.07382732,2.1260436,2.3128204,0.87098616,-0.49827707
1747679457.8144436,0.47511843,-0.07382732,2.1260436,2.605768,1.2853737,-0.4886897
1747679457.8149695,0.47511843,-0.07382732,2.1260436,2.605768,1.2853737,-0.4886897
1747679457.8154933,0.46145123,-0.090423204,2.0049913,2.605768,1.2853737,-0.4886897
1747679457.8160136,0.46145123,-0.090423204,2.0049913,2.605768,1.2853737,-0.4886897
1747679457.8165321,0.46145123,-0.090423204,2.0049913,2.605768,1.2853737,-0.4886897
1747679457.8170507,0.46145123,-0.090423204,2.0049913,2.605768,1.2853737,-0.4886897
1747679457.817572,0.46145123,-0.090423204,2.0049913,2.605768,1.2853737,-0.4886897
1747679457.8180907,0.46145123,-0.090423204,2.0049913,2.605768,1.2853737,-0.4886897
1747679457.818609,0.46145123,-0.090423204,2.0049913,2.605768,1.2853737,-0.4886897
1747679457.8191302,0.46145123,-0.090423204,2.0049913,2.605768,1.2853737,-0.4886897
1747679457.8196504,0.46145123,-0.090423204,2.0049913,2.605768,1.2853737,-0.4886897
1747679457.8201723,0.43753365,-0.10213795,1.8790578,2.779406,1.7018918,-0.46099284
1747679457.8206923,0.43753365,-0.10213795,1.8790578,2.779406,1.7018918,-0.46099284
1747679457.8212109,0.43753365,-0.10213795,1.8790578,2.779406,1.7018918,-0.46099284
1747679457.8218355,0.43753365,-0.10213795,1.8790578,2.779406,1.7018918,-0.46099284
1747679457.822398,0.43753365,-0.10213795,1.8790578,2.779406,1.7018918,-0.46099284
1747679457.8229463,0.43753365,-0.10213795,1.8790578,2.779406,1.7018918,-0.46099284
1747679457.8234873,0.43753365,-0.10213795,1.8790578,2.779406,1.7018918,-0.46099284
1747679457.824036,0.43753365,-0.10213795,1.8790578,2.779406,1.7018918,-0.46099284
1747679457.824582,0.43753365,-0.10213795,1.8790578,2.779406,1.7018918,-0.46099284
1747679457.8251061,0.43753365,-0.10213795,1.8790578,2.779406,1.7018918,-0.46099284
1747679457.8256252,0.43753365,-0.10213795,1.8790578,2.779406,1.7018918,-0.46099284
1747679457.8261433,0.43753365,-0.10213795,1.8790578,2.779406,1.7018918,-0.46099284
1747679457.826661,0.43753365,-0.10213795,1.8790578,2.779406,1.7018918,-0.46099284
1747679457.8271794,0.43753365,-0.10213795,1.8790578,2.779406,1.7018918,-0.46099284
1747679457.8276975,0.43753365,-0.10213795,1.8790578,2.779406,1.7018918,-0.46099284
1747679457.8282154,0.43753365,-0.10213795,1.8790578,2.779406,1.7018918,-0.46099284
1747679457.8287377,0.43753365,-0.10213795,1.8790578,2.779406,1.7018918,-0.46099284
1747679457.829288,0.43753365,-0.10213795,1.8790578,2.779406,1.7018918,-0.46099284
1747679457.8298533,0.43753365,-0.10213795,1.8790578,2.779406,1.7018918,-0.46099284
1747679457.8304057,0.42533076,-0.104090415,1.7414094,2.9019113,2.0757995,-0.4087949
1747679457.8309305,0.42533076,-0.104090415,1.7414094,2.9019113,2.0757995,-0.4087949
1747679457.831449,0.42533076,-0.104090415,1.7414094,2.9019113,2.0757995,-0.4087949
1747679457.8319676,0.42533076,-0.104090415,1.7414094,2.9019113,2.0757995,-0.4087949
1747679457.8324857,0.42533076,-0.104090415,1.7414094,2.9019113,2.0757995,-0.4087949
1747679457.833004,0.42533076,-0.104090415,1.7414094,2.9019113,2.0757995,-0.4087949
1747679457.833522,0.42533076,-0.104090415,1.7414094,2.9019113,2.0757995,-0.4087949
1747679457.8340404,0.42533076,-0.104090415,1.7414094,2.9019113,2.0757995,-0.4087949
1747679457.834574,0.42533076,-0.104090415,1.7414094,2.9019113,2.0757995,-0.4087949
1747679457.835112,0.42533076,-0.104090415,1.7414094,2.9019113,2.0757995,-0.4087949
1747679457.835635,0.42533076,-0.104090415,1.7414094,2.9019113,2.0757995,-0.4087949
1747679457.8361535,0.42533076,-0.104090415,1.7414094,2.9019113,2.0757995,-0.4087949
1747679457.836672,0.42533076,-0.104090415,1.7414094,2.9019113,2.0757995,-0.4087949
1747679457.83722,0.42533076,-0.104090415,1.7414094,2.9019113,2.0757995,-0.4087949
1747679457.837747,0.42533076,-0.104090415,1.7414094,2.9019113,2.0757995,-0.4087949
1747679457.8382776,0.4419267,-0.104578525,1.6442746,2.9668925,2.2835257,-0.37577176
1747679457.8387995,0.4419267,-0.104578525,1.6442746,2.9668925,2.2835257,-0.37577176
1747679457.8393183,0.4419267,-0.104578525,1.6442746,2.9668925,2.2835257,-0.37577176
1747679457.8398368,0.4419267,-0.104578525,1.6442746,2.9668925,2.2835257,-0.37577176
1747679457.8403554,0.4419267,-0.104578525,1.6442746,2.9668925,2.2835257,-0.37577176
1747679457.8408735,0.4419267,-0.104578525,1.6442746,2.9668925,2.2835257,-0.37577176
1747679457.8413916,0.4419267,-0.104578525,1.6442746,2.9668925,2.2835257,-0.37577176
1747679457.8419101,0.4419267,-0.104578525,1.6442746,2.9668925,2.2835257,-0.37577176
1747679457.8424282,0.4419267,-0.104578525,1.6442746,2.9668925,2.2835257,-0.37577176
1747679457.8429463,0.4419267,-0.104578525,1.6442746,2.9668925,2.2835257,-0.37577176
1747679457.8434646,0.4419267,-0.104578525,1.6442746,2.9668925,2.2835257,-0.37577176
1747679457.8439984,0.4419267,-0.104578525,1.6442746,2.9668925,2.2835257,-0.37577176
1747679457.8445406,0.4419267,-0.104578525,1.6442746,2.9668925,2.2835257,-0.37577176
1747679457.8450959,0.4419267,-0.104578525,1.6442746,2.9668925,2.2835257,-0.37577176
1747679457.8456457,0.4419267,-0.104578525,1.6442746,2.9668925,2.2835257,-0.37577176
1747679457.8461785,0.4419267,-0.104578525,1.6442746,2.9668925,2.2835257,-0.37577176
1747679457.8466983,0.4419267,-0.104578525,1.6442746,2.9668925,2.2835257,-0.37577176
1747679457.8472168,0.4419267,-0.104578525,1.6442746,2.9668925,2.2835257,-0.37577176
1747679457.8477354,0.4419267,-0.104578525,1.6442746,2.9668925,2.2835257,-0.37577176
1747679457.8482533,0.4419267,-0.104578525,1.6442746,2.9668925,2.2835257,-0.37577176
1747679457.848792,0.4419267,-0.104578525,1.6442746,2.9668925,2.2835257,-0.37577176
1747679457.8493433,0.46047503,-0.12166254,1.5939989,3.0521135,2.3229406,-0.3864244
1747679457.849867,0.46047503,-0.12166254,1.5939989,3.0521135,2.3229406,-0.3864244
1747679457.850386,0.46047503,-0.12166254,1.5939989,3.0521135,2.3229406,-0.3864244
1747679457.8509042,0.46047503,-0.12166254,1.5939989,3.0521135,2.3229406,-0.3864244
1747679457.8514228,0.46047503,-0.12166254,1.5939989,3.0521135,2.3229406,-0.3864244
1747679457.8519406,0.46047503,-0.12166254,1.5939989,3.0521135,2.3229406,-0.3864244
1747679457.852658,0.46047503,-0.12166254,1.5939989,3.0521135,2.3229406,-0.3864244
1747679457.8532226,0.46047503,-0.12166254,1.5939989,3.0521135,2.3229406,-0.3864244
1747679457.8537765,0.46047503,-0.12166254,1.5939989,3.0521135,2.3229406,-0.3864244
1747679457.8543231,0.46047503,-0.12166254,1.5939989,3.0521135,2.3229406,-0.3864244
1747679457.854862,0.46047503,-0.12166254,1.5939989,3.0521135,2.3229406,-0.3864244
1747679457.855385,0.46047503,-0.12166254,1.5939989,3.0521135,2.3229406,-0.3864244
1747679457.8559067,0.46047503,-0.12166254,1.5939989,3.0521135,2.3229406,-0.3864244
1747679457.8564284,0.46047503,-0.12166254,1.5939989,3.0521135,2.3229406,-0.3864244
1747679457.8569496,0.46047503,-0.12166254,1.5939989,3.0521135,2.3229406,-0.3864244
1747679457.8574703,0.46047503,-0.12166254,1.5939989,3.0521135,2.3229406,-0.3864244
1747679457.8579912,0.46047503,-0.12166254,1.5939989,3.0521135,2.3229406,-0.3864244
1747679457.8585122,0.46047503,-0.12166254,1.5939989,3.0521135,2.3229406,-0.3864244
1747679457.8590329,0.46047503,-0.12166254,1.5939989,3.0521135,2.3229406,-0.3864244
1747679457.8595536,0.46047503,-0.12166254,1.5939989,3.0521135,2.3229406,-0.3864244
1747679457.860074,0.46047503,-0.12166254,1.5939989,3.0521135,2.3229406,-0.3864244
1747679457.8606052,0.46047503,-0.12166254,1.5939989,3.0521135,2.3229406,-0.3864244
1747679457.8611574,0.46047503,-0.12166254,1.5939989,3.0521135,2.3229406,-0.3864244
1747679457.8617108,0.46047503,-0.12166254,1.5939989,3.0521135,2.3229406,-0.3864244
1747679457.8622372,0.46047503,-0.12166254,1.5939989,3.0521135,2.3229406,-0.3864244
1747679457.862763,0.4668205,-0.14216334,1.5705694,3.187402,2.1844563,-0.4418181
1747679457.8632855,0.4668205,-0.14216334,1.5705694,3.187402,2.1844563,-0.4418181
1747679457.8638198,0.4668205,-0.14216334,1.5705694,3.187402,2.1844563,-0.4418181
1747679457.864369,0.4668205,-0.14216334,1.5705694,3.187402,2.1844563,-0.4418181
1747679457.8648956,0.4668205,-0.14216334,1.5705694,3.187402,2.1844563,-0.4418181
1747679457.8654168,0.4668205,-0.14216334,1.5705694,3.187402,2.1844563,-0.4418181
1747679457.8659375,0.4668205,-0.14216334,1.5705694,3.187402,2.1844563,-0.4418181
1747679457.8664584,0.4668205,-0.14216334,1.5705694,3.187402,2.1844563,-0.4418181
1747679457.8669791,0.4668205,-0.14216334,1.5705694,3.187402,2.1844563,-0.4418181
1747679457.8674998,0.4668205,-0.14216334,1.5705694,3.187402,2.1844563,-0.4418181
1747679457.8680372,0.4668205,-0.14216334,1.5705694,3.187402,2.1844563,-0.4418181
1747679457.8685727,0.4668205,-0.14216334,1.5705694,3.187402,2.1844563,-0.4418181
1747679457.8690965,0.4668205,-0.14216334,1.5705694,3.187402,2.1844563,-0.4418181
1747679457.8696175,0.4668205,-0.14216334,1.5705694,3.187402,2.1844563,-0.4418181
1747679457.870138,0.4668205,-0.14216334,1.5705694,3.187402,2.1844563,-0.4418181
1747679457.8706589,0.4668205,-0.14216334,1.5705694,3.187402,2.1844563,-0.4418181
1747679457.8716831,0.4668205,-0.14216334,1.5705694,3.187402,2.1844563,-0.4418181
1747679457.8722212,0.4668205,-0.14216334,1.5705694,3.187402,2.1844563,-0.4418181
1747679457.872744,0.4668205,-0.14216334,1.5705694,3.187402,2.1844563,-0.4418181
1747679457.873263,0.4668205,-0.14216334,1.5705694,3.187402,2.1844563,-0.4418181
1747679457.8737812,0.4668205,-0.14216334,1.5705694,3.187402,2.1844563,-0.4418181
1747679457.8743138,0.4668205,-0.14216334,1.5705694,3.187402,2.1844563,-0.4418181
1747679457.8748522,0.44046235,-0.15875924,1.5642239,3.187402,2.1844563,-0.4418181
1747679457.8753798,0.44046235,-0.15875924,1.5642239,3.187402,2.1844563,-0.4418181
1747679457.8759308,0.44046235,-0.15875924,1.5642239,3.187402,2.1844563,-0.4418181
1747679457.8764803,0.44046235,-0.15875924,1.5642239,3.3844757,1.8883129,-0.5238434
1747679457.8770053,0.44046235,-0.15875924,1.5642239,3.3844757,1.8883129,-0.5238434
1747679457.877524,0.44046235,-0.15875924,1.5642239,3.3844757,1.8883129,-0.5238434
1747679457.8780425,0.44046235,-0.15875924,1.5642239,3.3844757,1.8883129,-0.5238434
1747679457.8785608,0.44046235,-0.15875924,1.5642239,3.3844757,1.8883129,-0.5238434
1747679457.8790789,0.44046235,-0.15875924,1.5642239,3.3844757,1.8883129,-0.5238434
1747679457.8795974,0.44046235,-0.15875924,1.5642239,3.3844757,1.8883129,-0.5238434
1747679457.8801155,0.44046235,-0.15875924,1.5642239,3.3844757,1.8883129,-0.5238434
1747679457.880636,0.44046235,-0.15875924,1.5642239,3.3844757,1.8883129,-0.5238434
1747679457.881159,0.44046235,-0.15875924,1.5642239,3.3844757,1.8883129,-0.5238434
1747679457.8816829,0.38530537,-0.17096211,1.5593427,3.5432,1.6678034,-0.5643234
1747679457.882203,0.38530537,-0.17096211,1.5593427,3.5432,1.6678034,-0.5643234
1747679457.8827968,0.38530537,-0.17096211,1.5593427,3.5432,1.6678034,-0.5643234
1747679457.8833756,0.38530537,-0.17096211,1.5593427,3.5432,1.6678034,-0.5643234
1747679457.8840837,0.38530537,-0.17096211,1.5593427,3.5432,1.6678034,-0.5643234
1747679457.8846216,0.38530537,-0.17096211,1.5593427,3.5432,1.6678034,-0.5643234
1747679457.8851411,0.38530537,-0.17096211,1.5593427,3.5432,1.6678034,-0.5643234
1747679457.88566,0.38530537,-0.17096211,1.5593427,3.5432,1.6678034,-0.5643234
1747679457.8861778,0.38530537,-0.17096211,1.5593427,3.5432,1.6678034,-0.5643234
1747679457.8866963,0.38530537,-0.17096211,1.5593427,3.5432,1.6678034,-0.5643234
1747679457.8872151,0.38530537,-0.17096211,1.5593427,3.5432,1.6678034,-0.5643234
1747679457.8877327,0.38530537,-0.17096211,1.5593427,3.5432,1.6678034,-0.5643234
1747679457.888251,0.38530537,-0.17096211,1.5593427,3.5432,1.6678034,-0.5643234
1747679457.8887694,0.38530537,-0.17096211,1.5593427,3.5432,1.6678034,-0.5643234
1747679457.8892875,0.38530537,-0.17096211,1.5593427,3.5432,1.6678034,-0.5643234
1747679457.8898053,0.38530537,-0.17096211,1.5593427,3.5432,1.6678034,-0.5643234
1747679457.8903282,0.28231323,-0.19048668,1.4895424,3.5432,1.6678034,-0.5643234
1747679457.8908727,0.28231323,-0.19048668,1.4895424,3.5432,1.6678034,-0.5643234
1747679457.8914225,0.28231323,-0.19048668,1.4895424,3.9884803,1.1149316,-0.58988976
1747679457.8920074,0.28231323,-0.19048668,1.4895424,3.9884803,1.1149316,-0.58988976
1747679457.892548,0.28231323,-0.19048668,1.4895424,3.9884803,1.1149316,-0.58988976
1747679457.8930812,0.28231323,-0.19048668,1.4895424,3.9884803,1.1149316,-0.58988976
1747679457.893618,0.28231323,-0.19048668,1.4895424,3.9884803,1.1149316,-0.58988976
1747679457.8941631,0.28231323,-0.19048668,1.4895424,3.9884803,1.1149316,-0.58988976
1747679457.894688,0.28231323,-0.19048668,1.4895424,3.9884803,1.1149316,-0.58988976
1747679457.8952065,0.28231323,-0.19048668,1.4895424,3.9884803,1.1149316,-0.58988976
1747679457.8957248,0.28231323,-0.19048668,1.4895424,3.9884803,1.1149316,-0.58988976
1747679457.896243,0.28231323,-0.19048668,1.4895424,3.9884803,1.1149316,-0.58988976
1747679457.8967612,0.28231323,-0.19048668,1.4895424,3.9884803,1.1149316,-0.58988976
1747679457.897279,0.28231323,-0.19048668,1.4895424,3.9884803,1.1149316,-0.58988976
1747679457.897797,0.28231323,-0.19048668,1.4895424,3.9884803,1.1149316,-0.58988976
1747679457.8983326,0.28231323,-0.19048668,1.4895424,3.9884803,1.1149316,-0.58988976
1747679457.8988907,0.28231323,-0.19048668,1.4895424,3.9884803,1.1149316,-0.58988976
1747679457.903604,0.24375217,-0.20903502,1.4016818,4.2121854,0.8390283,-0.58030236
1747679457.904165,0.24375217,-0.20903502,1.4016818,4.2121854,0.8390283,-0.58030236
1747679457.904712,0.24375217,-0.20903502,1.4016818,4.2121854,0.8390283,-0.58030236
1747679457.9052534,0.24375217,-0.20903502,1.4016818,4.2121854,0.8390283,-0.58030236
1747679457.905793,0.24375217,-0.20903502,1.4016818,4.2121854,0.8390283,-0.58030236
1747679457.906335,0.24375217,-0.20903502,1.4016818,4.2121854,0.8390283,-0.58030236
1747679457.9068782,0.24375217,-0.20903502,1.4016818,4.2121854,0.8390283,-0.58030236
1747679457.9084709,0.24375217,-0.20903502,1.4016818,4.2121854,0.8390283,-0.58030236
1747679457.909028,0.24375217,-0.20903502,1.4016818,4.2121854,0.8390283,-0.58030236
1747679457.909584,0.24375217,-0.20903502,1.4016818,4.2121854,0.8390283,-0.58030236
1747679457.9101248,0.24375217,-0.20903502,1.4016818,4.2121854,0.8390283,-0.58030236
1747679457.9106772,0.24375217,-0.20903502,1.4016818,4.2121854,0.8390283,-0.58030236
1747679457.911227,0.24375217,-0.20903502,1.4016818,4.2121854,0.8390283,-0.58030236
1747679457.9117665,0.24375217,-0.20903502,1.4016818,4.2121854,0.8390283,-0.58030236
1747679457.9123056,0.24375217,-0.20903502,1.4016818,4.2121854,0.8390283,-0.58030236
1747679457.912847,0.24375217,-0.20903502,1.4016818,4.2121854,0.8390283,-0.58030236
1747679457.916228,0.21690588,-0.22904772,1.279165,4.419912,0.61958396,-0.53982234
1747679457.9167836,0.21690588,-0.22904772,1.279165,4.419912,0.61958396,-0.53982234
1747679457.917325,0.21690588,-0.22904772,1.279165,4.419912,0.61958396,-0.53982234
1747679457.917876,0.21690588,-0.22904772,1.279165,4.419912,0.61958396,-0.53982234
1747679457.9184206,0.21690588,-0.22904772,1.279165,4.419912,0.61958396,-0.53982234
1747679457.918962,0.21690588,-0.22904772,1.279165,4.419912,0.61958396,-0.53982234
1747679457.9194999,0.21690588,-0.22904772,1.279165,4.419912,0.61958396,-0.53982234
1747679457.920039,0.21690588,-0.22904772,1.279165,4.419912,0.61958396,-0.53982234
1747679457.9205778,0.21690588,-0.22904772,1.279165,4.419912,0.61958396,-0.53982234
1747679457.9211166,0.21690588,-0.22904772,1.279165,4.419912,0.61958396,-0.53982234
1747679457.9216537,0.21690588,-0.22904772,1.279165,4.419912,0.61958396,-0.53982234
1747679457.922191,0.21690588,-0.22904772,1.279165,4.419912,0.61958396,-0.53982234
1747679457.9239054,0.2749915,-0.23978625,1.1346831,4.419912,0.61958396,-0.53982234
1747679457.924493,0.2749915,-0.23978625,1.1346831,4.556266,0.583365,-0.48975495
1747679457.925042,0.2749915,-0.23978625,1.1346831,4.556266,0.583365,-0.48975495
1747679457.9255807,0.2749915,-0.23978625,1.1346831,4.556266,0.583365,-0.48975495
1747679457.9261215,0.2749915,-0.23978625,1.1346831,4.556266,0.583365,-0.48975495
1747679457.9328105,0.32624355,-0.23832192,1.0263216,4.574375,0.720784,-0.5078644
1747679457.9401019,0.35699475,-0.22172602,0.93113935,4.574375,0.720784,-0.5078644
1747679457.9409559,0.35699475,-0.22172602,0.93113935,4.5306993,1.0009483,-0.5451487
1747679457.941516,0.35699475,-0.22172602,0.93113935,4.5306993,1.0009483,-0.5451487
1747679457.942078,0.35699475,-0.22172602,0.93113935,4.5306993,1.0009483,-0.5451487
1747679457.9426405,0.35699475,-0.22172602,0.93113935,4.5306993,1.0009483,-0.5451487
1747679457.9432704,0.35699475,-0.22172602,0.93113935,4.5306993,1.0009483,-0.5451487
1747679457.943971,0.35699475,-0.22172602,0.93113935,4.5306993,1.0009483,-0.5451487
1747679457.944525,0.35699475,-0.22172602,0.93113935,4.5306993,1.0009483,-0.5451487
1747679457.9450667,0.35699475,-0.22172602,0.93113935,4.5306993,1.0009483,-0.5451487
1747679457.9456096,0.35699475,-0.22172602,0.93113935,4.5306993,1.0009483,-0.5451487
1747679457.9461565,0.35699475,-0.22172602,0.93113935,4.5306993,1.0009483,-0.5451487
1747679457.9467149,0.35699475,-0.22172602,0.93113935,4.5306993,1.0009483,-0.5451487
1747679457.9472682,0.35699475,-0.22172602,0.93113935,4.5306993,1.0009483,-0.5451487
1747679457.9478087,0.35699475,-0.22172602,0.93113935,4.5306993,1.0009483,-0.5451487
1747679457.9483452,0.35699475,-0.22172602,0.93113935,4.5306993,1.0009483,-0.5451487
1747679457.9488819,0.35699475,-0.22172602,0.93113935,4.5306993,1.0009483,-0.5451487
1747679457.949417,0.35699475,-0.22172602,0.93113935,4.5306993,1.0009483,-0.5451487
1747679457.9499526,0.35699475,-0.22172602,0.93113935,4.5306993,1.0009483,-0.5451487
1747679457.950488,0.35699475,-0.22172602,0.93113935,4.5306993,1.0009483,-0.5451487
1747679457.951025,0.35699475,-0.22172602,0.93113935,4.5306993,1.0009483,-0.5451487
1747679457.95156,0.35699475,-0.22172602,0.93113935,4.5306993,1.0009483,-0.5451487
1747679457.9520955,0.35699475,-0.22172602,0.93113935,4.5306993,1.0009483,-0.5451487
1747679457.9526312,0.35699475,-0.22172602,0.93113935,4.5306993,1.0009483,-0.5451487
1747679457.9531748,0.37163818,-0.20366576,0.84669566,4.460392,1.2512853,-0.58030236
1747679457.954421,0.37163818,-0.20366576,0.84669566,4.460392,1.2512853,-0.58030236
1747679457.9549875,0.37163818,-0.20366576,0.84669566,4.460392,1.2512853,-0.58030236
1747679457.9555323,0.37163818,-0.20366576,0.84669566,4.460392,1.2512853,-0.58030236
1747679457.956073,0.37163818,-0.20366576,0.84669566,4.460392,1.2512853,-0.58030236
1747679457.9566095,0.37163818,-0.20366576,0.84669566,4.460392,1.2512853,-0.58030236
1747679457.9571471,0.37163818,-0.20366576,0.84669566,4.460392,1.2512853,-0.58030236
1747679457.957687,0.37163818,-0.20366576,0.84669566,4.460392,1.2512853,-0.58030236
1747679457.9582229,0.37163818,-0.20366576,0.84669566,4.460392,1.2512853,-0.58030236
1747679457.9587612,0.37163818,-0.20366576,0.84669566,4.460392,1.2512853,-0.58030236
1747679457.9593797,0.37163818,-0.20366576,0.84669566,4.460392,1.2512853,-0.58030236
1747679457.9599314,0.37163818,-0.20366576,0.84669566,4.460392,1.2512853,-0.58030236
1747679457.9604855,0.37163818,-0.20366576,0.84669566,4.460392,1.2512853,-0.58030236
1747679457.9610338,0.37163818,-0.20366576,0.84669566,4.2878194,1.613475,-0.65167505
1747679457.9615924,0.36480457,-0.18658176,0.73979855,4.2878194,1.613475,-0.65167505
1747679457.9621549,0.36480457,-0.18658176,0.73979855,4.2878194,1.613475,-0.65167505
1747679457.9626966,0.36480457,-0.18658176,0.73979855,4.2878194,1.613475,-0.65167505
1747679457.963236,0.36480457,-0.18658176,0.73979855,4.2878194,1.613475,-0.65167505
1747679457.9637852,0.36480457,-0.18658176,0.73979855,4.2878194,1.613475,-0.65167505
1747679457.9643373,0.36480457,-0.18658176,0.73979855,4.2878194,1.613475,-0.65167505
1747679457.9648786,0.36480457,-0.18658176,0.73979855,4.2878194,1.613475,-0.65167505
1747679457.96542,0.36480457,-0.18658176,0.73979855,4.2878194,1.613475,-0.65167505
1747679457.9659603,0.36480457,-0.18658176,0.73979855,4.2878194,1.613475,-0.65167505
1747679457.9665003,0.36480457,-0.18658176,0.73979855,4.2878194,1.613475,-0.65167505
1747679457.9670365,0.36480457,-0.18658176,0.73979855,4.2878194,1.613475,-0.65167505
1747679457.967573,0.36480457,-0.18658176,0.73979855,4.2878194,1.613475,-0.65167505
1747679457.968109,0.36480457,-0.18658176,0.73979855,4.2878194,1.613475,-0.65167505
1747679457.9686444,0.36480457,-0.18658176,0.73979855,4.2878194,1.613475,-0.65167505
1747679457.96918,0.36480457,-0.18658176,0.73979855,4.2878194,1.613475,-0.65167505
1747679457.9704418,0.36480457,-0.18658176,0.73979855,4.1472044,1.8094834,-0.6900245
1747679457.9710052,0.34039885,-0.1680334,0.7017256,4.1472044,1.8094834,-0.6900245
1747679457.971526,0.34039885,-0.1680334,0.7017256,4.1472044,1.8094834,-0.6900245
1747679457.972065,0.34039885,-0.1680334,0.7017256,4.1472044,1.8094834,-0.6900245
1747679457.9726017,0.34039885,-0.1680334,0.7017256,4.1472044,1.8094834,-0.6900245
1747679457.973139,0.34039885,-0.1680334,0.7017256,4.1472044,1.8094834,-0.6900245
1747679457.9736757,0.34039885,-0.1680334,0.7017256,4.1472044,1.8094834,-0.6900245
1747679457.974355,0.34039885,-0.1680334,0.7017256,4.1472044,1.8094834,-0.6900245
1747679457.9749088,0.34039885,-0.1680334,0.7017256,4.1472044,1.8094834,-0.6900245
1747679457.975449,0.34039885,-0.1680334,0.7017256,4.1472044,1.8094834,-0.6900245
1747679457.9759934,0.34039885,-0.1680334,0.7017256,4.1472044,1.8094834,-0.6900245
1747679457.9765413,0.34039885,-0.1680334,0.7017256,4.1472044,1.8094834,-0.6900245
1747679457.9771001,0.34039885,-0.1680334,0.7017256,4.1472044,1.8094834,-0.6900245
1747679457.9776452,0.34039885,-0.1680334,0.7017256,4.1472044,1.8094834,-0.6900245
1747679457.9781811,0.34039885,-0.1680334,0.7017256,4.1472044,1.8094834,-0.6900245
1747679457.9787166,0.34039885,-0.1680334,0.7017256,4.1472044,1.8094834,-0.6900245
1747679457.9792526,0.34039885,-0.1680334,0.7017256,4.1472044,1.8094834,-0.6900245
1747679457.9797885,0.34039885,-0.1680334,0.7017256,4.1472044,1.8094834,-0.6900245
1747679457.9803298,0.28621814,-0.14460392,0.6885465,4.1472044,1.8094834,-0.6900245
1747679457.9808705,0.28621814,-0.14460392,0.6885465,4.1472044,1.8094834,-0.6900245
1747679457.9814076,0.28621814,-0.14460392,0.6885465,4.1472044,1.8094834,-0.6900245
1747679457.981948,0.28621814,-0.14460392,0.6885465,4.0566573,1.8563551,-0.7177214
1747679457.982486,0.28621814,-0.14460392,0.6885465,4.0566573,1.8563551,-0.7177214
1747679457.983023,0.28621814,-0.14460392,0.6885465,4.0566573,1.8563551,-0.7177214
1747679457.9835606,0.28621814,-0.14460392,0.6885465,4.0566573,1.8563551,-0.7177214
1747679457.984096,0.28621814,-0.14460392,0.6885465,4.0566573,1.8563551,-0.7177214
1747679457.9853022,0.28621814,-0.14460392,0.6885465,4.0566573,1.8563551,-0.7177214
1747679457.9858696,0.28621814,-0.14460392,0.6885465,4.0566573,1.8563551,-0.7177214
1747679457.9864218,0.28621814,-0.14460392,0.6885465,4.0566573,1.8563551,-0.7177214
1747679457.9869602,0.28621814,-0.14460392,0.6885465,4.0566573,1.8563551,-0.7177214
1747679457.9874969,0.28621814,-0.14460392,0.6885465,4.0566573,1.8563551,-0.7177214
1747679457.988034,0.28621814,-0.14460392,0.6885465,4.0566573,1.8563551,-0.7177214
1747679457.9885893,0.28621814,-0.14460392,0.6885465,4.0566573,1.8563551,-0.7177214
1747679457.9891353,0.28621814,-0.14460392,0.6885465,4.0566573,1.8563551,-0.7177214
1747679457.9897132,0.28621814,-0.14460392,0.6885465,4.0566573,1.8563551,-0.7177214
1747679457.990273,0.28621814,-0.14460392,0.6885465,4.0566573,1.8563551,-0.7177214
1747679457.9908373,0.28621814,-0.14460392,0.6885465,4.0566573,1.8563551,-0.7177214
1747679457.9913845,0.28621814,-0.14460392,0.6885465,4.0566573,1.8563551,-0.7177214
1747679457.9919252,0.28621814,-0.14460392,0.6885465,4.0566573,1.8563551,-0.7177214
1747679457.9924664,0.24326405,-0.12849614,0.67976046,4.0385475,1.8286582,-0.71878666
1747679457.9930093,0.24326405,-0.12849614,0.67976046,4.0385475,1.8286582,-0.71878666
1747679457.9935484,0.24326405,-0.12849614,0.67976046,4.0385475,1.8286582,-0.71878666
1747679457.9940872,0.24326405,-0.12849614,0.67976046,4.0385475,1.8286582,-0.71878666
1747679457.9946275,0.24326405,-0.12849614,0.67976046,4.0385475,1.8286582,-0.71878666
1747679457.9951754,0.24326405,-0.12849614,0.67976046,4.0385475,1.8286582,-0.71878666
1747679457.9957116,0.24326405,-0.12849614,0.67976046,4.0385475,1.8286582,-0.71878666
1747679457.996234,0.24326405,-0.12849614,0.67976046,4.0385475,1.8286582,-0.71878666
1747679457.9967525,0.24326405,-0.12849614,0.67976046,4.0385475,1.8286582,-0.71878666
1747679457.9972708,0.24326405,-0.12849614,0.67976046,4.0385475,1.8286582,-0.71878666
1747679457.997789,0.24326405,-0.12849614,0.67976046,4.0385475,1.8286582,-0.71878666
1747679457.9983068,0.24326405,-0.12849614,0.67976046,4.0385475,1.8286582,-0.71878666
1747679457.9988244,0.24326405,-0.12849614,0.67976046,4.0385475,1.8286582,-0.71878666
1747679457.9993427,0.24326405,-0.12849614,0.67976046,4.0385475,1.8286582,-0.71878666
1747679457.9998605,0.24326405,-0.12849614,0.67976046,4.0385475,1.8286582,-0.71878666
1747679458.000383,0.24326405,-0.12849614,0.67976046,4.0385475,1.8286582,-0.71878666
1747679458.0009487,0.24326405,-0.12849614,0.67976046,4.0385475,1.8286582,-0.71878666
1747679458.001501,0.24326405,-0.12849614,0.67976046,4.0385475,1.8286582,-0.71878666
1747679458.0020342,0.24326405,-0.12849614,0.67976046,4.0385475,1.8286582,-0.71878666
1747679458.002557,0.24326405,-0.12849614,0.67976046,4.0385475,1.8286582,-0.71878666
1747679458.0030787,0.24326405,-0.12849614,0.67976046,4.0385475,1.8286582,-0.71878666
1747679458.0035985,0.24326405,-0.12849614,0.67976046,4.0385475,1.8286582,-0.71878666
1747679458.0041356,0.18029729,-0.09774493,0.62997276,4.0385475,1.8286582,-0.71878666
1747679458.004903,0.18029729,-0.09774493,0.62997276,4.023634,1.6773908,-0.6846982
1747679458.0054557,0.18029729,-0.09774493,0.62997276,4.023634,1.6773908,-0.6846982
1747679458.0059988,0.18029729,-0.09774493,0.62997276,4.023634,1.6773908,-0.6846982
1747679458.006546,0.18029729,-0.09774493,0.62997276,4.023634,1.6773908,-0.6846982
1747679458.0070894,0.18029729,-0.09774493,0.62997276,4.023634,1.6773908,-0.6846982
1747679458.0076227,0.18029729,-0.09774493,0.62997276,4.023634,1.6773908,-0.6846982
1747679458.0081427,0.18029729,-0.09774493,0.62997276,4.023634,1.6773908,-0.6846982
1747679458.008661,0.18029729,-0.09774493,0.62997276,4.023634,1.6773908,-0.6846982
1747679458.0091794,0.18029729,-0.09774493,0.62997276,4.023634,1.6773908,-0.6846982
1747679458.0096974,0.18029729,-0.09774493,0.62997276,4.023634,1.6773908,-0.6846982
1747679458.010216,0.18029729,-0.09774493,0.62997276,4.023634,1.6773908,-0.6846982
1747679458.010734,0.18029729,-0.09774493,0.62997276,4.023634,1.6773908,-0.6846982
1747679458.0112522,0.18029729,-0.09774493,0.62997276,4.023634,1.6773908,-0.6846982
1747679458.0117705,0.18029729,-0.09774493,0.62997276,4.023634,1.6773908,-0.6846982
1747679458.0122883,0.18029729,-0.09774493,0.62997276,4.023634,1.6773908,-0.6846982
1747679458.0128107,0.18029729,-0.09774493,0.62997276,4.023634,1.6773908,-0.6846982
1747679458.0133307,0.18029729,-0.09774493,0.62997276,4.023634,1.6773908,-0.6846982
1747679458.0138488,0.18029729,-0.09774493,0.62997276,4.023634,1.6773908,-0.6846982
1747679458.014387,0.18029729,-0.09774493,0.62997276,4.011916,1.4675338,-0.63676137
1747679458.0149412,0.18029729,-0.09774493,0.62997276,4.011916,1.4675338,-0.63676137
1747679458.0154836,0.136367,-0.076756,0.6089838,4.011916,1.4675338,-0.63676137
1747679458.0160115,0.136367,-0.076756,0.6089838,4.011916,1.4675338,-0.63676137
1747679458.016563,0.136367,-0.076756,0.6089838,4.011916,1.4675338,-0.63676137
1747679458.0171154,0.136367,-0.076756,0.6089838,4.011916,1.4675338,-0.63676137
1747679458.0176485,0.136367,-0.076756,0.6089838,4.011916,1.4675338,-0.63676137
1747679458.0181682,0.136367,-0.076756,0.6089838,4.011916,1.4675338,-0.63676137
1747679458.018687,0.136367,-0.076756,0.6089838,4.011916,1.4675338,-0.63676137
1747679458.0192049,0.136367,-0.076756,0.6089838,4.011916,1.4675338,-0.63676137
1747679458.0197227,0.136367,-0.076756,0.6089838,4.011916,1.4675338,-0.63676137
1747679458.020247,0.136367,-0.076756,0.6089838,4.011916,1.4675338,-0.63676137
1747679458.0207844,0.136367,-0.076756,0.6089838,4.011916,1.4675338,-0.63676137
1747679458.0213044,0.136367,-0.076756,0.6089838,4.011916,1.4675338,-0.63676137
1747679458.0218227,0.136367,-0.076756,0.6089838,4.011916,1.4675338,-0.63676137
1747679458.022341,0.136367,-0.076756,0.6089838,4.011916,1.4675338,-0.63676137
1747679458.0228593,0.136367,-0.076756,0.6089838,4.011916,1.4675338,-0.63676137
1747679458.0233772,0.136367,-0.076756,0.6089838,4.011916,1.4675338,-0.63676137
1747679458.0239103,0.136367,-0.076756,0.6089838,4.011916,1.4675338,-0.63676137
1747679458.0244508,0.136367,-0.076756,0.6089838,4.011916,1.4675338,-0.63676137
1747679458.0249736,0.136367,-0.076756,0.6089838,4.011916,1.4675338,-0.63676137
1747679458.0254962,0.16809443,-0.044052333,0.5333261,3.991676,1.3269191,-0.56858444
1747679458.026017,0.16809443,-0.044052333,0.5333261,3.991676,1.3269191,-0.56858444
1747679458.0265355,0.16809443,-0.044052333,0.5333261,3.991676,1.3269191,-0.56858444
1747679458.0270538,0.16809443,-0.044052333,0.5333261,3.991676,1.3269191,-0.56858444
1747679458.0275717,0.16809443,-0.044052333,0.5333261,3.991676,1.3269191,-0.56858444
1747679458.02809,0.16809443,-0.044052333,0.5333261,3.991676,1.3269191,-0.56858444
1747679458.028608,0.16809443,-0.044052333,0.5333261,3.991676,1.3269191,-0.56858444
1747679458.029126,0.16809443,-0.044052333,0.5333261,3.991676,1.3269191,-0.56858444
1747679458.0296438,0.16809443,-0.044052333,0.5333261,3.991676,1.3269191,-0.56858444
1747679458.0301619,0.16809443,-0.044052333,0.5333261,3.991676,1.3269191,-0.56858444
1747679458.0306828,0.19933376,-0.016229806,0.46450198,3.991676,1.3269191,-0.56858444
1747679458.0312052,0.19933376,-0.016229806,0.46450198,3.9075203,1.2896348,-0.59521604
1747679458.03173,0.19933376,-0.016229806,0.46450198,3.9075203,1.2896348,-0.59521604
1747679458.0322819,0.19933376,-0.016229806,0.46450198,3.9075203,1.2896348,-0.59521604
1747679458.0328298,0.19933376,-0.016229806,0.46450198,3.9075203,1.2896348,-0.59521604
1747679458.0333626,0.19933376,-0.016229806,0.46450198,3.9075203,1.2896348,-0.59521604
1747679458.0338826,0.19933376,-0.016229806,0.46450198,3.9075203,1.2896348,-0.59521604
1747679458.034418,0.19933376,-0.016229806,0.46450198,3.9075203,1.2896348,-0.59521604
1747679458.035085,0.19933376,-0.016229806,0.46450198,3.9075203,1.2896348,-0.59521604
1747679458.0356402,0.19933376,-0.016229806,0.46450198,3.9075203,1.2896348,-0.59521604
1747679458.036281,0.19933376,-0.016229806,0.46450198,3.9075203,1.2896348,-0.59521604
1747679458.0368295,0.19933376,-0.016229806,0.46450198,3.9075203,1.2896348,-0.59521604
1747679458.0374005,0.19933376,-0.016229806,0.46450198,3.9075203,1.2896348,-0.59521604
1747679458.037921,0.19933376,-0.016229806,0.46450198,3.9075203,1.2896348,-0.59521604
1747679458.0384414,0.19933376,-0.016229806,0.46450198,3.9075203,1.2896348,-0.59521604
1747679458.0389626,0.19933376,-0.016229806,0.46450198,3.793537,1.3780516,-0.62291294
1747679458.039483,0.17932107,0.010128376,0.41129744,3.793537,1.3780516,-0.62291294
1747679458.0400019,0.17932107,0.010128376,0.41129744,3.793537,1.3780516,-0.62291294
1747679458.0405202,0.17932107,0.010128376,0.41129744,3.793537,1.3780516,-0.62291294
1747679458.0410383,0.17932107,0.010128376,0.41129744,3.793537,1.3780516,-0.62291294
1747679458.0415561,0.17932107,0.010128376,0.41129744,3.793537,1.3780516,-0.62291294
1747679458.0420744,0.17932107,0.010128376,0.41129744,3.793537,1.3780516,-0.62291294
1747679458.0425923,0.17932107,0.010128376,0.41129744,3.793537,1.3780516,-0.62291294
1747679458.0431104,0.17932107,0.010128376,0.41129744,3.793537,1.3780516,-0.62291294
1747679458.0436635,0.17932107,0.010128376,0.41129744,3.793537,1.3780516,-0.62291294
1747679458.044208,0.17932107,0.010128376,0.41129744,3.793537,1.3780516,-0.62291294
1747679458.0447297,0.17932107,0.010128376,0.41129744,3.793537,1.3780516,-0.62291294
1747679458.045248,0.17932107,0.010128376,0.41129744,3.793537,1.3780516,-0.62291294
1747679458.0457666,0.17932107,0.010128376,0.41129744,3.793537,1.3780516,-0.62291294
1747679458.046285,0.17932107,0.010128376,0.41129744,3.793537,1.3780516,-0.62291294
1747679458.0468028,0.17932107,0.010128376,0.41129744,3.793537,1.3780516,-0.62291294
1747679458.0473554,0.17932107,0.010128376,0.41129744,3.793537,1.3780516,-0.62291294
1747679458.047934,0.17932107,0.010128376,0.41129744,3.793537,1.3780516,-0.62291294
1747679458.0484993,0.17932107,0.010128376,0.41129744,3.793537,1.3780516,-0.62291294
1747679458.0490324,0.17932107,0.010128376,0.41129744,3.793537,1.3780516,-0.62291294
1747679458.049552,0.17932107,0.010128376,0.41129744,3.793537,1.3780516,-0.62291294
1747679458.0500703,0.17932107,0.010128376,0.41129744,3.793537,1.3780516,-0.62291294
1747679458.0506392,0.17932107,0.010128376,0.41129744,3.793537,1.3780516,-0.62291294
1747679458.0511973,0.18664278,0.04429639,0.34979504,3.647596,1.5644728,-0.6239782
1747679458.0517302,0.18664278,0.04429639,0.34979504,3.647596,1.5644728,-0.6239782
1747679458.0522504,0.18664278,0.04429639,0.34979504,3.647596,1.5644728,-0.6239782
1747679458.052769,0.18664278,0.04429639,0.34979504,3.647596,1.5644728,-0.6239782
1747679458.053287,0.18664278,0.04429639,0.34979504,3.647596,1.5644728,-0.6239782
1747679458.0538394,0.18664278,0.04429639,0.34979504,3.647596,1.5644728,-0.6239782
1747679458.0543802,0.18664278,0.04429639,0.34979504,3.647596,1.5644728,-0.6239782
1747679458.0549,0.18664278,0.04429639,0.34979504,3.647596,1.5644728,-0.6239782
1747679458.0554187,0.18664278,0.04429639,0.34979504,3.647596,1.5644728,-0.6239782
1747679458.0559397,0.18664278,0.04429639,0.34979504,3.647596,1.5644728,-0.6239782
1747679458.0564609,0.18664278,0.04429639,0.34979504,3.647596,1.5644728,-0.6239782
1747679458.056982,0.18664278,0.04429639,0.34979504,3.647596,1.5644728,-0.6239782
1747679458.0575027,0.18664278,0.04429639,0.34979504,3.647596,1.5644728,-0.6239782
1747679458.0580237,0.18664278,0.04429639,0.34979504,3.647596,1.5644728,-0.6239782
1747679458.0585444,0.18664278,0.04429639,0.34979504,3.647596,1.5644728,-0.6239782
1747679458.0590649,0.18664278,0.04429639,0.34979504,3.647596,1.5644728,-0.6239782
1747679458.0595856,0.18664278,0.04429639,0.34979504,3.647596,1.5644728,-0.6239782
1747679458.0601068,0.18664278,0.04429639,0.34979504,3.647596,1.5644728,-0.6239782
1747679458.060628,0.18664278,0.04429639,0.34979504,3.647596,1.5644728,-0.6239782
1747679458.0611491,0.18664278,0.04429639,0.34979504,3.647596,1.5644728,-0.6239782
1747679458.06167,0.20030999,0.083833665,0.28829262,3.449457,1.8030919,-0.6570014
1747679458.062195,0.20030999,0.083833665,0.28829262,3.449457,1.8030919,-0.6570014
1747679458.0627182,0.20030999,0.083833665,0.28829262,3.449457,1.8030919,-0.6570014
1747679458.0632694,0.20030999,0.083833665,0.28829262,3.449457,1.8030919,-0.6570014
1747679458.0638402,0.20030999,0.083833665,0.28829262,3.449457,1.8030919,-0.6570014
1747679458.0644114,0.20030999,0.083833665,0.28829262,3.449457,1.8030919,-0.6570014
1747679458.064967,0.20030999,0.083833665,0.28829262,3.449457,1.8030919,-0.6570014
1747679458.0655377,0.20030999,0.083833665,0.28829262,3.449457,1.8030919,-0.6570014
1747679458.0661285,0.20030999,0.083833665,0.28829262,3.449457,1.8030919,-0.6570014
1747679458.0666897,0.20030999,0.083833665,0.28829262,3.449457,1.8030919,-0.6570014
1747679458.067236,0.20030999,0.083833665,0.28829262,3.449457,1.8030919,-0.6570014
1747679458.0677714,0.20030999,0.083833665,0.28829262,3.449457,1.8030919,-0.6570014
1747679458.0682967,0.20030999,0.083833665,0.28829262,3.449457,1.8030919,-0.6570014
1747679458.068818,0.20030999,0.083833665,0.28829262,3.449457,1.8030919,-0.6570014
1747679458.0693393,0.20030999,0.083833665,0.28829262,3.449457,1.8030919,-0.6570014
1747679458.0698605,0.20030999,0.083833665,0.28829262,3.449457,1.8030919,-0.6570014
1747679458.0703819,0.20030999,0.083833665,0.28829262,3.449457,1.8030919,-0.6570014
1747679458.0709093,0.20030999,0.083833665,0.28829262,3.449457,1.8030919,-0.6570014
1747679458.0714166,0.20030999,0.083833665,0.28829262,3.449457,1.8030919,-0.6570014
1747679458.0719366,0.16467762,0.11409676,0.2336238,3.2491872,2.1216056,-0.6932203
1747679458.072455,0.16467762,0.11409676,0.2336238,3.2491872,2.1216056,-0.6932203
1747679458.072973,0.16467762,0.11409676,0.2336238,3.2491872,2.1216056,-0.6932203
1747679458.0735245,0.16467762,0.11409676,0.2336238,3.2491872,2.1216056,-0.6932203
1747679458.0740647,0.16467762,0.11409676,0.2336238,3.2491872,2.1216056,-0.6932203
1747679458.074584,0.16467762,0.11409676,0.2336238,3.2491872,2.1216056,-0.6932203
1747679458.0751026,0.16467762,0.11409676,0.2336238,3.2491872,2.1216056,-0.6932203
1747679458.0756207,0.16467762,0.11409676,0.2336238,3.2491872,2.1216056,-0.6932203
1747679458.0761385,0.16467762,0.11409676,0.2336238,3.2491872,2.1216056,-0.6932203
1747679458.076657,0.16467762,0.11409676,0.2336238,3.2491872,2.1216056,-0.6932203
1747679458.0771751,0.16467762,0.11409676,0.2336238,3.2491872,2.1216056,-0.6932203
1747679458.0776932,0.16467762,0.11409676,0.2336238,3.2491872,2.1216056,-0.6932203
1747679458.0782113,0.16467762,0.11409676,0.2336238,3.2491872,2.1216056,-0.6932203
1747679458.0787294,0.16467762,0.11409676,0.2336238,3.2491872,2.1216056,-0.6932203
1747679458.079281,0.16467762,0.11409676,0.2336238,3.2491872,2.1216056,-0.6932203
1747679458.0798533,0.107568234,0.14680044,0.19066972,3.0403955,2.413488,-0.69215506
1747679458.0804055,0.107568234,0.14680044,0.19066972,3.0403955,2.413488,-0.69215506
1747679458.080994,0.107568234,0.14680044,0.19066972,3.0403955,2.413488,-0.69215506
1747679458.0815566,0.107568234,0.14680044,0.19066972,3.0403955,2.413488,-0.69215506
1747679458.0821247,0.107568234,0.14680044,0.19066972,3.0403955,2.413488,-0.69215506
1747679458.082658,0.107568234,0.14680044,0.19066972,3.0403955,2.413488,-0.69215506
1747679458.0831778,0.107568234,0.14680044,0.19066972,3.0403955,2.413488,-0.69215506
1747679458.0837312,0.107568234,0.14680044,0.19066972,3.0403955,2.413488,-0.69215506
1747679458.0842724,0.107568234,0.14680044,0.19066972,3.0403955,2.413488,-0.69215506
1747679458.0847926,0.107568234,0.14680044,0.19066972,3.0403955,2.413488,-0.69215506
1747679458.0853112,0.107568234,0.14680044,0.19066972,3.0403955,2.413488,-0.69215506
1747679458.0858297,0.107568234,0.14680044,0.19066972,3.0403955,2.413488,-0.69215506
1747679458.0863476,0.107568234,0.14680044,0.19066972,3.0403955,2.413488,-0.69215506
1747679458.0868654,0.107568234,0.14680044,0.19066972,3.0403955,2.413488,-0.69215506
1747679458.0873833,0.107568234,0.14680044,0.19066972,3.0403955,2.413488,-0.69215506
1747679458.087901,0.107568234,0.14680044,0.19066972,3.0403955,2.413488,-0.69215506
1747679458.088419,0.107568234,0.14680044,0.19066972,3.0403955,2.413488,-0.69215506
1747679458.088937,0.107568234,0.14680044,0.19066972,3.0403955,2.413488,-0.69215506
1747679458.089455,0.107568234,0.14680044,0.19066972,3.0403955,2.413488,-0.69215506
1747679458.089973,0.107568234,0.14680044,0.19066972,3.0403955,2.413488,-0.69215506
1747679458.0904908,0.107568234,0.14680044,0.19066972,3.0403955,2.413488,-0.69215506
1747679458.0910091,0.025564997,0.1721824,0.21605167,2.896585,2.6031048,-0.667654
1747679458.091527,0.025564997,0.1721824,0.21605167,2.896585,2.6031048,-0.667654
1747679458.0920465,0.025564997,0.1721824,0.21605167,2.896585,2.6031048,-0.667654
1747679458.092567,0.025564997,0.1721824,0.21605167,2.896585,2.6031048,-0.667654
1747679458.0930853,0.025564997,0.1721824,0.21605167,2.896585,2.6031048,-0.667654
1747679458.0936031,0.025564997,0.1721824,0.21605167,2.896585,2.6031048,-0.667654
1747679458.0941572,0.025564997,0.1721824,0.21605167,2.896585,2.6031048,-0.667654
1747679458.0947328,0.025564997,0.1721824,0.21605167,2.896585,2.6031048,-0.667654
1747679458.0952778,0.025564997,0.1721824,0.21605167,2.896585,2.6031048,-0.667654
1747679458.095857,0.025564997,0.1721824,0.21605167,2.896585,2.6031048,-0.667654
1747679458.0964415,0.025564997,0.1721824,0.21605167,2.896585,2.6031048,-0.667654
1747679458.0970166,0.025564997,0.1721824,0.21605167,2.896585,2.6031048,-0.667654
1747679458.0975645,0.025564997,0.1721824,0.21605167,2.896585,2.6031048,-0.667654
1747679458.0980973,0.025564997,0.1721824,0.21605167,2.896585,2.6031048,-0.667654
1747679458.098617,0.025564997,0.1721824,0.21605167,2.896585,2.6031048,-0.667654
1747679458.0991354,0.025564997,0.1721824,0.21605167,2.896585,2.6031048,-0.667654
1747679458.0996537,0.025564997,0.1721824,0.21605167,2.896585,2.6031048,-0.667654
1747679458.1001718,0.025564997,0.1721824,0.21605167,2.896585,2.6031048,-0.667654
1747679458.10069,0.025564997,0.1721824,0.21605167,2.896585,2.6031048,-0.667654
1747679458.1012087,0.025564997,0.1721824,0.21605167,2.896585,2.6031048,-0.667654
1747679458.101727,-0.027639484,0.18584959,0.23508814,2.8667576,2.6446502,-0.6218476
1747679458.1022453,-0.027639484,0.18584959,0.23508814,2.8667576,2.6446502,-0.6218476
1747679458.102764,-0.027639484,0.18584959,0.23508814,2.8667576,2.6446502,-0.6218476
1747679458.103317,-0.027639484,0.18584959,0.23508814,2.8667576,2.6446502,-0.6218476
1747679458.103858,-0.027639484,0.18584959,0.23508814,2.8667576,2.6446502,-0.6218476
1747679458.1043777,-0.027639484,0.18584959,0.23508814,2.8667576,2.6446502,-0.6218476
1747679458.104896,-0.027639484,0.18584959,0.23508814,2.8667576,2.6446502,-0.6218476
1747679458.1054142,-0.027639484,0.18584959,0.23508814,2.8667576,2.6446502,-0.6218476
1747679458.1059325,-0.027639484,0.18584959,0.23508814,2.8667576,2.6446502,-0.6218476
1747679458.1064508,-0.027639484,0.18584959,0.23508814,2.8667576,2.6446502,-0.6218476
1747679458.1069684,-0.027639484,0.18584959,0.23508814,2.8667576,2.6446502,-0.6218476
1747679458.1074867,-0.027639484,0.18584959,0.23508814,2.8667576,2.6446502,-0.6218476
1747679458.1080046,-0.027639484,0.18584959,0.23508814,2.8667576,2.6446502,-0.6218476
1747679458.1085224,-0.027639484,0.18584959,0.23508814,2.8667576,2.6446502,-0.6218476
1747679458.1090405,-0.027639484,0.18584959,0.23508814,2.8667576,2.6446502,-0.6218476
1747679458.1095583,-0.027639484,0.18584959,0.23508814,2.8667576,2.6446502,-0.6218476
1747679458.1101103,-0.027639484,0.18584959,0.23508814,2.8667576,2.6446502,-0.6218476
1747679458.110687,-0.027639484,0.18584959,0.23508814,2.8667576,2.6446502,-0.6218476
1747679458.1112566,-0.027639484,0.18584959,0.23508814,2.8667576,2.6446502,-0.6218476
1747679458.1118069,-0.027639484,0.18584959,0.23508814,2.8667576,2.6446502,-0.6218476
1747679458.112338,-0.027639484,0.18584959,0.23508814,2.8667576,2.6446502,-0.6218476
1747679458.1128578,-0.027639484,0.18584959,0.23508814,2.8667576,2.6446502,-0.6218476
1747679458.11344,-0.027639484,0.18584959,0.23508814,2.8667576,2.6446502,-0.6218476
1747679458.1139832,-0.0989042,0.21074343,0.24582666,2.8667576,2.6446502,-0.6218476
1747679458.1145062,-0.0989042,0.21074343,0.24582666,2.8901935,2.5636902,-0.48442864
1747679458.1150248,-0.0989042,0.21074343,0.24582666,2.8901935,2.5636902,-0.48442864
1747679458.115543,-0.0989042,0.21074343,0.24582666,2.8901935,2.5636902,-0.48442864
1747679458.116061,-0.0989042,0.21074343,0.24582666,2.8901935,2.5636902,-0.48442864
1747679458.116579,-0.0989042,0.21074343,0.24582666,2.8901935,2.5636902,-0.48442864
1747679458.1170971,-0.0989042,0.21074343,0.24582666,2.8901935,2.5636902,-0.48442864
1747679458.1176155,-0.0989042,0.21074343,0.24582666,2.8901935,2.5636902,-0.48442864
1747679458.118133,-0.0989042,0.21074343,0.24582666,2.8901935,2.5636902,-0.48442864
1747679458.1186507,-0.0989042,0.21074343,0.24582666,2.8901935,2.5636902,-0.48442864
1747679458.1191685,-0.0989042,0.21074343,0.24582666,2.8901935,2.5636902,-0.48442864
1747679458.1196864,-0.0989042,0.21074343,0.24582666,2.8901935,2.5636902,-0.48442864
1747679458.1202044,-0.0989042,0.21074343,0.24582666,2.8901935,2.5636902,-0.48442864
1747679458.1207228,-0.0989042,0.21074343,0.24582666,2.8901935,2.5636902,-0.48442864
1747679458.1212409,-0.0989042,0.21074343,0.24582666,2.8901935,2.5636902,-0.48442864
1747679458.1217623,-0.0989042,0.21074343,0.24582666,2.8901935,2.5636902,-0.48442864
1747679458.1222827,-0.0989042,0.21074343,0.24582666,2.8901935,2.5636902,-0.48442864
1747679458.1228032,-0.10769027,0.2371016,0.22532587,2.9754145,2.3399847,-0.36405385
1747679458.1233215,-0.10769027,0.2371016,0.22532587,2.9754145,2.3399847,-0.36405385
1747679458.1238928,-0.10769027,0.2371016,0.22532587,2.9754145,2.3399847,-0.36405385
1747679458.1244311,-0.10769027,0.2371016,0.22532587,2.9754145,2.3399847,-0.36405385
1747679458.1249518,-0.10769027,0.2371016,0.22532587,2.9754145,2.3399847,-0.36405385
1747679458.1254702,-0.10769027,0.2371016,0.22532587,2.9754145,2.3399847,-0.36405385
1747679458.1260219,-0.10769027,0.2371016,0.22532587,2.9754145,2.3399847,-0.36405385
1747679458.126606,-0.10769027,0.2371016,0.22532587,2.9754145,2.3399847,-0.36405385
1747679458.127193,-0.10769027,0.2371016,0.22532587,2.9754145,2.3399847,-0.36405385
1747679458.12774,-0.10769027,0.2371016,0.22532587,2.9754145,2.3399847,-0.36405385
1747679458.1282725,-0.10769027,0.2371016,0.22532587,2.9754145,2.3399847,-0.36405385
1747679458.1287923,-0.10769027,0.2371016,0.22532587,2.9754145,2.3399847,-0.36405385
1747679458.129311,-0.10769027,0.2371016,0.22532587,2.9754145,2.3399847,-0.36405385
1747679458.1298301,-0.10769027,0.2371016,0.22532587,2.9754145,2.3399847,-0.36405385
1747679458.1303487,-0.10769027,0.2371016,0.22532587,2.9754145,2.3399847,-0.36405385
1747679458.1308672,-0.10769027,0.2371016,0.22532587,2.9754145,2.3399847,-0.36405385
1747679458.1313853,-0.10769027,0.2371016,0.22532587,2.9754145,2.3399847,-0.36405385
1747679458.1319034,-0.10769027,0.2371016,0.22532587,2.9754145,2.3399847,-0.36405385
1747679458.132422,-0.10769027,0.2371016,0.22532587,2.9754145,2.3399847,-0.36405385
1747679458.132942,-0.10769027,0.2371016,0.22532587,2.9754145,2.3399847,-0.36405385
1747679458.1334624,-0.071569785,0.277127,0.1765144,3.086202,2.009753,-0.2830938
1747679458.1340153,-0.071569785,0.277127,0.1765144,3.086202,2.009753,-0.2830938
1747679458.134555,-0.071569785,0.277127,0.1765144,3.086202,2.009753,-0.2830938
1747679458.1350746,-0.071569785,0.277127,0.1765144,3.086202,2.009753,-0.2830938
1747679458.1355927,-0.071569785,0.277127,0.1765144,3.086202,2.009753,-0.2830938
1747679458.1361108,-0.071569785,0.277127,0.1765144,3.086202,2.009753,-0.2830938
1747679458.136629,-0.071569785,0.277127,0.1765144,3.086202,2.009753,-0.2830938
1747679458.137147,-0.071569785,0.277127,0.1765144,3.086202,2.009753,-0.2830938
1747679458.137665,-0.071569785,0.277127,0.1765144,3.086202,2.009753,-0.2830938
1747679458.1381826,-0.071569785,0.277127,0.1765144,3.086202,2.009753,-0.2830938
1747679458.138701,-0.071569785,0.277127,0.1765144,3.086202,2.009753,-0.2830938
1747679458.1392193,-0.071569785,0.277127,0.1765144,3.086202,2.009753,-0.2830938
1747679458.1397374,-0.071569785,0.277127,0.1765144,3.086202,2.009753,-0.2830938
1747679458.140256,-0.071569785,0.277127,0.1765144,3.086202,2.009753,-0.2830938
1747679458.1407743,-0.071569785,0.277127,0.1765144,3.086202,2.009753,-0.2830938
1747679458.1412928,-0.071569785,0.277127,0.1765144,3.086202,2.009753,-0.2830938
1747679458.1418412,-0.071569785,0.277127,0.1765144,3.086202,2.009753,-0.2830938
1747679458.1424203,-0.04814029,0.31861675,0.07303413,3.200185,1.5378412,-0.26818013
1747679458.142964,-0.04814029,0.31861675,0.07303413,3.200185,1.5378412,-0.26818013
1747679458.143497,-0.04814029,0.31861675,0.07303413,3.200185,1.5378412,-0.26818013
1747679458.1440163,-0.04814029,0.31861675,0.07303413,3.200185,1.5378412,-0.26818013
1747679458.1445696,-0.04814029,0.31861675,0.07303413,3.200185,1.5378412,-0.26818013
1747679458.1451108,-0.04814029,0.31861675,0.07303413,3.200185,1.5378412,-0.26818013
1747679458.1456308,-0.04814029,0.31861675,0.07303413,3.200185,1.5378412,-0.26818013
1747679458.146149,-0.04814029,0.31861675,0.07303413,3.200185,1.5378412,-0.26818013
1747679458.146667,-0.04814029,0.31861675,0.07303413,3.200185,1.5378412,-0.26818013
1747679458.1471848,-0.04814029,0.31861675,0.07303413,3.200185,1.5378412,-0.26818013
1747679458.1477027,-0.04814029,0.31861675,0.07303413,3.200185,1.5378412,-0.26818013
1747679458.1482208,-0.04814029,0.31861675,0.07303413,3.200185,1.5378412,-0.26818013
1747679458.1487389,-0.04814029,0.31861675,0.07303413,3.200185,1.5378412,-0.26818013
1747679458.1492567,-0.04814029,0.31861675,0.07303413,3.200185,1.5378412,-0.26818013
1747679458.1497746,-0.04814029,0.31861675,0.07303413,3.200185,1.5378412,-0.26818013
1747679458.1502924,-0.04814029,0.31861675,0.07303413,3.200185,1.5378412,-0.26818013
1747679458.150811,-0.04814029,0.31861675,0.07303413,3.200185,1.5378412,-0.26818013
1747679458.1513286,-0.04814029,0.31861675,0.07303413,3.200185,1.5378412,-0.26818013
1747679458.1518466,-0.04814029,0.31861675,0.07303413,3.200185,1.5378412,-0.26818013
1747679458.1523647,-0.04814029,0.31861675,0.07303413,3.200185,1.5378412,-0.26818013
1747679458.1528845,-0.04814029,0.31861675,0.07303413,3.200185,1.5378412,-0.26818013
1747679458.153405,-0.046187833,0.35132042,-0.009457218,3.2108378,1.2001526,-0.28842014
1747679458.1539733,-0.046187833,0.35132042,-0.009457218,3.2108378,1.2001526,-0.28842014
1747679458.1545389,-0.046187833,0.35132042,-0.009457218,3.2108378,1.2001526,-0.28842014
1747679458.1550968,-0.046187833,0.35132042,-0.009457218,3.2108378,1.2001526,-0.28842014
1747679458.1556568,-0.046187833,0.35132042,-0.009457218,3.2108378,1.2001526,-0.28842014
1747679458.156216,-0.046187833,0.35132042,-0.009457218,3.2108378,1.2001526,-0.28842014
1747679458.1567903,-0.046187833,0.35132042,-0.009457218,3.2108378,1.2001526,-0.28842014
1747679458.1574693,-0.046187833,0.35132042,-0.009457218,3.2108378,1.2001526,-0.28842014
1747679458.1580539,-0.046187833,0.35132042,-0.009457218,3.2108378,1.2001526,-0.28842014
1747679458.1586313,-0.046187833,0.35132042,-0.009457218,3.2108378,1.2001526,-0.28842014
1747679458.1592093,-0.046187833,0.35132042,-0.009457218,3.2108378,1.2001526,-0.28842014
1747679458.1597717,-0.046187833,0.35132042,-0.009457218,3.2108378,1.2001526,-0.28842014
1747679458.160367,-0.046187833,0.35132042,-0.009457218,3.2108378,1.2001526,-0.28842014
1747679458.1609304,-0.046187833,0.35132042,-0.009457218,3.1075072,0.8006788,-0.33209595
1747679458.1614857,-0.046187833,0.35132042,-0.009457218,3.1075072,0.8006788,-0.33209595
1747679458.162045,-0.046187833,0.35132042,-0.009457218,3.1075072,0.8006788,-0.33209595
1747679458.1626043,-0.046187833,0.35132042,-0.009457218,3.1075072,0.8006788,-0.33209595
1747679458.1631634,-0.046187833,0.35132042,-0.009457218,3.1075072,0.8006788,-0.33209595
1747679458.163723,-0.046187833,0.35132042,-0.009457218,3.1075072,0.8006788,-0.33209595
1747679458.1642969,-0.046187833,0.35132042,-0.009457218,3.1075072,0.8006788,-0.33209595
1747679458.1648655,-0.046187833,0.35132042,-0.009457218,3.1075072,0.8006788,-0.33209595
1747679458.1654212,-0.046187833,0.35132042,-0.009457218,3.1075072,0.8006788,-0.33209595
1747679458.1659806,-0.046187833,0.35132042,-0.009457218,3.1075072,0.8006788,-0.33209595
1747679458.1665401,-0.046187833,0.35132042,-0.009457218,3.1075072,0.8006788,-0.33209595
1747679458.1670997,-0.046187833,0.35132042,-0.009457218,3.1075072,0.8006788,-0.33209595
1747679458.1676595,-0.046187833,0.35132042,-0.009457218,3.1075072,0.8006788,-0.33209595
1747679458.1682189,-0.046187833,0.35132042,-0.009457218,3.1075072,0.8006788,-0.33209595
1747679458.1687784,-0.046187833,0.35132042,-0.009457218,3.1075072,0.8006788,-0.33209595
1747679458.1693377,-0.046187833,0.35132042,-0.009457218,3.1075072,0.8006788,-0.33209595
1747679458.1698976,-0.046187833,0.35132042,-0.009457218,3.1075072,0.8006788,-0.33209595
1747679458.1704571,-0.046187833,0.35132042,-0.009457218,3.1075072,0.8006788,-0.33209595
1747679458.171015,-0.046187833,0.35132042,-0.009457218,2.9093683,0.65047663,-0.35233596
1747679458.1715515,-0.046187833,0.35132042,-0.009457218,2.9093683,0.65047663,-0.35233596
1747679458.1721091,-0.046187833,0.35132042,-0.009457218,2.9093683,0.65047663,-0.35233596
1747679458.1726997,-0.046187833,0.35132042,-0.009457218,2.9093683,0.65047663,-0.35233596
1747679458.17327,-0.046187833,0.35132042,-0.009457218,2.9093683,0.65047663,-0.35233596
1747679458.173849,-0.046187833,0.35132042,-0.009457218,2.9093683,0.65047663,-0.35233596
1747679458.174419,-0.046187833,0.35132042,-0.009457218,2.9093683,0.65047663,-0.35233596
1747679458.1749773,-0.046187833,0.35132042,-0.009457218,2.9093683,0.65047663,-0.35233596
1747679458.1755302,-0.046187833,0.35132042,-0.009457218,2.9093683,0.65047663,-0.35233596
1747679458.176083,-0.046187833,0.35132042,-0.009457218,2.9093683,0.65047663,-0.35233596
1747679458.176636,-0.046187833,0.35132042,-0.009457218,2.9093683,0.65047663,-0.35233596
1747679458.1771886,-0.046187833,0.35132042,-0.009457218,2.9093683,0.65047663,-0.35233596
1747679458.1777453,-0.046187833,0.35132042,-0.009457218,2.9093683,0.65047663,-0.35233596
1747679458.178302,-0.046187833,0.35132042,-0.009457218,2.9093683,0.65047663,-0.35233596
1747679458.1788585,-0.046187833,0.35132042,-0.009457218,2.9093683,0.65047663,-0.35233596
1747679458.179415,-0.046187833,0.35132042,-0.009457218,2.9093683,0.65047663,-0.35233596
1747679458.1799717,-0.046187833,0.35132042,-0.009457218,2.9093683,0.65047663,-0.35233596
1747679458.1805282,-0.046187833,0.35132042,-0.009457218,2.9093683,0.65047663,-0.35233596
1747679458.1810846,-0.046187833,0.35132042,-0.009457218,2.9093683,0.65047663,-0.35233596
1747679458.1816416,-0.046187833,0.35132042,-0.009457218,2.9093683,0.65047663,-0.35233596
1747679458.182198,-0.046187833,0.35132042,-0.009457218,2.9093683,0.65047663,-0.35233596
1747679458.1827548,-0.046187833,0.35132042,-0.009457218,2.9093683,0.65047663,-0.35233596
1747679458.1833484,0.07095964,0.5289941,-0.18420221,2.9093683,0.65047663,-0.35233596
1747679458.183923,0.07095964,0.5289941,-0.18420221,2.7059028,0.7452851,-0.43116546
1747679458.1844866,0.07095964,0.5289941,-0.18420221,2.7059028,0.7452851,-0.43116546
1747679458.1850445,0.07095964,0.5289941,-0.18420221,2.7059028,0.7452851,-0.43116546
1747679458.185601,0.07095964,0.5289941,-0.18420221,2.7059028,0.7452851,-0.43116546
1747679458.1861575,0.07095964,0.5289941,-0.18420221,2.7059028,0.7452851,-0.43116546
1747679458.1867146,0.07095964,0.5289941,-0.18420221,2.7059028,0.7452851,-0.43116546
1747679458.187271,0.07095964,0.5289941,-0.18420221,2.7059028,0.7452851,-0.43116546
1747679458.1878521,0.07095964,0.5289941,-0.18420221,2.7059028,0.7452851,-0.43116546
1747679458.1884348,0.07095964,0.5289941,-0.18420221,2.7059028,0.7452851,-0.43116546
1747679458.1889973,0.07095964,0.5289941,-0.18420221,2.7059028,0.7452851,-0.43116546
1747679458.1895664,0.07095964,0.5289941,-0.18420221,2.7059028,0.7452851,-0.43116546
1747679458.1900997,0.07095964,0.5289941,-0.18420221,2.7059028,0.7452851,-0.43116546
1747679458.1906192,0.07095964,0.5289941,-0.18420221,2.7059028,0.7452851,-0.43116546
1747679458.191138,0.07095964,0.5289941,-0.18420221,2.7059028,0.7452851,-0.43116546
1747679458.1916564,0.07095964,0.5289941,-0.18420221,2.7059028,0.7452851,-0.43116546
1747679458.1921751,0.07095964,0.5289941,-0.18420221,2.7059028,0.7452851,-0.43116546
1747679458.1926937,0.07095964,0.5289941,-0.18420221,2.7059028,0.7452851,-0.43116546
1747679458.1932123,0.07095964,0.5289941,-0.18420221,2.7059028,0.7452851,-0.43116546
1747679458.19373,0.07095964,0.5289941,-0.18420221,2.7059028,0.7452851,-0.43116546
1747679458.1942642,0.07095964,0.5289941,-0.18420221,2.7059028,0.7452851,-0.43116546
1747679458.1948023,0.07095964,0.5289941,-0.18420221,2.7059028,0.7452851,-0.43116546
1747679458.1953223,0.07095964,0.5289941,-0.18420221,2.7059028,0.7452851,-0.43116546
1747679458.1958416,0.07095964,0.5289941,-0.18420221,2.7059028,0.7452851,-0.43116546
1747679458.19636,0.07095964,0.5289941,-0.18420221,2.7059028,0.7452851,-0.43116546
1747679458.1968784,0.07095964,0.5289941,-0.18420221,2.7059028,0.7452851,-0.43116546
1747679458.197397,0.07095964,0.5289941,-0.18420221,2.7059028,0.7452851,-0.43116546
1747679458.1979148,0.07095964,0.5289941,-0.18420221,2.7059028,0.7452851,-0.43116546
1747679458.198433,0.07095964,0.5289941,-0.18420221,2.7059028,0.7452851,-0.43116546
1747679458.1989517,0.07095964,0.5289941,-0.18420221,2.7059028,0.7452851,-0.43116546
1747679458.1994698,0.07095964,0.5289941,-0.18420221,2.7059028,0.7452851,-0.43116546
1747679458.1999876,0.07095964,0.5289941,-0.18420221,2.7059028,0.7452851,-0.43116546
1747679458.200506,0.07095964,0.5289941,-0.18420221,2.7059028,0.7452851,-0.43116546
1747679458.2010238,0.07095964,0.5289941,-0.18420221,2.7059028,0.7452851,-0.43116546
1747679458.201542,0.07095964,0.5289941,-0.18420221,2.7059028,0.7452851,-0.43116546
1747679458.2020602,0.07095964,0.5289941,-0.18420221,2.7059028,0.7452851,-0.43116546
1747679458.202578,0.07095964,0.5289941,-0.18420221,2.7059028,0.7452851,-0.43116546
1747679458.203118,0.07095964,0.5289941,-0.18420221,2.7059028,0.7452851,-0.43116546
1747679458.2036731,0.07095964,0.5289941,-0.18420221,2.7059028,0.7452851,-0.43116546
1747679458.2042143,0.07095964,0.5289941,-0.18420221,2.7059028,0.7452851,-0.43116546
1747679458.2047696,0.07095964,0.5289941,-0.18420221,2.7059028,0.7452851,-0.43116546
1747679458.2053185,0.07095964,0.5289941,-0.18420221,2.7059028,0.7452851,-0.43116546
1747679458.2058594,0.07095964,0.5289941,-0.18420221,2.7059028,0.7452851,-0.43116546
1747679458.2063918,0.07095964,0.5289941,-0.18420221,2.7059028,0.7452851,-0.43116546
1747679458.2069118,0.07095964,0.5289941,-0.18420221,2.7059028,0.7452851,-0.43116546
1747679458.2074301,0.07095964,0.5289941,-0.18420221,2.7059028,0.7452851,-0.43116546
1747679458.2079487,0.07095964,0.5289941,-0.18420221,2.7059028,0.7452851,-0.43116546
1747679458.2084672,0.07095964,0.5289941,-0.18420221,2.7059028,0.7452851,-0.43116546
1747679458.208985,0.07095964,0.5289941,-0.18420221,2.7059028,0.7452851,-0.43116546
1747679458.2095034,0.07095964,0.5289941,-0.18420221,2.7059028,0.7452851,-0.43116546
1747679458.2100213,0.07095964,0.5289941,-0.18420221,2.7059028,0.7452851,-0.43116546
1747679458.2105396,0.07095964,0.5289941,-0.18420221,2.7059028,0.7452851,-0.43116546
1747679458.2110577,0.07095964,0.5289941,-0.18420221,2.7059028,0.7452851,-0.43116546
1747679458.2115762,0.22618006,0.588544,-0.32331482,2.3170817,1.1831084,-0.91266465
1747679458.2120945,0.22618006,0.588544,-0.32331482,2.3170817,1.1831084,-0.91266465
1747679458.2126133,0.22618006,0.588544,-0.32331482,2.3170817,1.1831084,-0.91266465
1747679458.2131317,0.22618006,0.588544,-0.32331482,2.3170817,1.1831084,-0.91266465
1747679458.21365,0.22618006,0.588544,-0.32331482,2.3170817,1.1831084,-0.91266465
1747679458.2141812,0.22618006,0.588544,-0.32331482,2.3170817,1.1831084,-0.91266465
1747679458.2147176,0.22618006,0.588544,-0.32331482,2.3170817,1.1831084,-0.91266465
1747679458.2152376,0.22618006,0.588544,-0.32331482,2.3170817,1.1831084,-0.91266465
1747679458.215756,0.22618006,0.588544,-0.32331482,2.3170817,1.1831084,-0.91266465
1747679458.2162743,0.22618006,0.588544,-0.32331482,2.3170817,1.1831084,-0.91266465
1747679458.2167928,0.17346369,0.6168547,-0.39897257,2.0891151,1.3652685,-1.1267827
1747679458.2173114,0.17346369,0.6168547,-0.39897257,2.0891151,1.3652685,-1.1267827
1747679458.2178295,0.17346369,0.6168547,-0.39897257,2.0891151,1.3652685,-1.1267827
1747679458.2183661,0.17346369,0.6168547,-0.39897257,2.0891151,1.3652685,-1.1267827
1747679458.2189293,0.17346369,0.6168547,-0.39897257,2.0891151,1.3652685,-1.1267827
1747679458.219477,0.17346369,0.6168547,-0.39897257,2.0891151,1.3652685,-1.1267827
1747679458.220047,0.17346369,0.6168547,-0.39897257,2.0891151,1.3652685,-1.1267827
1747679458.2205942,0.17346369,0.6168547,-0.39897257,2.0891151,1.3652685,-1.1267827
1747679458.2211273,0.17346369,0.6168547,-0.39897257,2.0891151,1.3652685,-1.1267827
1747679458.2216468,0.17346369,0.6168547,-0.39897257,2.0891151,1.3652685,-1.1267827
1747679458.2221656,0.17346369,0.6168547,-0.39897257,2.0891151,1.3652685,-1.1267827
1747679458.2226849,0.17346369,0.6168547,-0.39897257,2.0891151,1.3652685,-1.1267827
1747679458.2232041,0.17346369,0.6168547,-0.39897257,2.0891151,1.3652685,-1.1267827
1747679458.2237318,0.17346369,0.6168547,-0.39897257,1.7173382,1.6166707,-1.2929637
1747679458.224259,0.17346369,0.6168547,-0.39897257,1.7173382,1.6166707,-1.2929637
1747679458.2247794,-0.0071386746,0.6793333,-0.5068459,1.7173382,1.6166707,-1.2929637
1747679458.2252977,-0.0071386746,0.6793333,-0.5068459,1.7173382,1.6166707,-1.2929637
1747679458.2258155,-0.0071386746,0.6793333,-0.5068459,1.7173382,1.6166707,-1.2929637
1747679458.2263334,-0.0071386746,0.6793333,-0.5068459,1.7173382,1.6166707,-1.2929637
1747679458.2268517,-0.0071386746,0.6793333,-0.5068459,1.7173382,1.6166707,-1.2929637
1747679458.2273693,-0.0071386746,0.6793333,-0.5068459,1.7173382,1.6166707,-1.2929637
1747679458.2278874,-0.0071386746,0.6793333,-0.5068459,1.7173382,1.6166707,-1.2929637
1747679458.2284055,-0.0071386746,0.6793333,-0.5068459,1.7173382,1.6166707,-1.2929637
1747679458.2289236,-0.0071386746,0.6793333,-0.5068459,1.7173382,1.6166707,-1.2929637
1747679458.2294412,-0.0071386746,0.6793333,-0.5068459,1.7173382,1.6166707,-1.2929637
1747679458.2299592,-0.0071386746,0.6793333,-0.5068459,1.7173382,1.6166707,-1.2929637
1747679458.2304769,-0.0071386746,0.6793333,-0.5068459,1.7173382,1.6166707,-1.2929637
1747679458.230995,-0.0071386746,0.6793333,-0.5068459,1.7173382,1.6166707,-1.2929637
1747679458.2315128,-0.0071386746,0.6793333,-0.5068459,1.7173382,1.6166707,-1.2929637
1747679458.2320306,-0.0071386746,0.6793333,-0.5068459,1.7173382,1.6166707,-1.2929637
1747679458.2325492,-0.0071386746,0.6793333,-0.5068459,1.7173382,1.6166707,-1.2929637
1747679458.2330673,-0.0071386746,0.6793333,-0.5068459,1.7173382,1.6166707,-1.2929637
1747679458.2336226,-0.1560136,0.7169182,-0.51123893,1.3157338,1.8467677,-1.3238564
1747679458.234196,-0.1560136,0.7169182,-0.51123893,1.3157338,1.8467677,-1.3238564
1747679458.2347405,-0.1560136,0.7169182,-0.51123893,1.3157338,1.8467677,-1.3238564
1747679458.2352982,-0.1560136,0.7169182,-0.51123893,1.3157338,1.8467677,-1.3238564
1747679458.2358584,-0.1560136,0.7169182,-0.51123893,1.3157338,1.8467677,-1.3238564
1747679458.236423,-0.1560136,0.7169182,-0.51123893,1.3157338,1.8467677,-1.3238564
1747679458.2369564,-0.1560136,0.7169182,-0.51123893,1.3157338,1.8467677,-1.3238564
1747679458.2375207,-0.1560136,0.7169182,-0.51123893,1.3157338,1.8467677,-1.3238564
1747679458.238041,-0.1560136,0.7169182,-0.51123893,1.3157338,1.8467677,-1.3238564
1747679458.2385592,-0.1560136,0.7169182,-0.51123893,1.3157338,1.8467677,-1.3238564
1747679458.2390773,-0.1560136,0.7169182,-0.51123893,1.3157338,1.8467677,-1.3238564
1747679458.2395954,-0.1560136,0.7169182,-0.51123893,1.3157338,1.8467677,-1.3238564
1747679458.2401135,-0.1560136,0.7169182,-0.51123893,1.3157338,1.8467677,-1.3238564
1747679458.2406313,-0.1560136,0.7169182,-0.51123893,1.3157338,1.8467677,-1.3238564
1747679458.2411492,-0.1560136,0.7169182,-0.51123893,1.3157338,1.8467677,-1.3238564
1747679458.241667,-0.1560136,0.7169182,-0.51123893,1.3157338,1.8467677,-1.3238564
1747679458.2421846,-0.1560136,0.7169182,-0.51123893,1.3157338,1.8467677,-1.3238564
1747679458.2427025,-0.1560136,0.7169182,-0.51123893,1.3157338,1.8467677,-1.3238564
1747679458.243221,-0.1560136,0.7169182,-0.51123893,1.3157338,1.8467677,-1.3238564
1747679458.2437797,-0.1560136,0.7169182,-0.51123893,1.3157338,1.8467677,-1.3238564
1747679458.2443206,-0.1560136,0.7169182,-0.51123893,1.3157338,1.8467677,-1.3238564
1747679458.2448409,-0.1560136,0.7169182,-0.51123893,1.3157338,1.8467677,-1.3238564
1747679458.2453597,-0.30342418,0.75206244,-0.43509305,0.8789757,2.025732,-1.233309
1747679458.245878,-0.30342418,0.75206244,-0.43509305,0.8789757,2.025732,-1.233309
1747679458.2463963,-0.30342418,0.75206244,-0.43509305,0.8789757,2.025732,-1.233309
1747679458.2469149,-0.30342418,0.75206244,-0.43509305,0.8789757,2.025732,-1.233309
1747679458.247433,-0.30342418,0.75206244,-0.43509305,0.8789757,2.025732,-1.233309
1747679458.247951,-0.30342418,0.75206244,-0.43509305,0.8789757,2.025732,-1.233309
1747679458.2484696,-0.30342418,0.75206244,-0.43509305,0.8789757,2.025732,-1.233309
1747679458.2490437,-0.30342418,0.75206244,-0.43509305,0.8789757,2.025732,-1.233309
1747679458.2496226,-0.30342418,0.75206244,-0.43509305,0.8789757,2.025732,-1.233309
1747679458.2501984,-0.30342418,0.75206244,-0.43509305,0.8789757,2.025732,-1.233309
1747679458.2507524,-0.30342418,0.75206244,-0.43509305,0.670184,2.1322584,-1.0777805
1747679458.2513194,-0.38298684,0.7823255,-0.3013497,0.670184,2.1322584,-1.0777805
1747679458.2519019,-0.38298684,0.7823255,-0.3013497,0.670184,2.1322584,-1.0777805
1747679458.2524703,-0.38298684,0.7823255,-0.3013497,0.670184,2.1322584,-1.0777805
1747679458.253026,-0.38298684,0.7823255,-0.3013497,0.670184,2.1322584,-1.0777805
1747679458.253579,-0.38298684,0.7823255,-0.3013497,0.670184,2.1322584,-1.0777805
1747679458.254134,-0.38298684,0.7823255,-0.3013497,0.670184,2.1322584,-1.0777805
1747679458.254694,-0.38298684,0.7823255,-0.3013497,0.670184,2.1322584,-1.0777805
1747679458.2552521,-0.38298684,0.7823255,-0.3013497,0.670184,2.1322584,-1.0777805
1747679458.2557783,-0.38298684,0.7823255,-0.3013497,0.670184,2.1322584,-1.0777805
1747679458.2563002,-0.38298684,0.7823255,-0.3013497,0.670184,2.1322584,-1.0777805
1747679458.2568219,-0.38298684,0.7823255,-0.3013497,0.670184,2.1322584,-1.0777805
1747679458.2573428,-0.38298684,0.7823255,-0.3013497,0.670184,2.1322584,-1.0777805
1747679458.2578638,-0.38298684,0.7823255,-0.3013497,0.670184,2.1322584,-1.0777805
1747679458.2583845,-0.38298684,0.7823255,-0.3013497,0.670184,2.1322584,-1.0777805
1747679458.2589056,-0.38298684,0.7823255,-0.3013497,0.670184,2.1322584,-1.0777805
1747679458.2594275,-0.38298684,0.7823255,-0.3013497,0.670184,2.1322584,-1.0777805
1747679458.2599487,-0.38298684,0.7823255,-0.3013497,0.670184,2.1322584,-1.0777805
1747679458.2604704,-0.42398846,0.81258863,-0.18322599,0.613725,2.099235,-0.89455515
1747679458.2609959,-0.42398846,0.81258863,-0.18322599,0.613725,2.099235,-0.89455515
1747679458.2615175,-0.42398846,0.81258863,-0.18322599,0.613725,2.099235,-0.89455515
1747679458.2620385,-0.42398846,0.81258863,-0.18322599,0.613725,2.099235,-0.89455515
1747679458.2625594,-0.42398846,0.81258863,-0.18322599,0.613725,2.099235,-0.89455515
1747679458.2630813,-0.42398846,0.81258863,-0.18322599,0.613725,2.099235,-0.89455515
1747679458.2636096,-0.42398846,0.81258863,-0.18322599,0.613725,2.099235,-0.89455515
1747679458.2641838,-0.42398846,0.81258863,-0.18322599,0.613725,2.099235,-0.89455515
1747679458.2647347,-0.42398846,0.81258863,-0.18322599,0.613725,2.099235,-0.89455515
1747679458.2652626,-0.42398846,0.81258863,-0.18322599,0.613725,2.099235,-0.89455515
1747679458.2657843,-0.42398846,0.81258863,-0.18322599,0.613725,2.099235,-0.89455515
1747679458.2663057,-0.42398846,0.81258863,-0.18322599,0.613725,2.099235,-0.89455515
1747679458.2668417,-0.42398846,0.81258863,-0.18322599,0.613725,2.099235,-0.89455515
1747679458.267406,-0.42398846,0.81258863,-0.18322599,0.613725,2.099235,-0.89455515
1747679458.2679625,-0.42398846,0.81258863,-0.18322599,0.613725,2.099235,-0.89455515
1747679458.2685053,-0.42398846,0.81258863,-0.18322599,0.613725,2.099235,-0.89455515
1747679458.269041,-0.42398846,0.81258863,-0.18322599,0.613725,2.099235,-0.89455515
1747679458.269563,-0.42398846,0.81258863,-0.18322599,0.613725,2.099235,-0.89455515
1747679458.2700849,-0.43765566,0.83845866,-0.11147315,0.6712493,1.9873825,-0.74541825
1747679458.2706065,-0.43765566,0.83845866,-0.11147315,0.6712493,1.9873825,-0.74541825
1747679458.2711303,-0.43765566,0.83845866,-0.11147315,0.6712493,1.9873825,-0.74541825
1747679458.2716386,-0.43765566,0.83845866,-0.11147315,0.6712493,1.9873825,-0.74541825
1747679458.2721574,-0.43765566,0.83845866,-0.11147315,0.6712493,1.9873825,-0.74541825
1747679458.2726755,-0.43765566,0.83845866,-0.11147315,0.6712493,1.9873825,-0.74541825
1747679458.2731938,-0.43765566,0.83845866,-0.11147315,0.6712493,1.9873825,-0.74541825
1747679458.27372,-0.43765566,0.83845866,-0.11147315,0.6712493,1.9873825,-0.74541825
1747679458.2742481,-0.43765566,0.83845866,-0.11147315,0.6712493,1.9873825,-0.74541825
1747679458.274768,-0.43765566,0.83845866,-0.11147315,0.6712493,1.9873825,-0.74541825
1747679458.275334,-0.43765566,0.83845866,-0.11147315,0.6712493,1.9873825,-0.74541825
1747679458.2758524,-0.43765566,0.83845866,-0.11147315,0.6712493,1.9873825,-0.74541825
1747679458.2763703,-0.43765566,0.83845866,-0.11147315,0.6712493,1.9873825,-0.74541825
1747679458.2768881,-0.43765566,0.83845866,-0.11147315,0.6712493,1.9873825,-0.74541825
1747679458.2774062,-0.43765566,0.83845866,-0.11147315,0.6712493,1.9873825,-0.74541825
1747679458.277924,-0.43765566,0.83845866,-0.11147315,0.6712493,1.9873825,-0.74541825
1747679458.2784421,-0.43765566,0.83845866,-0.11147315,0.6712493,1.9873825,-0.74541825
1747679458.2789605,-0.43765566,0.83845866,-0.11147315,0.6712493,1.9873825,-0.74541825
1747679458.2794976,-0.43765566,0.83845866,-0.11147315,0.6712493,1.9873825,-0.74541825
1747679458.2800457,-0.43765566,0.83845866,-0.11147315,0.6712493,1.9873825,-0.74541825
1747679458.2805822,-0.43765566,0.83845866,-0.11147315,0.6712493,1.9873825,-0.74541825
1747679458.2811143,-0.43765566,0.83845866,-0.11147315,0.6712493,1.9873825,-0.74541825
1747679458.281652,-0.43765566,0.83845866,-0.11147315,0.6712493,1.9873825,-0.74541825
1747679458.2821975,-0.43765566,0.83845866,-0.11147315,0.8257125,1.755155,-0.5643234
1747679458.2827575,-0.4288696,0.85895944,-0.06754284,0.8257125,1.755155,-0.5643234
1747679458.2833054,-0.4288696,0.85895944,-0.06754284,0.8257125,1.755155,-0.5643234
1747679458.2838523,-0.4288696,0.85895944,-0.06754284,0.8257125,1.755155,-0.5643234
1747679458.2843893,-0.4288696,0.85895944,-0.06754284,0.8257125,1.755155,-0.5643234
1747679458.28491,-0.4288696,0.85895944,-0.06754284,0.8257125,1.755155,-0.5643234
1747679458.285429,-0.4288696,0.85895944,-0.06754284,0.8257125,1.755155,-0.5643234
1747679458.2859473,-0.4288696,0.85895944,-0.06754284,0.8257125,1.755155,-0.5643234
1747679458.286466,-0.4288696,0.85895944,-0.06754284,0.8257125,1.755155,-0.5643234
1747679458.2869835,-0.4288696,0.85895944,-0.06754284,0.8257125,1.755155,-0.5643234
1747679458.2875013,-0.4288696,0.85895944,-0.06754284,0.8257125,1.755155,-0.5643234
1747679458.288019,-0.4288696,0.85895944,-0.06754284,0.8257125,1.755155,-0.5643234
1747679458.288537,-0.4288696,0.85895944,-0.06754284,0.8257125,1.755155,-0.5643234
1747679458.2890553,-0.4288696,0.85895944,-0.06754284,0.8257125,1.755155,-0.5643234
1747679458.2895734,-0.4288696,0.85895944,-0.06754284,0.8257125,1.755155,-0.5643234
1747679458.2900915,-0.4288696,0.85895944,-0.06754284,0.8257125,1.755155,-0.5643234
1747679458.2906098,-0.38933232,0.8711623,-0.107080124,0.8257125,1.755155,-0.5643234
1747679458.2911289,-0.38933232,0.8711623,-0.107080124,0.8257125,1.755155,-0.5643234
1747679458.291647,-0.38933232,0.8711623,-0.107080124,0.8257125,1.755155,-0.5643234
1747679458.2921653,-0.38933232,0.8711623,-0.107080124,1.025982,1.5101444,-0.4119907
1747679458.2926838,-0.38933232,0.8711623,-0.107080124,1.025982,1.5101444,-0.4119907
1747679458.2932014,-0.38933232,0.8711623,-0.107080124,1.025982,1.5101444,-0.4119907
1747679458.2937193,-0.38933232,0.8711623,-0.107080124,1.025982,1.5101444,-0.4119907
1747679458.2942474,-0.38933232,0.8711623,-0.107080124,1.025982,1.5101444,-0.4119907
1747679458.294795,-0.38933232,0.8711623,-0.107080124,1.025982,1.5101444,-0.4119907
1747679458.2953417,-0.38933232,0.8711623,-0.107080124,1.025982,1.5101444,-0.4119907
1747679458.2958667,-0.38933232,0.8711623,-0.107080124,1.025982,1.5101444,-0.4119907
1747679458.296385,-0.38933232,0.8711623,-0.107080124,1.025982,1.5101444,-0.4119907
1747679458.2969034,-0.38933232,0.8711623,-0.107080124,1.025982,1.5101444,-0.4119907
1747679458.2974215,-0.38933232,0.8711623,-0.107080124,1.025982,1.5101444,-0.4119907
1747679458.2979665,-0.38933232,0.8711623,-0.107080124,1.025982,1.5101444,-0.4119907
1747679458.29851,-0.38933232,0.8711623,-0.107080124,1.025982,1.5101444,-0.4119907
1747679458.2990732,-0.38933232,0.8711623,-0.107080124,1.025982,1.5101444,-0.4119907
1747679458.2996066,-0.38933232,0.8711623,-0.107080124,1.025982,1.5101444,-0.4119907
1747679458.3001266,-0.38933232,0.8711623,-0.107080124,1.025982,1.5101444,-0.4119907
1747679458.3006482,-0.38933232,0.8711623,-0.107080124,1.025982,1.5101444,-0.4119907
1747679458.3011692,-0.38933232,0.8711623,-0.107080124,1.025982,1.5101444,-0.4119907
1747679458.3016899,-0.36931962,0.88043654,-0.19201204,1.025982,1.5101444,-0.4119907
1747679458.3022084,-0.36931962,0.88043654,-0.19201204,1.025982,1.5101444,-0.4119907
1747679458.302727,-0.36931962,0.88043654,-0.19201204,1.2177294,1.2736559,-0.28202856
1747679458.3032455,-0.36931962,0.88043654,-0.19201204,1.2177294,1.2736559,-0.28202856
1747679458.303773,-0.36931962,0.88043654,-0.19201204,1.2177294,1.2736559,-0.28202856
1747679458.304301,-0.36931962,0.88043654,-0.19201204,1.2177294,1.2736559,-0.28202856
1747679458.304821,-0.36931962,0.88043654,-0.19201204,1.2177294,1.2736559,-0.28202856
1747679458.3053396,-0.36931962,0.88043654,-0.19201204,1.2177294,1.2736559,-0.28202856
1747679458.3058574,-0.36931962,0.88043654,-0.19201204,1.2177294,1.2736559,-0.28202856
1747679458.306376,-0.36931962,0.88043654,-0.19201204,1.2177294,1.2736559,-0.28202856
1747679458.306894,-0.36931962,0.88043654,-0.19201204,1.2177294,1.2736559,-0.28202856
1747679458.3074124,-0.36931962,0.88043654,-0.19201204,1.2177294,1.2736559,-0.28202856
1747679458.3079307,-0.36931962,0.88043654,-0.19201204,1.2177294,1.2736559,-0.28202856
1747679458.3084488,-0.36931962,0.88043654,-0.19201204,1.2177294,1.2736559,-0.28202856
1747679458.3089669,-0.36931962,0.88043654,-0.19201204,1.2177294,1.2736559,-0.28202856
1747679458.309485,-0.36931962,0.88043654,-0.19201204,1.2177294,1.2736559,-0.28202856
1747679458.3100648,-0.36931962,0.88043654,-0.19201204,1.2177294,1.2736559,-0.28202856
1747679458.310621,-0.36931962,0.88043654,-0.19201204,1.2177294,1.2736559,-0.28202856
1747679458.3111672,-0.36053357,0.882389,-0.25009766,1.2177294,1.2736559,-0.28202856
1747679458.311718,-0.36053357,0.882389,-0.25009766,1.2976242,1.2267842,-0.2042643
1747679458.3122566,-0.36053357,0.882389,-0.25009766,1.2976242,1.2267842,-0.2042643
1747679458.312789,-0.36053357,0.882389,-0.25009766,1.2976242,1.2267842,-0.2042643
1747679458.3133092,-0.36053357,0.882389,-0.25009766,1.2976242,1.2267842,-0.2042643
1747679458.313843,-0.36053357,0.882389,-0.25009766,1.2976242,1.2267842,-0.2042643
1747679458.314421,-0.36053357,0.882389,-0.25009766,1.2976242,1.2267842,-0.2042643
1747679458.314973,-0.36053357,0.882389,-0.25009766,1.2976242,1.2267842,-0.2042643
1747679458.315506,-0.36053357,0.882389,-0.25009766,1.2976242,1.2267842,-0.2042643
1747679458.3160255,-0.36053357,0.882389,-0.25009766,1.2976242,1.2267842,-0.2042643
1747679458.3165445,-0.36053357,0.882389,-0.25009766,1.2976242,1.2267842,-0.2042643
1747679458.3170629,-0.36053357,0.882389,-0.25009766,1.2976242,1.2267842,-0.2042643
1747679458.3175817,-0.36053357,0.882389,-0.25009766,1.2976242,1.2267842,-0.2042643
1747679458.3180997,-0.36053357,0.882389,-0.25009766,1.2976242,1.2267842,-0.2042643
1747679458.318618,-0.36053357,0.882389,-0.25009766,1.2976242,1.2267842,-0.2042643
1747679458.319136,-0.36053357,0.882389,-0.25009766,1.2976242,1.2267842,-0.2042643
1747679458.3196542,-0.36053357,0.882389,-0.25009766,1.2976242,1.2267842,-0.2042643
1747679458.3201723,-0.36053357,0.882389,-0.25009766,1.2976242,1.2267842,-0.2042643
1747679458.3206906,-0.36053357,0.882389,-0.25009766,1.2976242,1.2267842,-0.2042643
1747679458.32121,-0.33319917,0.8819009,-0.3457681,1.2976242,1.2267842,-0.2042643
1747679458.3217287,-0.33319917,0.8819009,-0.3457681,1.3444959,1.2182621,-0.12863058
1747679458.3222475,-0.33319917,0.8819009,-0.3457681,1.3444959,1.2182621,-0.12863058
1747679458.3227658,-0.33319917,0.8819009,-0.3457681,1.3444959,1.2182621,-0.12863058
1747679458.3232837,-0.33319917,0.8819009,-0.3457681,1.3444959,1.2182621,-0.12863058
1747679458.3238013,-0.33319917,0.8819009,-0.3457681,1.3444959,1.2182621,-0.12863058
1747679458.3243291,-0.33319917,0.8819009,-0.3457681,1.3444959,1.2182621,-0.12863058
1747679458.3248827,-0.33319917,0.8819009,-0.3457681,1.3444959,1.2182621,-0.12863058
1747679458.3254316,-0.33319917,0.8819009,-0.3457681,1.3444959,1.2182621,-0.12863058
1747679458.3259573,-0.33319917,0.8819009,-0.3457681,1.3444959,1.2182621,-0.12863058
1747679458.3264768,-0.33319917,0.8819009,-0.3457681,1.3444959,1.2182621,-0.12863058
1747679458.3269954,-0.33319917,0.8819009,-0.3457681,1.3444959,1.2182621,-0.12863058
1747679458.327514,-0.33319917,0.8819009,-0.3457681,1.3444959,1.2182621,-0.12863058
1747679458.328032,-0.33319917,0.8819009,-0.3457681,1.3444959,1.2182621,-0.12863058
1747679458.3285608,-0.33319917,0.8819009,-0.3457681,1.3444959,1.2182621,-0.12863058
1747679458.3291214,-0.33319917,0.8819009,-0.3457681,1.3444959,1.2182621,-0.12863058
1747679458.3296669,-0.33319917,0.8819009,-0.3457681,1.3444959,1.2182621,-0.12863058
1747679458.3301992,-0.33319917,0.8819009,-0.3457681,1.3444959,1.2182621,-0.12863058
1747679458.3307188,-0.33319917,0.8819009,-0.3457681,1.3444959,1.2182621,-0.12863058
1747679458.3312397,-0.33319917,0.8819009,-0.3457681,1.3444959,1.2182621,-0.12863058
1747679458.3317628,-0.33319917,0.8819009,-0.3457681,1.3444959,1.2182621,-0.12863058
1747679458.3322825,-0.33319917,0.8819009,-0.3457681,1.3444959,1.2182621,-0.12863058
1747679458.3328016,-0.2902451,0.87994844,-0.43216434,1.3444959,1.2182621,-0.12863058
1747679458.3333201,-0.2902451,0.87994844,-0.43216434,1.3444959,1.2182621,-0.12863058
1747679458.3338473,-0.2902451,0.87994844,-0.43216434,1.3647358,1.1969569,-0.095607415
1747679458.334375,-0.2902451,0.87994844,-0.43216434,1.3647358,1.1969569,-0.095607415
1747679458.3348951,-0.2902451,0.87994844,-0.43216434,1.3647358,1.1969569,-0.095607415
1747679458.3354137,-0.2902451,0.87994844,-0.43216434,1.3647358,1.1969569,-0.095607415
1747679458.335932,-0.2902451,0.87994844,-0.43216434,1.3647358,1.1969569,-0.095607415
1747679458.3364499,-0.2902451,0.87994844,-0.43216434,1.3647358,1.1969569,-0.095607415
1747679458.3369682,-0.2902451,0.87994844,-0.43216434,1.3647358,1.1969569,-0.095607415
1747679458.3374863,-0.2902451,0.87994844,-0.43216434,1.3647358,1.1969569,-0.095607415
1747679458.3380046,-0.2902451,0.87994844,-0.43216434,1.3647358,1.1969569,-0.095607415
1747679458.3385222,-0.2902451,0.87994844,-0.43216434,1.3647358,1.1969569,-0.095607415
1747679458.3390403,-0.2902451,0.87994844,-0.43216434,1.3647358,1.1969569,-0.095607415
1747679458.3395584,-0.2902451,0.87994844,-0.43216434,1.3647358,1.1969569,-0.095607415
1747679458.340097,-0.2902451,0.87994844,-0.43216434,1.3647358,1.1969569,-0.095607415
1747679458.3406608,-0.2902451,0.87994844,-0.43216434,1.3647358,1.1969569,-0.095607415
1747679458.3412058,-0.2902451,0.87994844,-0.43216434,1.3647358,1.1969569,-0.095607415
1747679458.3417306,-0.2902451,0.87994844,-0.43216434,1.3647358,1.1969569,-0.095607415
1747679458.3422494,-0.2902451,0.87994844,-0.43216434,1.3647358,1.1969569,-0.095607415
1747679458.3427677,-0.2902451,0.87994844,-0.43216434,1.3647358,1.1969569,-0.095607415
1747679458.3432858,-0.2902451,0.87994844,-0.43216434,1.3647358,1.1969569,-0.095607415
1747679458.3438094,-0.2809709,0.8755554,-0.49757174,1.377519,1.1234536,-0.10839058
1747679458.34435,-0.2809709,0.8755554,-0.49757174,1.377519,1.1234536,-0.10839058
1747679458.3449068,-0.2809709,0.8755554,-0.49757174,1.377519,1.1234536,-0.10839058
1747679458.3454394,-0.2809709,0.8755554,-0.49757174,1.377519,1.1234536,-0.10839058
1747679458.3459594,-0.2809709,0.8755554,-0.49757174,1.377519,1.1234536,-0.10839058
1747679458.3464777,-0.2809709,0.8755554,-0.49757174,1.377519,1.1234536,-0.10839058
1747679458.3469982,-0.2809709,0.8755554,-0.49757174,1.377519,1.1234536,-0.10839058
1747679458.347519,-0.2809709,0.8755554,-0.49757174,1.377519,1.1234536,-0.10839058
1747679458.3480377,-0.2809709,0.8755554,-0.49757174,1.377519,1.1234536,-0.10839058
1747679458.3485563,-0.2809709,0.8755554,-0.49757174,1.377519,1.1234536,-0.10839058
1747679458.3490748,-0.2809709,0.8755554,-0.49757174,1.377519,1.1234536,-0.10839058
1747679458.3495936,-0.2809709,0.8755554,-0.49757174,1.377519,1.1234536,-0.10839058
1747679458.3501122,-0.30537665,0.8682336,-0.57322943,1.3647358,0.9455546,-0.14567481
1747679458.3506308,-0.30537665,0.8682336,-0.57322943,1.3647358,0.9455546,-0.14567481
1747679458.351149,-0.30537665,0.8682336,-0.57322943,1.3647358,0.9455546,-0.14567481
1747679458.3516674,-0.30537665,0.8682336,-0.57322943,1.3647358,0.9455546,-0.14567481
1747679458.3521855,-0.30537665,0.8682336,-0.57322943,1.3647358,0.9455546,-0.14567481
1747679458.3527033,-0.30537665,0.8682336,-0.57322943,1.3647358,0.9455546,-0.14567481
1747679458.3532214,-0.30537665,0.8682336,-0.57322943,1.3647358,0.9455546,-0.14567481
1747679458.3537502,-0.30537665,0.8682336,-0.57322943,1.3647358,0.9455546,-0.14567481
1747679458.3542836,-0.30537665,0.8682336,-0.57322943,1.3647358,0.9455546,-0.14567481
1747679458.3548043,-0.30537665,0.8682336,-0.57322943,1.3647358,0.9455546,-0.14567481
1747679458.355346,-0.30537665,0.8682336,-0.57322943,1.3647358,0.9455546,-0.14567481
1747679458.3559027,-0.30537665,0.8682336,-0.57322943,1.3647358,0.9455546,-0.14567481
1747679458.3564353,-0.30537665,0.8682336,-0.57322943,1.3647358,0.9455546,-0.14567481
1747679458.3569698,-0.30537665,0.8682336,-0.57322943,1.3647358,0.9455546,-0.14567481
1747679458.3575006,-0.30537665,0.8682336,-0.57322943,1.3647358,0.9455546,-0.14567481
1747679458.358027,-0.30537665,0.8682336,-0.57322943,1.3647358,0.9455546,-0.14567481
1747679458.3585615,-0.30537665,0.8682336,-0.57322943,1.3647358,0.9455546,-0.14567481
1747679458.3590903,-0.30537665,0.8682336,-0.57322943,1.3647358,0.9455546,-0.14567481
1747679458.3596172,-0.30537665,0.8682336,-0.57322943,1.3647358,0.9455546,-0.14567481
1747679458.36016,-0.30537665,0.8682336,-0.57322943,1.3647358,0.9455546,-0.14567481
1747679458.3607237,-0.30537665,0.8682336,-0.57322943,1.3647358,0.9455546,-0.14567481
1747679458.361277,-0.3512594,0.8599357,-0.6508397,1.3349085,0.74848086,-0.16591482
1747679458.3618186,-0.3512594,0.8599357,-0.6508397,1.3349085,0.74848086,-0.16591482
1747679458.3623464,-0.3512594,0.8599357,-0.6508397,1.3349085,0.74848086,-0.16591482
1747679458.3628726,-0.3512594,0.8599357,-0.6508397,1.3349085,0.74848086,-0.16591482
1747679458.3633995,-0.3512594,0.8599357,-0.6508397,1.3349085,0.74848086,-0.16591482
1747679458.363945,-0.3512594,0.8599357,-0.6508397,1.3349085,0.74848086,-0.16591482
1747679458.3644996,-0.3512594,0.8599357,-0.6508397,1.3349085,0.74848086,-0.16591482
1747679458.365055,-0.3512594,0.8599357,-0.6508397,1.3349085,0.74848086,-0.16591482
1747679458.3656063,-0.3512594,0.8599357,-0.6508397,1.3349085,0.74848086,-0.16591482
1747679458.3661609,-0.3512594,0.8599357,-0.6508397,1.3349085,0.74848086,-0.16591482
1747679458.3667147,-0.3512594,0.8599357,-0.6508397,1.3349085,0.74848086,-0.16591482
1747679458.367265,-0.3512594,0.8599357,-0.6508397,1.3349085,0.74848086,-0.16591482
1747679458.3678207,-0.3512594,0.8599357,-0.6508397,1.3349085,0.74848086,-0.16591482
1747679458.3683789,-0.3512594,0.8599357,-0.6508397,1.3349085,0.74848086,-0.16591482
1747679458.3689342,-0.3512594,0.8599357,-0.6508397,1.3349085,0.74848086,-0.16591482
1747679458.3694825,-0.3512594,0.8599357,-0.6508397,1.3349085,0.74848086,-0.16591482
1747679458.3700352,-0.39763027,0.844316,-0.7172232,1.3349085,0.74848086,-0.16591482
1747679458.3706276,-0.39763027,0.844316,-0.7172232,1.3349085,0.74848086,-0.16591482
1747679458.3711913,-0.39763027,0.844316,-0.7172232,1.2827106,0.5247755,-0.17017587
1747679458.3717198,-0.39763027,0.844316,-0.7172232,1.2827106,0.5247755,-0.17017587
1747679458.3722677,-0.39763027,0.844316,-0.7172232,1.2827106,0.5247755,-0.17017587
1747679458.3728192,-0.39763027,0.844316,-0.7172232,1.2827106,0.5247755,-0.17017587
1747679458.3733811,-0.39763027,0.844316,-0.7172232,1.2827106,0.5247755,-0.17017587
1747679458.373931,-0.39763027,0.844316,-0.7172232,1.2827106,0.5247755,-0.17017587
1747679458.374482,-0.39763027,0.844316,-0.7172232,1.2827106,0.5247755,-0.17017587
1747679458.375047,-0.39763027,0.844316,-0.7172232,1.2827106,0.5247755,-0.17017587
1747679458.3755894,-0.39763027,0.844316,-0.7172232,1.2827106,0.5247755,-0.17017587
1747679458.3761392,-0.39763027,0.844316,-0.7172232,1.2827106,0.5247755,-0.17017587
1747679458.3766923,-0.39763027,0.844316,-0.7172232,1.2827106,0.5247755,-0.17017587
1747679458.3772376,-0.39763027,0.844316,-0.7172232,1.2827106,0.5247755,-0.17017587
1747679458.3777804,-0.39763027,0.844316,-0.7172232,1.2827106,0.5247755,-0.17017587
1747679458.3783364,-0.39763027,0.844316,-0.7172232,1.2827106,0.5247755,-0.17017587
1747679458.3788974,-0.39763027,0.844316,-0.7172232,1.2827106,0.5247755,-0.17017587
1747679458.3794484,-0.39763027,0.844316,-0.7172232,1.2827106,0.5247755,-0.17017587
1747679458.3799894,-0.39763027,0.844316,-0.7172232,1.2827106,0.5247755,-0.17017587
1747679458.3805413,-0.4601089,0.8223509,-0.7943453,1.1964242,0.36605123,-0.1254348
1747679458.3810973,-0.4601089,0.8223509,-0.7943453,1.1964242,0.36605123,-0.1254348
1747679458.38165,-0.4601089,0.8223509,-0.7943453,1.1964242,0.36605123,-0.1254348
1747679458.3822048,-0.4601089,0.8223509,-0.7943453,1.1964242,0.36605123,-0.1254348
1747679458.382764,-0.4601089,0.8223509,-0.7943453,1.1964242,0.36605123,-0.1254348
1747679458.3833175,-0.4601089,0.8223509,-0.7943453,1.1964242,0.36605123,-0.1254348
1747679458.3838732,-0.4601089,0.8223509,-0.7943453,1.1964242,0.36605123,-0.1254348
1747679458.3844376,-0.4601089,0.8223509,-0.7943453,1.1964242,0.36605123,-0.1254348
1747679458.3849914,-0.4601089,0.8223509,-0.7943453,1.1964242,0.36605123,-0.1254348
1747679458.3855567,-0.4601089,0.8223509,-0.7943453,1.1964242,0.36605123,-0.1254348
1747679458.3861046,-0.4601089,0.8223509,-0.7943453,1.1964242,0.36605123,-0.1254348
1747679458.3866606,-0.4601089,0.8223509,-0.7943453,1.1964242,0.36605123,-0.1254348
1747679458.3872285,-0.4601089,0.8223509,-0.7943453,1.1964242,0.36605123,-0.1254348
1747679458.3877876,-0.4601089,0.8223509,-0.7943453,1.1964242,0.36605123,-0.1254348
1747679458.3883312,-0.4601089,0.8223509,-0.7943453,1.1964242,0.36605123,-0.1254348
1747679458.3888826,-0.4601089,0.8223509,-0.7943453,1.1964242,0.36605123,-0.1254348
1747679458.3894858,-0.4601089,0.8223509,-0.7943453,1.1964242,0.36605123,-0.1254348
1747679458.3900366,-0.49622938,0.8086837,-0.86072886,1.0526136,0.252068,-0.04554002
1747679458.3905995,-0.49622938,0.8086837,-0.86072886,1.0526136,0.252068,-0.04554002
1747679458.3911614,-0.49622938,0.8086837,-0.86072886,1.0526136,0.252068,-0.04554002
1747679458.3918457,-0.49622938,0.8086837,-0.86072886,1.0526136,0.252068,-0.04554002
1747679458.3924131,-0.49622938,0.8086837,-0.86072886,1.0526136,0.252068,-0.04554002
1747679458.3929713,-0.49622938,0.8086837,-0.86072886,1.0526136,0.252068,-0.04554002
1747679458.3935223,-0.49622938,0.8086837,-0.86072886,1.0526136,0.252068,-0.04554002
1747679458.3940742,-0.49622938,0.8086837,-0.86072886,1.0526136,0.252068,-0.04554002
1747679458.39462,-0.49622938,0.8086837,-0.86072886,1.0526136,0.252068,-0.04554002
1747679458.395174,-0.49622938,0.8086837,-0.86072886,1.0526136,0.252068,-0.04554002
1747679458.3957253,-0.49622938,0.8086837,-0.86072886,1.0526136,0.252068,-0.04554002
1747679458.3962762,-0.49622938,0.8086837,-0.86072886,1.0526136,0.252068,-0.04554002
1747679458.3968253,-0.49622938,0.8086837,-0.86072886,1.0526136,0.252068,-0.04554002
1747679458.3973727,-0.49622938,0.8086837,-0.86072886,1.0526136,0.252068,-0.04554002
1747679458.39792,-0.49622938,0.8086837,-0.86072886,1.0526136,0.252068,-0.04554002
1747679458.3984644,-0.49622938,0.8086837,-0.86072886,1.0526136,0.252068,-0.04554002
1747679458.3990202,-0.49622938,0.8086837,-0.86072886,1.0526136,0.252068,-0.04554002
1747679458.3995748,-0.49622938,0.8086837,-0.86072886,1.0526136,0.252068,-0.04554002
1747679458.4001136,-0.49622938,0.8086837,-0.86072886,1.0526136,0.252068,-0.04554002
1747679458.400644,-0.49427694,0.7857423,-0.94810134,1.0526136,0.252068,-0.04554002
1747679458.4011927,-0.49427694,0.7857423,-0.94810134,1.0526136,0.252068,-0.04554002
1747679458.4017484,-0.49427694,0.7857423,-0.94810134,0.85980093,0.211588,0.055660024
1747679458.4023004,-0.49427694,0.7857423,-0.94810134,0.85980093,0.211588,0.055660024
1747679458.4028573,-0.49427694,0.7857423,-0.94810134,0.85980093,0.211588,0.055660024
1747679458.403402,-0.49427694,0.7857423,-0.94810134,0.85980093,0.211588,0.055660024
1747679458.4039326,-0.49427694,0.7857423,-0.94810134,0.85980093,0.211588,0.055660024
1747679458.4044695,-0.49427694,0.7857423,-0.94810134,0.85980093,0.211588,0.055660024
1747679458.4050117,-0.49427694,0.7857423,-0.94810134,0.85980093,0.211588,0.055660024
1747679458.4055467,-0.49427694,0.7857423,-0.94810134,0.85980093,0.211588,0.055660024
1747679458.406081,-0.49427694,0.7857423,-0.94810134,0.85980093,0.211588,0.055660024
1747679458.4066074,-0.49427694,0.7857423,-0.94810134,0.85980093,0.211588,0.055660024
1747679458.4071386,-0.49427694,0.7857423,-0.94810134,0.85980093,0.211588,0.055660024
1747679458.4076934,-0.49427694,0.7857423,-0.94810134,0.85980093,0.211588,0.055660024
1747679458.4082623,-0.49427694,0.7857423,-0.94810134,0.85980093,0.211588,0.055660024
1747679458.4088123,-0.49427694,0.7857423,-0.94810134,0.85980093,0.211588,0.055660024
1747679458.409353,-0.49427694,0.7857423,-0.94810134,0.85980093,0.211588,0.055660024
1747679458.4099078,-0.49427694,0.7857423,-0.94810134,0.85980093,0.211588,0.055660024
1747679458.4104693,-0.49427694,0.7857423,-0.94810134,0.85980093,0.211588,0.055660024
1747679458.4110668,-0.49427694,0.7857423,-0.94810134,0.85980093,0.211588,0.055660024
1747679458.4116268,-0.49427694,0.7857423,-0.94810134,0.63289976,0.20200062,0.12490216
1747679458.4121847,-0.44937038,0.7618247,-0.9744596,0.63289976,0.20200062,0.12490216
1747679458.4127355,-0.44937038,0.7618247,-0.9744596,0.63289976,0.20200062,0.12490216
1747679458.4132934,-0.44937038,0.7618247,-0.9744596,0.63289976,0.20200062,0.12490216
1747679458.4138594,-0.44937038,0.7618247,-0.9744596,0.63289976,0.20200062,0.12490216
1747679458.4144201,-0.44937038,0.7618247,-0.9744596,0.63289976,0.20200062,0.12490216
1747679458.4149766,-0.44937038,0.7618247,-0.9744596,0.63289976,0.20200062,0.12490216
1747679458.4155252,-0.44937038,0.7618247,-0.9744596,0.63289976,0.20200062,0.12490216
1747679458.4160886,-0.44937038,0.7618247,-0.9744596,0.63289976,0.20200062,0.12490216
1747679458.416653,-0.44937038,0.7618247,-0.9744596,0.63289976,0.20200062,0.12490216
1747679458.4172108,-0.44937038,0.7618247,-0.9744596,0.63289976,0.20200062,0.12490216
1747679458.4177725,-0.44937038,0.7618247,-0.9744596,0.63289976,0.20200062,0.12490216
1747679458.4183319,-0.44937038,0.7618247,-0.9744596,0.63289976,0.20200062,0.12490216
1747679458.418861,-0.44937038,0.7618247,-0.9744596,0.63289976,0.20200062,0.12490216
1747679458.4193993,-0.44937038,0.7618247,-0.9744596,0.63289976,0.20200062,0.12490216
1747679458.4199328,-0.44937038,0.7618247,-0.9744596,0.63289976,0.20200062,0.12490216
1747679458.420458,-0.44937038,0.7618247,-0.9744596,0.63289976,0.20200062,0.12490216
1747679458.4209893,-0.44937038,0.7618247,-0.9744596,0.63289976,0.20200062,0.12490216
1747679458.4215941,-0.40104708,0.7408358,-0.97592396,0.4997418,0.21371852,0.14194638
1747679458.4220815,-0.40104708,0.7408358,-0.97592396,0.4997418,0.21371852,0.14194638
1747679458.4226182,-0.40104708,0.7408358,-0.97592396,0.4997418,0.21371852,0.14194638
1747679458.4231677,-0.40104708,0.7408358,-0.97592396,0.4997418,0.21371852,0.14194638
1747679458.4237063,-0.40104708,0.7408358,-0.97592396,0.4997418,0.21371852,0.14194638
1747679458.4242573,-0.40104708,0.7408358,-0.97592396,0.4997418,0.21371852,0.14194638
1747679458.4247909,-0.40104708,0.7408358,-0.97592396,0.4997418,0.21371852,0.14194638
1747679458.4253187,-0.40104708,0.7408358,-0.97592396,0.4997418,0.21371852,0.14194638
1747679458.425856,-0.40104708,0.7408358,-0.97592396,0.4997418,0.21371852,0.14194638
1747679458.4264097,-0.40104708,0.7408358,-0.97592396,0.4997418,0.21371852,0.14194638
1747679458.426944,-0.40104708,0.7408358,-0.97592396,0.4997418,0.21371852,0.14194638
1747679458.4275126,-0.40104708,0.7408358,-0.97592396,0.4997418,0.21371852,0.14194638
1747679458.4280608,-0.40104708,0.7408358,-0.97592396,0.4997418,0.21371852,0.14194638
1747679458.4286065,-0.40104708,0.7408358,-0.97592396,0.4997418,0.21371852,0.14194638
1747679458.4291532,-0.40104708,0.7408358,-0.97592396,0.4997418,0.21371852,0.14194638
1747679458.4297104,-0.40104708,0.7408358,-0.97592396,0.4997418,0.21371852,0.14194638
1747679458.4307141,-0.40104708,0.7408358,-0.97592396,0.4997418,0.21371852,0.14194638
1747679458.4313874,-0.40104708,0.7408358,-0.97592396,0.4997418,0.21371852,0.14194638
1747679458.431965,-0.40104708,0.7408358,-0.97592396,0.4997418,0.21371852,0.14194638
1747679458.4324987,-0.35223565,0.7222874,-0.95542306,0.4997418,0.21371852,0.14194638
1747679458.4330413,-0.35223565,0.7222874,-0.95542306,0.4997418,0.21371852,0.14194638
1747679458.4335725,-0.35223565,0.7222874,-0.95542306,0.25579643,0.2467417,0.14088112
1747679458.4341269,-0.35223565,0.7222874,-0.95542306,0.25579643,0.2467417,0.14088112
1747679458.4346523,-0.35223565,0.7222874,-0.95542306,0.25579643,0.2467417,0.14088112
1747679458.4351795,-0.35223565,0.7222874,-0.95542306,0.25579643,0.2467417,0.14088112
1747679458.4357073,-0.35223565,0.7222874,-0.95542306,0.25579643,0.2467417,0.14088112
1747679458.4362345,-0.35223565,0.7222874,-0.95542306,0.25579643,0.2467417,0.14088112
1747679458.4367683,-0.35223565,0.7222874,-0.95542306,0.25579643,0.2467417,0.14088112
1747679458.4373314,-0.35223565,0.7222874,-0.95542306,0.25579643,0.2467417,0.14088112
1747679458.4378493,-0.35223565,0.7222874,-0.95542306,0.25579643,0.2467417,0.14088112
1747679458.4383786,-0.35223565,0.7222874,-0.95542306,0.25579643,0.2467417,0.14088112
1747679458.438933,-0.35223565,0.7222874,-0.95542306,0.25579643,0.2467417,0.14088112
1747679458.4394717,-0.35223565,0.7222874,-0.95542306,0.25579643,0.2467417,0.14088112
1747679458.440007,-0.35223565,0.7222874,-0.95542306,0.25579643,0.2467417,0.14088112
1747679458.4405403,-0.35223565,0.7222874,-0.95542306,0.25579643,0.2467417,0.14088112
1747679458.4410744,-0.35223565,0.7222874,-0.95542306,0.25579643,0.2467417,0.14088112
1747679458.4416018,-0.35223565,0.7222874,-0.95542306,0.25579643,0.2467417,0.14088112
1747679458.4421353,-0.35223565,0.7222874,-0.95542306,0.25579643,0.2467417,0.14088112
1747679458.4426632,-0.35223565,0.7222874,-0.95542306,0.25579643,0.2467417,0.14088112
1747679458.4432025,-0.35223565,0.7222874,-0.95542306,0.084288985,0.19880483,0.10679268
1747679458.4437423,-0.32392496,0.7252161,-0.95542306,0.084288985,0.19880483,0.10679268
1747679458.4443028,-0.32392496,0.7252161,-0.95542306,0.084288985,0.19880483,0.10679268
1747679458.4448256,-0.32392496,0.7252161,-0.95542306,0.084288985,0.19880483,0.10679268
1747679458.4453588,-0.32392496,0.7252161,-0.95542306,0.084288985,0.19880483,0.10679268
1747679458.4458926,-0.32392496,0.7252161,-0.95542306,0.084288985,0.19880483,0.10679268
1747679458.4464502,-0.32392496,0.7252161,-0.95542306,0.084288985,0.19880483,0.10679268
1747679458.4470103,-0.32392496,0.7252161,-0.95542306,0.084288985,0.19880483,0.10679268
1747679458.4475615,-0.32392496,0.7252161,-0.95542306,0.084288985,0.19880483,0.10679268
1747679458.4480786,-0.32392496,0.7252161,-0.95542306,0.084288985,0.19880483,0.10679268
1747679458.448637,-0.32392496,0.7252161,-0.95542306,0.084288985,0.19880483,0.10679268
1747679458.4491985,-0.32392496,0.7252161,-0.95542306,0.084288985,0.19880483,0.10679268
1747679458.4497344,-0.32392496,0.7252161,-0.95542306,0.084288985,0.19880483,0.10679268
1747679458.4502976,-0.32392496,0.7252161,-0.95542306,0.084288985,0.19880483,0.10679268
1747679458.4508567,-0.32392496,0.7252161,-0.95542306,0.084288985,0.19880483,0.10679268
1747679458.451417,-0.32392496,0.7252161,-0.95542306,0.084288985,0.19880483,0.10679268
1747679458.4519773,-0.32392496,0.7252161,-0.95542306,0.084288985,0.19880483,0.10679268
1747679458.452505,-0.32392496,0.7252161,-0.95542306,0.084288985,0.19880483,0.10679268
1747679458.4530783,-0.32392496,0.7252161,-0.95542306,0.084288985,0.19880483,0.10679268
1747679458.4536412,-0.32392496,0.7252161,-0.95542306,0.084288985,0.19880483,0.10679268
1747679458.4542494,-0.32392496,0.7252161,-0.95542306,0.084288985,0.19880483,0.10679268
1747679458.4548078,-0.32392496,0.7252161,-0.95542306,0.084288985,0.19880483,0.10679268
1747679458.4553633,-0.3444258,0.7325378,-0.96860224,-0.11278479,0.018775271,0.053529497
1747679458.4559126,-0.3444258,0.7325378,-0.96860224,-0.11278479,0.018775271,0.053529497
1747679458.4564667,-0.3444258,0.7325378,-0.96860224,-0.11278479,0.018775271,0.053529497
1747679458.4570146,-0.3444258,0.7325378,-0.96860224,-0.11278479,0.018775271,0.053529497
1747679458.4575493,-0.3444258,0.7325378,-0.96860224,-0.11278479,0.018775271,0.053529497
1747679458.4580753,-0.3444258,0.7325378,-0.96860224,-0.11278479,0.018775271,0.053529497
1747679458.458621,-0.3444258,0.7325378,-0.96860224,-0.11278479,0.018775271,0.053529497
1747679458.4591532,-0.3444258,0.7325378,-0.96860224,-0.11278479,0.018775271,0.053529497
1747679458.4597054,-0.3444258,0.7325378,-0.96860224,-0.11278479,0.018775271,0.053529497
1747679458.460526,-0.3444258,0.7325378,-0.96860224,-0.11278479,0.018775271,0.053529497
1747679458.4610758,-0.3444258,0.7325378,-0.96860224,-0.11278479,0.018775271,0.053529497
1747679458.4617283,-0.3444258,0.7325378,-0.96860224,-0.11278479,0.018775271,0.053529497
1747679458.462286,-0.3444258,0.7325378,-0.96860224,-0.11278479,0.018775271,0.053529497
1747679458.4628437,-0.3444258,0.7325378,-0.96860224,-0.11278479,0.018775271,0.053529497
1747679458.4633868,-0.3444258,0.7325378,-0.96860224,-0.11278479,0.018775271,0.053529497
1747679458.4639459,-0.3444258,0.7325378,-0.96860224,-0.11278479,0.018775271,0.053529497
1747679458.4645085,-0.3444258,0.7325378,-0.96860224,-0.11278479,0.018775271,0.053529497
1747679458.465072,-0.3444258,0.7325378,-0.96860224,-0.29601014,-0.17510271,0.043942124
1747679458.4657128,-0.3820106,0.7354665,-0.97543585,-0.29601014,-0.17510271,0.043942124
1747679458.4662645,-0.3820106,0.7354665,-0.97543585,-0.29601014,-0.17510271,0.043942124
1747679458.466825,-0.3820106,0.7354665,-0.97543585,-0.29601014,-0.17510271,0.043942124
1747679458.467375,-0.3820106,0.7354665,-0.97543585,-0.29601014,-0.17510271,0.043942124
1747679458.4679208,-0.3820106,0.7354665,-0.97543585,-0.29601014,-0.17510271,0.043942124
1747679458.4684668,-0.3820106,0.7354665,-0.97543585,-0.29601014,-0.17510271,0.043942124
1747679458.4690373,-0.3820106,0.7354665,-0.97543585,-0.29601014,-0.17510271,0.043942124
1747679458.470274,-0.41276184,0.7344903,-0.9607923,-0.29601014,-0.17510271,0.043942124
1747679458.470848,-0.41276184,0.7344903,-0.9607923,-0.29601014,-0.17510271,0.043942124
1747679458.4714334,-0.41276184,0.7344903,-0.9607923,-0.5079976,-0.374307,0.079095826
1747679458.4719524,-0.41276184,0.7344903,-0.9607923,-0.5079976,-0.374307,0.079095826
1747679458.4726093,-0.41276184,0.7344903,-0.9607923,-0.5079976,-0.374307,0.079095826
1747679458.47319,-0.41276184,0.7344903,-0.9607923,-0.5079976,-0.374307,0.079095826
1747679458.473891,-0.41276184,0.7344903,-0.9607923,-0.5079976,-0.374307,0.079095826
1747679458.4744968,-0.41276184,0.7344903,-0.9607923,-0.5079976,-0.374307,0.079095826
1747679458.4750667,-0.41276184,0.7344903,-0.9607923,-0.5079976,-0.374307,0.079095826
1747679458.475603,-0.41276184,0.7344903,-0.9607923,-0.5079976,-0.374307,0.079095826
1747679458.4761326,-0.41276184,0.7344903,-0.9607923,-0.5079976,-0.374307,0.079095826
1747679458.4767482,-0.41276184,0.7344903,-0.9607923,-0.5079976,-0.374307,0.079095826
1747679458.4773235,-0.41276184,0.7344903,-0.9607923,-0.5079976,-0.374307,0.079095826
1747679458.4778547,-0.41276184,0.7344903,-0.9607923,-0.5079976,-0.374307,0.079095826
1747679458.47842,-0.41276184,0.7344903,-0.9607923,-0.5079976,-0.374307,0.079095826
1747679458.4789681,-0.41861922,0.7286329,-0.9246719,-0.5079976,-0.374307,0.079095826
1747679458.4795356,-0.41861922,0.7286329,-0.9246719,-0.5079976,-0.374307,0.079095826
1747679458.4801528,-0.41861922,0.7286329,-0.9246719,-0.6827008,-0.5127913,0.13129374
1747679458.4806633,-0.41861922,0.7286329,-0.9246719,-0.6827008,-0.5127913,0.13129374
1747679458.4812174,-0.41861922,0.7286329,-0.9246719,-0.6827008,-0.5127913,0.13129374
1747679458.4817805,-0.41861922,0.7286329,-0.9246719,-0.6827008,-0.5127913,0.13129374
1747679458.4823232,-0.41861922,0.7286329,-0.9246719,-0.6827008,-0.5127913,0.13129374
1747679458.4828658,-0.41861922,0.7286329,-0.9246719,-0.6827008,-0.5127913,0.13129374
1747679458.483404,-0.41861922,0.7286329,-0.9246719,-0.6827008,-0.5127913,0.13129374
1747679458.4839556,-0.41861922,0.7286329,-0.9246719,-0.6827008,-0.5127913,0.13129374
1747679458.484516,-0.41861922,0.7286329,-0.9246719,-0.6827008,-0.5127913,0.13129374
1747679458.4850602,-0.41861922,0.7286329,-0.9246719,-0.6827008,-0.5127913,0.13129374
1747679458.4855964,-0.41861922,0.7286329,-0.9246719,-0.6827008,-0.5127913,0.13129374
1747679458.486263,-0.41861922,0.7286329,-0.9246719,-0.6827008,-0.5127913,0.13129374
1747679458.486827,-0.41861922,0.7286329,-0.9246719,-0.6827008,-0.5127913,0.13129374
1747679458.4873648,-0.41861922,0.7286329,-0.9246719,-0.6827008,-0.5127913,0.13129374
1747679458.4878922,-0.41861922,0.7286329,-0.9246719,-0.6827008,-0.5127913,0.13129374
1747679458.48842,-0.41861922,0.7286329,-0.9246719,-0.6827008,-0.5127913,0.13129374
1747679458.4889653,-0.41861922,0.7286329,-0.9246719,-0.6827008,-0.5127913,0.13129374
1747679458.489509,-0.41861922,0.7286329,-0.9246719,-0.6827008,-0.5127913,0.13129374
1747679458.4900377,-0.41861922,0.7286329,-0.9246719,-0.6827008,-0.5127913,0.13129374
1747679458.490571,-0.38445118,0.7066678,-0.8294895,-0.9127978,-0.67258084,0.2175801
1747679458.4911017,-0.38445118,0.7066678,-0.8294895,-0.9127978,-0.67258084,0.2175801
1747679458.4916291,-0.38445118,0.7066678,-0.8294895,-0.9127978,-0.67258084,0.2175801
1747679458.4922276,-0.38445118,0.7066678,-0.8294895,-0.9127978,-0.67258084,0.2175801
1747679458.4928088,-0.38445118,0.7066678,-0.8294895,-0.9127978,-0.67258084,0.2175801
1747679458.493329,-0.38445118,0.7066678,-0.8294895,-0.9127978,-0.67258084,0.2175801
1747679458.4939053,-0.38445118,0.7066678,-0.8294895,-0.9127978,-0.67258084,0.2175801
1747679458.494464,-0.38445118,0.7066678,-0.8294895,-0.9127978,-0.67258084,0.2175801
1747679458.495042,-0.38445118,0.7066678,-0.8294895,-0.9127978,-0.67258084,0.2175801
1747679458.4955826,-0.38445118,0.7066678,-0.8294895,-0.9127978,-0.67258084,0.2175801
1747679458.4961228,-0.38445118,0.7066678,-0.8294895,-0.9127978,-0.67258084,0.2175801
1747679458.4966578,-0.38445118,0.7066678,-0.8294895,-0.9127978,-0.67258084,0.2175801
1747679458.4972155,-0.38445118,0.7066678,-0.8294895,-0.9127978,-0.67258084,0.2175801
1747679458.4977775,-0.38445118,0.7066678,-0.8294895,-0.9127978,-0.67258084,0.2175801
1747679458.4983912,-0.38445118,0.7066678,-0.8294895,-0.9127978,-0.67258084,0.2175801
1747679458.4989526,-0.38445118,0.7066678,-0.8294895,-0.9127978,-0.67258084,0.2175801
1747679458.499504,-0.38445118,0.7066678,-0.8294895,-0.9127978,-0.67258084,0.2175801
1747679458.500078,-0.33612785,0.69495296,-0.7528556,-1.0502168,-0.76845455,0.26338643
1747679458.5006444,-0.33612785,0.69495296,-0.7528556,-1.0502168,-0.76845455,0.26338643
1747679458.501325,-0.33612785,0.69495296,-0.7528556,-1.0502168,-0.76845455,0.26338643
1747679458.5018923,-0.33612785,0.69495296,-0.7528556,-1.0502168,-0.76845455,0.26338643
1747679458.5024219,-0.33612785,0.69495296,-0.7528556,-1.0502168,-0.76845455,0.26338643
1747679458.5029678,-0.33612785,0.69495296,-0.7528556,-1.0502168,-0.76845455,0.26338643
1747679458.5035431,-0.33612785,0.69495296,-0.7528556,-1.0502168,-0.76845455,0.26338643
1747679458.5040803,-0.33612785,0.69495296,-0.7528556,-1.0502168,-0.76845455,0.26338643
1747679458.5046296,-0.33612785,0.69495296,-0.7528556,-1.0502168,-0.76845455,0.26338643
1747679458.5051684,-0.33612785,0.69495296,-0.7528556,-1.0502168,-0.76845455,0.26338643
1747679458.505697,-0.33612785,0.69495296,-0.7528556,-1.0502168,-0.76845455,0.26338643
1747679458.506274,-0.33612785,0.69495296,-0.7528556,-1.0502168,-0.76845455,0.26338643
1747679458.5068166,-0.33612785,0.69495296,-0.7528556,-1.0502168,-0.76845455,0.26338643
1747679458.5073712,-0.33612785,0.69495296,-0.7528556,-1.0502168,-0.76845455,0.26338643
1747679458.5079348,-0.33612785,0.69495296,-0.7528556,-1.0502168,-0.76845455,0.26338643
1747679458.508465,-0.33612785,0.69495296,-0.7528556,-1.0502168,-0.76845455,0.26338643
1747679458.5090199,-0.33612785,0.69495296,-0.7528556,-1.0502168,-0.76845455,0.26338643
1747679458.5095887,-0.33612785,0.69495296,-0.7528556,-1.0502168,-0.76845455,0.26338643
1747679458.510126,-0.33612785,0.69495296,-0.7528556,-1.0502168,-0.76845455,0.26338643
1747679458.5106606,-0.33612785,0.69495296,-0.7528556,-1.1247853,-0.83023983,0.27830014
1747679458.5112085,-0.33612785,0.69495296,-0.7528556,-1.1247853,-0.83023983,0.27830014
1747679458.511748,-0.27462542,0.66859484,-0.64693475,-1.1247853,-0.83023983,0.27830014
1747679458.5123026,-0.27462542,0.66859484,-0.64693475,-1.1247853,-0.83023983,0.27830014
1747679458.51288,-0.27462542,0.66859484,-0.64693475,-1.1247853,-0.83023983,0.27830014
1747679458.5134094,-0.27462542,0.66859484,-0.64693475,-1.1247853,-0.83023983,0.27830014
1747679458.513933,-0.27462542,0.66859484,-0.64693475,-1.1247853,-0.83023983,0.27830014
1747679458.5144966,-0.27462542,0.66859484,-0.64693475,-1.1247853,-0.83023983,0.27830014
1747679458.5150282,-0.27462542,0.66859484,-0.64693475,-1.1247853,-0.83023983,0.27830014
1747679458.5155928,-0.27462542,0.66859484,-0.64693475,-1.1247853,-0.83023983,0.27830014
1747679458.51615,-0.27462542,0.66859484,-0.64693475,-1.1247853,-0.83023983,0.27830014
1747679458.516673,-0.27462542,0.66859484,-0.64693475,-1.1247853,-0.83023983,0.27830014
1747679458.5173817,-0.27462542,0.66859484,-0.64693475,-1.1247853,-0.83023983,0.27830014
1747679458.5179684,-0.27462542,0.66859484,-0.64693475,-1.1247853,-0.83023983,0.27830014
1747679458.5185006,-0.27462542,0.66859484,-0.64693475,-1.1247853,-0.83023983,0.27830014
1747679458.519032,-0.27462542,0.66859484,-0.64693475,-1.1247853,-0.83023983,0.27830014
1747679458.519567,-0.27462542,0.66859484,-0.64693475,-1.1247853,-0.83023983,0.27830014
1747679458.5201004,-0.27462542,0.66859484,-0.64693475,-1.1247853,-0.83023983,0.27830014
1747679458.5206318,-0.27462542,0.66859484,-0.64693475,-1.1247853,-0.83023983,0.27830014
1747679458.521163,-0.24680288,0.6485821,-0.5981233,-1.1546127,-0.8930904,0.27084327
1747679458.5216942,-0.24680288,0.6485821,-0.5981233,-1.1546127,-0.8930904,0.27084327
1747679458.5222218,-0.24680288,0.6485821,-0.5981233,-1.1546127,-0.8930904,0.27084327
1747679458.522766,-0.24680288,0.6485821,-0.5981233,-1.1546127,-0.8930904,0.27084327
1747679458.52341,-0.24680288,0.6485821,-0.5981233,-1.1546127,-0.8930904,0.27084327
1747679458.5239356,-0.24680288,0.6485821,-0.5981233,-1.1546127,-0.8930904,0.27084327
1747679458.524477,-0.24680288,0.6485821,-0.5981233,-1.1546127,-0.8930904,0.27084327
1747679458.5250244,-0.24680288,0.6485821,-0.5981233,-1.1546127,-0.8930904,0.27084327
1747679458.525562,-0.24680288,0.6485821,-0.5981233,-1.1546127,-0.8930904,0.27084327
1747679458.5260923,-0.24680288,0.6485821,-0.5981233,-1.1546127,-0.8930904,0.27084327
1747679458.5266268,-0.24680288,0.6485821,-0.5981233,-1.1546127,-0.8930904,0.27084327
1747679458.5271604,-0.24680288,0.6485821,-0.5981233,-1.1546127,-0.8930904,0.27084327
1747679458.527693,-0.24680288,0.6485821,-0.5981233,-1.1546127,-0.8930904,0.27084327
1747679458.5282254,-0.24680288,0.6485821,-0.5981233,-1.1546127,-0.8930904,0.27084327
1747679458.528758,-0.24680288,0.6485821,-0.5981233,-1.1546127,-0.8930904,0.27084327
1747679458.5292919,-0.24680288,0.6485821,-0.5981233,-1.1546127,-0.8930904,0.27084327
1747679458.5298247,-0.24680288,0.6485821,-0.5981233,-1.1546127,-0.8930904,0.27084327
1747679458.5303586,-0.24680288,0.6485821,-0.5981233,-1.1546127,-0.8930904,0.27084327
1747679458.5308917,-0.24680288,0.6485821,-0.5981233,-1.1546127,-0.8930904,0.27084327
1747679458.53144,-0.24143364,0.6378436,-0.58689666,-1.1695263,-0.95381045,0.26232117
1747679458.5319915,-0.24143364,0.6378436,-0.58689666,-1.1695263,-0.95381045,0.26232117
1747679458.5325599,-0.24143364,0.6378436,-0.58689666,-1.1695263,-0.95381045,0.26232117
1747679458.5330904,-0.24143364,0.6378436,-0.58689666,-1.1695263,-0.95381045,0.26232117
1747679458.5336583,-0.24143364,0.6378436,-0.58689666,-1.1695263,-0.95381045,0.26232117
1747679458.5342076,-0.24143364,0.6378436,-0.58689666,-1.1695263,-0.95381045,0.26232117
1747679458.5347288,-0.24143364,0.6378436,-0.58689666,-1.1695263,-0.95381045,0.26232117
1747679458.5352986,-0.24143364,0.6378436,-0.58689666,-1.1695263,-0.95381045,0.26232117
1747679458.5358536,-0.24143364,0.6378436,-0.58689666,-1.1695263,-0.95381045,0.26232117
1747679458.5363896,-0.24143364,0.6378436,-0.58689666,-1.1695263,-0.95381045,0.26232117
1747679458.5369203,-0.24143364,0.6378436,-0.58689666,-1.1695263,-0.95381045,0.26232117
1747679458.537448,-0.24143364,0.6378436,-0.58689666,-1.1695263,-0.95381045,0.26232117
1747679458.5380087,-0.24143364,0.6378436,-0.58689666,-1.1695263,-0.95381045,0.26232117
1747679458.538563,-0.24143364,0.6378436,-0.58689666,-1.1695263,-0.95381045,0.26232117
1747679458.539096,-0.24143364,0.6378436,-0.58689666,-1.1695263,-0.95381045,0.26232117
1747679458.5396233,-0.24143364,0.6378436,-0.58689666,-1.1695263,-0.95381045,0.26232117
1747679458.5401497,-0.24143364,0.6378436,-0.58689666,-1.1695263,-0.95381045,0.26232117
1747679458.540676,-0.24143364,0.6378436,-0.58689666,-1.1695263,-0.95381045,0.26232117
1747679458.5412025,-0.24143364,0.6378436,-0.58689666,-1.1695263,-0.95381045,0.26232117
1747679458.541729,-0.24143364,0.6378436,-0.58689666,-1.1695263,-0.95381045,0.26232117
1747679458.542258,-0.24143364,0.6378436,-0.58689666,-1.1695263,-0.95381045,0.26232117
1747679458.5427845,-0.24143364,0.6378436,-0.58689666,-1.1695263,-0.95381045,0.26232117
1747679458.543387,-0.2673037,0.63442683,-0.60349256,-1.2387685,-1.1072084,0.27190855
1747679458.5439417,-0.2673037,0.63442683,-0.60349256,-1.2387685,-1.1072084,0.27190855
1747679458.5444918,-0.2673037,0.63442683,-0.60349256,-1.2387685,-1.1072084,0.27190855
1747679458.5450237,-0.2673037,0.63442683,-0.60349256,-1.2387685,-1.1072084,0.27190855
1747679458.5455515,-0.2673037,0.63442683,-0.60349256,-1.2387685,-1.1072084,0.27190855
1747679458.5460777,-0.2673037,0.63442683,-0.60349256,-1.2387685,-1.1072084,0.27190855
1747679458.546604,-0.2673037,0.63442683,-0.60349256,-1.2387685,-1.1072084,0.27190855
1747679458.5471478,-0.2673037,0.63442683,-0.60349256,-1.2387685,-1.1072084,0.27190855
1747679458.5477118,-0.2673037,0.63442683,-0.60349256,-1.2387685,-1.1072084,0.27190855
1747679458.5482655,-0.2673037,0.63442683,-0.60349256,-1.2387685,-1.1072084,0.27190855
1747679458.5488064,-0.2673037,0.63442683,-0.60349256,-1.2387685,-1.1072084,0.27190855
1747679458.5493343,-0.2673037,0.63442683,-0.60349256,-1.2387685,-1.1072084,0.27190855
1747679458.5498607,-0.2673037,0.63442683,-0.60349256,-1.2387685,-1.1072084,0.27190855
1747679458.550387,-0.2673037,0.63442683,-0.60349256,-1.2387685,-1.1072084,0.27190855
1747679458.5509129,-0.2673037,0.63442683,-0.60349256,-1.2387685,-1.1072084,0.27190855
1747679458.5514386,-0.2673037,0.63442683,-0.60349256,-1.2387685,-1.1072084,0.27190855
1747679458.551965,-0.2673037,0.63442683,-0.60349256,-1.2387685,-1.1072084,0.27190855
1747679458.5524938,-0.2673037,0.63442683,-0.60349256,-1.2387685,-1.1072084,0.27190855
1747679458.5530424,-0.2673037,0.63442683,-0.60349256,-1.2387685,-1.1072084,0.27190855
1747679458.5536077,-0.2838996,0.63345057,-0.62106466,-1.3570127,-1.2435621,0.31664962
1747679458.554153,-0.2838996,0.63345057,-0.62106466,-1.3570127,-1.2435621,0.31664962
1747679458.554743,-0.2838996,0.63345057,-0.62106466,-1.3570127,-1.2435621,0.31664962
1747679458.5553186,-0.2838996,0.63345057,-0.62106466,-1.3570127,-1.2435621,0.31664962
1747679458.5559466,-0.2838996,0.63345057,-0.62106466,-1.3570127,-1.2435621,0.31664962
1747679458.5565062,-0.2838996,0.63345057,-0.62106466,-1.3570127,-1.2435621,0.31664962
1747679458.5570664,-0.2838996,0.63345057,-0.62106466,-1.3570127,-1.2435621,0.31664962
1747679458.5576324,-0.2838996,0.63345057,-0.62106466,-1.3570127,-1.2435621,0.31664962
1747679458.5581725,-0.2838996,0.63345057,-0.62106466,-1.3570127,-1.2435621,0.31664962
1747679458.5587356,-0.2838996,0.63345057,-0.62106466,-1.3570127,-1.2435621,0.31664962
1747679458.5592623,-0.2838996,0.63345057,-0.62106466,-1.3570127,-1.2435621,0.31664962
1747679458.559781,-0.2838996,0.63345057,-0.62106466,-1.3570127,-1.2435621,0.31664962
1747679458.5603256,-0.2838996,0.63345057,-0.62106466,-1.3570127,-1.2435621,0.31664962
1747679458.5608437,-0.2838996,0.63345057,-0.62106466,-1.3570127,-1.2435621,0.31664962
1747679458.5613768,-0.2838996,0.63345057,-0.62106466,-1.3570127,-1.2435621,0.31664962
1747679458.561931,-0.2838996,0.63345057,-0.62106466,-1.3570127,-1.2435621,0.31664962
1747679458.5625029,-0.2838996,0.63345057,-0.62106466,-1.3570127,-1.2435621,0.31664962
1747679458.5630565,-0.2838996,0.63345057,-0.62106466,-1.3570127,-1.2435621,0.31664962
1747679458.5636234,-0.2838996,0.63345057,-0.62106466,-1.3570127,-1.2435621,0.31664962
1747679458.5641892,-0.2838996,0.63345057,-0.62106466,-1.3570127,-1.2435621,0.31664962
1747679458.5647278,-0.2838996,0.63345057,-0.62106466,-1.3570127,-1.2435621,0.31664962
1747679458.5652578,-0.2838996,0.63345057,-0.62106466,-1.3570127,-1.2435621,0.31664962
1747679458.5657966,-0.2838996,0.63345057,-0.62106466,-1.3570127,-1.2435621,0.31664962
1747679458.566336,-0.2838996,0.63345057,-0.62106466,-1.3570127,-1.2435621,0.31664962
1747679458.5668821,-0.24973157,0.6271051,-0.60202825,-1.5508907,-1.4129391,0.3816307
1747679458.5674124,-0.24973157,0.6271051,-0.60202825,-1.5508907,-1.4129391,0.3816307
1747679458.567971,-0.24973157,0.6271051,-0.60202825,-1.5508907,-1.4129391,0.3816307
1747679458.5684862,-0.24973157,0.6271051,-0.60202825,-1.5508907,-1.4129391,0.3816307
1747679458.5690184,-0.24973157,0.6271051,-0.60202825,-1.5508907,-1.4129391,0.3816307
1747679458.569556,-0.24973157,0.6271051,-0.60202825,-1.5508907,-1.4129391,0.3816307
1747679458.5700998,-0.24973157,0.6271051,-0.60202825,-1.5508907,-1.4129391,0.3816307
1747679458.570632,-0.24973157,0.6271051,-0.60202825,-1.5508907,-1.4129391,0.3816307
1747679458.5711756,-0.20775373,0.6232002,-0.57957494,-1.7319856,-1.5610107,0.40826228
1747679458.571709,-0.20775373,0.6232002,-0.57957494,-1.7319856,-1.5610107,0.40826228
1747679458.5722218,-0.20775373,0.6232002,-0.57957494,-1.7319856,-1.5610107,0.40826228
1747679458.5727613,-0.20775373,0.6232002,-0.57957494,-1.7319856,-1.5610107,0.40826228
1747679458.573308,-0.20775373,0.6232002,-0.57957494,-1.7319856,-1.5610107,0.40826228
1747679458.5738244,-0.20775373,0.6232002,-0.57957494,-1.7319856,-1.5610107,0.40826228
1747679458.574361,-0.20775373,0.6232002,-0.57957494,-1.7319856,-1.5610107,0.40826228
1747679458.5748858,-0.20775373,0.6232002,-0.57957494,-1.7319856,-1.5610107,0.40826228
1747679458.57541,-0.20775373,0.6232002,-0.57957494,-1.7319856,-1.5610107,0.40826228
1747679458.5759342,-0.20775373,0.6232002,-0.57957494,-1.7319856,-1.5610107,0.40826228
1747679458.5764582,-0.20775373,0.6232002,-0.57957494,-1.7319856,-1.5610107,0.40826228
1747679458.5769825,-0.20775373,0.6232002,-0.57957494,-1.7319856,-1.5610107,0.40826228
1747679458.5775065,-0.20775373,0.6232002,-0.57957494,-1.7319856,-1.5610107,0.40826228
1747679458.5780308,-0.20775373,0.6232002,-0.57957494,-1.7319856,-1.5610107,0.40826228
1747679458.5785546,-0.20775373,0.6232002,-0.57957494,-1.7319856,-1.5610107,0.40826228
1747679458.5791018,-0.20775373,0.6232002,-0.57957494,-1.7319856,-1.5610107,0.40826228
1747679458.5796251,-0.20775373,0.6232002,-0.57957494,-1.7319856,-1.5610107,0.40826228
1747679458.5801678,-0.18774104,0.6109973,-0.5395496,-1.7319856,-1.5610107,0.40826228
1747679458.5807073,-0.18774104,0.6109973,-0.5395496,-1.7319856,-1.5610107,0.40826228
1747679458.5812325,-0.18774104,0.6109973,-0.5395496,-1.7319856,-1.5610107,0.40826228
1747679458.5817568,-0.18774104,0.6109973,-0.5395496,-1.7319856,-1.5610107,0.40826228
1747679458.582281,-0.18774104,0.6109973,-0.5395496,-1.7319856,-1.5610107,0.40826228
1747679458.5828063,-0.18774104,0.6109973,-0.5395496,-1.7319856,-1.5610107,0.40826228
1747679458.583407,-0.18774104,0.6109973,-0.5395496,-1.7319856,-1.5610107,0.40826228
1747679458.5839677,-0.18774104,0.6109973,-0.5395496,-1.7319856,-1.5610107,0.40826228
1747679458.5844834,-0.18774104,0.6109973,-0.5395496,-1.7319856,-1.5610107,0.40826228
1747679458.5850105,-0.18774104,0.6109973,-0.5395496,-1.7319856,-1.5610107,0.40826228
1747679458.5855389,-0.18774104,0.6109973,-0.5395496,-1.7319856,-1.5610107,0.40826228
1747679458.5860944,-0.18774104,0.6109973,-0.5395496,-1.7319856,-1.5610107,0.40826228
1747679458.5866427,-0.18774104,0.6109973,-0.5395496,-1.7319856,-1.5610107,0.40826228
1747679458.587189,-0.18774104,0.6109973,-0.5395496,-1.7319856,-1.5610107,0.40826228
1747679458.587739,-0.18774104,0.6109973,-0.5395496,-1.7319856,-1.5610107,0.40826228
1747679458.588289,-0.18774104,0.6109973,-0.5395496,-1.7319856,-1.5610107,0.40826228
1747679458.5888376,-0.18774104,0.6109973,-0.5395496,-1.7319856,-1.5610107,0.40826228
1747679458.5893872,-0.18774104,0.6109973,-0.5395496,-1.7319856,-1.5610107,0.40826228
1747679458.5899298,-0.18774104,0.6109973,-0.5395496,-2.17407,-1.7080171,0.45087284
1747679458.590456,-0.18774104,0.6109973,-0.5395496,-2.17407,-1.7080171,0.45087284
1747679458.5909755,-0.18774104,0.6109973,-0.5395496,-2.17407,-1.7080171,0.45087284
1747679458.591497,-0.18774104,0.6109973,-0.5395496,-2.17407,-1.7080171,0.45087284
1747679458.5920155,-0.18774104,0.6109973,-0.5395496,-2.17407,-1.7080171,0.45087284
1747679458.5925338,-0.18774104,0.6109973,-0.5395496,-2.17407,-1.7080171,0.45087284
1747679458.593052,-0.18774104,0.6109973,-0.5395496,-2.17407,-1.7080171,0.45087284
1747679458.593579,-0.18774104,0.6109973,-0.5395496,-2.17407,-1.7080171,0.45087284
1747679458.5941074,-0.18774104,0.6109973,-0.5395496,-2.17407,-1.7080171,0.45087284
1747679458.5946274,-0.18774104,0.6109973,-0.5395496,-2.17407,-1.7080171,0.45087284
1747679458.595174,-0.18774104,0.6109973,-0.5395496,-2.17407,-1.7080171,0.45087284
1747679458.5957274,-0.18774104,0.6109973,-0.5395496,-2.17407,-1.7080171,0.45087284
1747679458.5962958,-0.18774104,0.6109973,-0.5395496,-2.17407,-1.7080171,0.45087284
1747679458.5968292,-0.18774104,0.6109973,-0.5395496,-2.17407,-1.7080171,0.45087284
1747679458.597349,-0.18774104,0.6109973,-0.5395496,-2.17407,-1.7080171,0.45087284
1747679458.5978675,-0.18774104,0.6109973,-0.5395496,-2.17407,-1.7080171,0.45087284
1747679458.5983863,-0.18774104,0.6109973,-0.5395496,-2.17407,-1.7080171,0.45087284
1747679458.5989265,-0.18774104,0.6109973,-0.5395496,-2.17407,-1.7080171,0.45087284
1747679458.5994706,-0.18774104,0.6109973,-0.5395496,-2.17407,-1.7080171,0.45087284
1747679458.599997,-0.12819107,0.5665789,-0.37115005,-2.17407,-1.7080171,0.45087284
1747679458.6005158,-0.12819107,0.5665789,-0.37115005,-2.17407,-1.7080171,0.45087284
1747679458.6010342,-0.12819107,0.5665789,-0.37115005,-2.17407,-1.7080171,0.45087284
1747679458.601554,-0.12819107,0.5665789,-0.37115005,-2.3349247,-1.6760591,0.46046022
1747679458.6020725,-0.12819107,0.5665789,-0.37115005,-2.3349247,-1.6760591,0.46046022
1747679458.602591,-0.12819107,0.5665789,-0.37115005,-2.3349247,-1.6760591,0.46046022
1747679458.6031094,-0.12819107,0.5665789,-0.37115005,-2.3349247,-1.6760591,0.46046022
1747679458.603636,-0.12819107,0.5665789,-0.37115005,-2.3349247,-1.6760591,0.46046022
1747679458.604164,-0.12819107,0.5665789,-0.37115005,-2.3349247,-1.6760591,0.46046022
1747679458.6046836,-0.12819107,0.5665789,-0.37115005,-2.3349247,-1.6760591,0.46046022
1747679458.6052022,-0.12819107,0.5665789,-0.37115005,-2.3349247,-1.6760591,0.46046022
1747679458.60572,-0.12819107,0.5665789,-0.37115005,-2.3349247,-1.6760591,0.46046022
1747679458.6062381,-0.12819107,0.5665789,-0.37115005,-2.3349247,-1.6760591,0.46046022
1747679458.6067562,-0.12819107,0.5665789,-0.37115005,-2.3349247,-1.6760591,0.46046022
1747679458.6072745,-0.12819107,0.5665789,-0.37115005,-2.3349247,-1.6760591,0.46046022
1747679458.6077926,-0.12819107,0.5665789,-0.37115005,-2.3349247,-1.6760591,0.46046022
1747679458.6083102,-0.12819107,0.5665789,-0.37115005,-2.3349247,-1.6760591,0.46046022
1747679458.6088288,-0.12819107,0.5665789,-0.37115005,-2.3349247,-1.6760591,0.46046022
1747679458.6093464,-0.12819107,0.5665789,-0.37115005,-2.3349247,-1.6760591,0.46046022
1747679458.6098948,-0.12819107,0.5665789,-0.37115005,-2.3349247,-1.6760591,0.46046022
1747679458.6104405,-0.12819107,0.5665789,-0.37115005,-2.3349247,-1.6760591,0.46046022
1747679458.6110046,-0.12819107,0.5665789,-0.37115005,-2.550108,-1.5269222,0.47643918
1747679458.6115377,-0.12819107,0.5665789,-0.37115005,-2.550108,-1.5269222,0.47643918
1747679458.6120577,-0.12819107,0.5665789,-0.37115005,-2.550108,-1.5269222,0.47643918
1747679458.612576,-0.12819107,0.5665789,-0.37115005,-2.550108,-1.5269222,0.47643918
1747679458.6130943,-0.12819107,0.5665789,-0.37115005,-2.550108,-1.5269222,0.47643918
1747679458.6136432,-0.12819107,0.5665789,-0.37115005,-2.550108,-1.5269222,0.47643918
1747679458.6142108,-0.12819107,0.5665789,-0.37115005,-2.550108,-1.5269222,0.47643918
1747679458.6147697,-0.12819107,0.5665789,-0.37115005,-2.550108,-1.5269222,0.47643918
1747679458.6153162,-0.12819107,0.5665789,-0.37115005,-2.550108,-1.5269222,0.47643918
1747679458.6158488,-0.12819107,0.5665789,-0.37115005,-2.550108,-1.5269222,0.47643918
1747679458.616369,-0.12819107,0.5665789,-0.37115005,-2.550108,-1.5269222,0.47643918
1747679458.6168873,-0.12819107,0.5665789,-0.37115005,-2.550108,-1.5269222,0.47643918
1747679458.6174054,-0.12819107,0.5665789,-0.37115005,-2.550108,-1.5269222,0.47643918
1747679458.6179235,-0.12819107,0.5665789,-0.37115005,-2.550108,-1.5269222,0.47643918
1747679458.618442,-0.12819107,0.5665789,-0.37115005,-2.550108,-1.5269222,0.47643918
1747679458.6189601,-0.12819107,0.5665789,-0.37115005,-2.550108,-1.5269222,0.47643918
1747679458.6194782,-0.12819107,0.5665789,-0.37115005,-2.550108,-1.5269222,0.47643918
1747679458.6199958,-0.12819107,0.5665789,-0.37115005,-2.550108,-1.5269222,0.47643918
1747679458.6205144,-0.12819107,0.5665789,-0.37115005,-2.550108,-1.5269222,0.47643918
1747679458.621032,-0.12819107,0.5665789,-0.37115005,-2.550108,-1.5269222,0.47643918
1747679458.6215532,-0.12819107,0.5665789,-0.37115005,-2.550108,-1.5269222,0.47643918
1747679458.6220744,-0.12819107,0.5665789,-0.37115005,-2.550108,-1.5269222,0.47643918
1747679458.622593,-0.12819107,0.5665789,-0.37115005,-2.550108,-1.5269222,0.47643918
1747679458.6231112,-0.12819107,0.5665789,-0.37115005,-2.550108,-1.5269222,0.47643918
1747679458.6236432,-0.12819107,0.5665789,-0.37115005,-2.550108,-1.5269222,0.47643918
1747679458.624182,-0.12819107,0.5665789,-0.37115005,-2.550108,-1.5269222,0.47643918
1747679458.6247022,-0.12819107,0.5665789,-0.37115005,-2.550108,-1.5269222,0.47643918
1747679458.6252205,-0.12819107,0.5665789,-0.37115005,-2.550108,-1.5269222,0.47643918
1747679458.6257513,-0.12819107,0.5665789,-0.37115005,-2.550108,-1.5269222,0.47643918
1747679458.6263132,-0.12819107,0.5665789,-0.37115005,-2.550108,-1.5269222,0.47643918
1747679458.6268566,-0.12819107,0.5665789,-0.37115005,-2.667287,-1.2989558,0.4902876
1747679458.6273894,-0.12819107,0.5665789,-0.37115005,-2.667287,-1.2989558,0.4902876
1747679458.6279092,-0.12819107,0.5665789,-0.37115005,-2.667287,-1.2989558,0.4902876
1747679458.6284277,-0.12819107,0.5665789,-0.37115005,-2.667287,-1.2989558,0.4902876
1747679458.6289697,-0.12819107,0.5665789,-0.37115005,-2.667287,-1.2989558,0.4902876
1747679458.629515,-0.12819107,0.5665789,-0.37115005,-2.667287,-1.2989558,0.4902876
1747679458.6300406,-0.12819107,0.5665789,-0.37115005,-2.667287,-1.2989558,0.4902876
1747679458.6305594,-0.12819107,0.5665789,-0.37115005,-2.667287,-1.2989558,0.4902876
1747679458.6310773,-0.12819107,0.5665789,-0.37115005,-2.667287,-1.2989558,0.4902876
1747679458.6315956,-0.12819107,0.5665789,-0.37115005,-2.667287,-1.2989558,0.4902876
1747679458.6321135,-0.12819107,0.5665789,-0.37115005,-2.667287,-1.2989558,0.4902876
1747679458.6326346,-0.12819107,0.5665789,-0.37115005,-2.6928532,-1.1711242,0.49987495
1747679458.6331556,-0.11013083,0.49238548,-0.03435106,-2.6928532,-1.1711242,0.49987495
1747679458.6336827,-0.11013083,0.49238548,-0.03435106,-2.6928532,-1.1711242,0.49987495
1747679458.6342103,-0.11013083,0.49238548,-0.03435106,-2.6928532,-1.1711242,0.49987495
1747679458.6347303,-0.11013083,0.49238548,-0.03435106,-2.6928532,-1.1711242,0.49987495
1747679458.6352484,-0.11013083,0.49238548,-0.03435106,-2.6928532,-1.1711242,0.49987495
1747679458.635767,-0.11013083,0.49238548,-0.03435106,-2.6928532,-1.1711242,0.49987495
1747679458.636285,-0.11013083,0.49238548,-0.03435106,-2.6928532,-1.1711242,0.49987495
1747679458.6368034,-0.11013083,0.49238548,-0.03435106,-2.6928532,-1.1711242,0.49987495
1747679458.6373677,-0.11013083,0.49238548,-0.03435106,-2.6928532,-1.1711242,0.49987495
1747679458.637888,-0.11013083,0.49238548,-0.03435106,-2.6928532,-1.1711242,0.49987495
1747679458.6384058,-0.11013083,0.49238548,-0.03435106,-2.6928532,-1.1711242,0.49987495
1747679458.6389241,-0.11013083,0.49238548,-0.03435106,-2.6928532,-1.1711242,0.49987495
1747679458.6394422,-0.11013083,0.49238548,-0.03435106,-2.6928532,-1.1711242,0.49987495
1747679458.6399603,-0.11013083,0.49238548,-0.03435106,-2.6928532,-1.1711242,0.49987495
1747679458.6404784,-0.11013083,0.49238548,-0.03435106,-2.6928532,-1.1711242,0.49987495
1747679458.6409967,-0.11013083,0.49238548,-0.03435106,-2.6928532,-1.1711242,0.49987495
1747679458.6415417,-0.11013083,0.49238548,-0.03435106,-2.6928532,-1.1711242,0.49987495
1747679458.6420903,-0.11013083,0.49238548,-0.03435106,-2.6928532,-1.1711242,0.49987495
1747679458.6426568,-0.11013083,0.49238548,-0.03435106,-2.6928532,-1.1711242,0.49987495
1747679458.6431818,-0.07498659,0.48457566,0.07645093,-2.642786,-1.077381,0.4956139
1747679458.6437013,-0.07498659,0.48457566,0.07645093,-2.642786,-1.077381,0.4956139
1747679458.6442988,-0.07498659,0.48457566,0.07645093,-2.642786,-1.077381,0.4956139
1747679458.6448689,-0.07498659,0.48457566,0.07645093,-2.642786,-1.077381,0.4956139
1747679458.6454635,-0.07498659,0.48457566,0.07645093,-2.642786,-1.077381,0.4956139
1747679458.6460164,-0.07498659,0.48457566,0.07645093,-2.642786,-1.077381,0.4956139
1747679458.646565,-0.07498659,0.48457566,0.07645093,-2.642786,-1.077381,0.4956139
1747679458.6471055,-0.07498659,0.48457566,0.07645093,-2.642786,-1.077381,0.4956139
1747679458.6476576,-0.07498659,0.48457566,0.07645093,-2.642786,-1.077381,0.4956139
1747679458.648313,-0.07498659,0.48457566,0.07645093,-2.642786,-1.077381,0.4956139
1747679458.6488595,-0.07498659,0.48457566,0.07645093,-2.642786,-1.077381,0.4956139
1747679458.6493964,-0.07498659,0.48457566,0.07645093,-2.642786,-1.077381,0.4956139
1747679458.6499224,-0.07498659,0.48457566,0.07645093,-2.642786,-1.077381,0.4956139
1747679458.650441,-0.07498659,0.48457566,0.07645093,-2.642786,-1.077381,0.4956139
1747679458.6509597,-0.07498659,0.48457566,0.07645093,-2.642786,-1.077381,0.4956139
1747679458.651478,-0.07498659,0.48457566,0.07645093,-2.642786,-1.077381,0.4956139
1747679458.6519961,-0.07498659,0.48457566,0.07645093,-2.642786,-1.077381,0.4956139
1747679458.6525142,-0.07498659,0.48457566,0.07645093,-2.642786,-1.077381,0.4956139
1747679458.6530325,-0.07498659,0.48457566,0.07645093,-2.642786,-1.077381,0.4956139
1747679458.6535587,-0.07498659,0.48457566,0.07645093,-2.642786,-1.077381,0.4956139
1747679458.6540854,-0.07498659,0.48457566,0.07645093,-2.642786,-1.077381,0.4956139
1747679458.6546056,-0.07498659,0.48457566,0.07645093,-2.642786,-1.077381,0.4956139
1747679458.655124,-0.07498659,0.48457566,0.07645093,-2.642786,-1.077381,0.4956139
1747679458.6556423,-0.07498659,0.48457566,0.07645093,-2.642786,-1.077381,0.4956139
1747679458.6561642,-0.02715137,0.48311132,0.14332262,-2.441451,-1.1956253,0.42424124
1747679458.6566854,-0.02715137,0.48311132,0.14332262,-2.441451,-1.1956253,0.42424124
1747679458.657216,-0.02715137,0.48311132,0.14332262,-2.441451,-1.1956253,0.42424124
1747679458.6577747,-0.02715137,0.48311132,0.14332262,-2.441451,-1.1956253,0.42424124
1747679458.6583195,-0.02715137,0.48311132,0.14332262,-2.441451,-1.1956253,0.42424124
1747679458.658855,-0.02715137,0.48311132,0.14332262,-2.441451,-1.1956253,0.42424124
1747679458.6593993,-0.02715137,0.48311132,0.14332262,-2.441451,-1.1956253,0.42424124
1747679458.6599557,-0.02715137,0.48311132,0.14332262,-2.441451,-1.1956253,0.42424124
1747679458.6604831,-0.02715137,0.48311132,0.14332262,-2.441451,-1.1956253,0.42424124
1747679458.661005,-0.02715137,0.48311132,0.14332262,-2.441451,-1.1956253,0.42424124
1747679458.6615262,-0.02715137,0.48311132,0.14332262,-2.441451,-1.1956253,0.42424124
1747679458.6620471,-0.02715137,0.48311132,0.14332262,-2.441451,-1.1956253,0.42424124
1747679458.6625679,-0.02715137,0.48311132,0.14332262,-2.441451,-1.1956253,0.42424124
1747679458.6630883,-0.02715137,0.48311132,0.14332262,-2.441451,-1.1956253,0.42424124
1747679458.6636164,-0.02715137,0.48311132,0.14332262,-2.441451,-1.1956253,0.42424124
1747679458.664149,-0.02715137,0.48311132,0.14332262,-2.441451,-1.1956253,0.42424124
1747679458.664674,-0.03398497,0.49287358,0.12819107,-2.2007015,-1.4928339,0.33795488
1747679458.6651955,-0.03398497,0.49287358,0.12819107,-2.2007015,-1.4928339,0.33795488
1747679458.6657164,-0.03398497,0.49287358,0.12819107,-2.2007015,-1.4928339,0.33795488
1747679458.6662369,-0.03398497,0.49287358,0.12819107,-2.2007015,-1.4928339,0.33795488
1747679458.6667573,-0.03398497,0.49287358,0.12819107,-2.2007015,-1.4928339,0.33795488
1747679458.6672783,-0.03398497,0.49287358,0.12819107,-2.2007015,-1.4928339,0.33795488
1747679458.6677992,-0.03398497,0.49287358,0.12819107,-2.2007015,-1.4928339,0.33795488
1747679458.66832,-0.03398497,0.49287358,0.12819107,-2.2007015,-1.4928339,0.33795488
1747679458.6688406,-0.03398497,0.49287358,0.12819107,-2.2007015,-1.4928339,0.33795488
1747679458.6693616,-0.03398497,0.49287358,0.12819107,-2.2007015,-1.4928339,0.33795488
1747679458.6698823,-0.03398497,0.49287358,0.12819107,-2.2007015,-1.4928339,0.33795488
1747679458.670403,-0.03398497,0.49287358,0.12819107,-2.2007015,-1.4928339,0.33795488
1747679458.6709237,-0.03398497,0.49287358,0.12819107,-2.2007015,-1.4928339,0.33795488
1747679458.6714447,-0.03398497,0.49287358,0.12819107,-2.2007015,-1.4928339,0.33795488
1747679458.6724544,-0.03398497,0.49287358,0.12819107,-2.2007015,-1.4928339,0.33795488
1747679458.672985,-0.03398497,0.49287358,0.12819107,-2.2007015,-1.4928339,0.33795488
1747679458.6735497,-0.03398497,0.49287358,0.12819107,-2.2007015,-1.4928339,0.33795488
1747679458.6740956,-0.03398497,0.49287358,0.12819107,-2.2007015,-1.4928339,0.33795488
1747679458.6748211,-0.03398497,0.49287358,0.12819107,-1.968474,-2.0531626,0.28682223
1747679458.6753793,-0.03398497,0.49287358,0.12819107,-1.968474,-2.0531626,0.28682223
1747679458.675926,-0.03398497,0.49287358,0.12819107,-1.968474,-2.0531626,0.28682223
1747679458.6764698,-0.10476157,0.50654083,-0.012874019,-1.968474,-2.0531626,0.28682223
1747679458.6770139,-0.10476157,0.50654083,-0.012874019,-1.968474,-2.0531626,0.28682223
1747679458.6775472,-0.10476157,0.50654083,-0.012874019,-1.968474,-2.0531626,0.28682223
1747679458.6780672,-0.10476157,0.50654083,-0.012874019,-1.968474,-2.0531626,0.28682223
1747679458.678586,-0.10476157,0.50654083,-0.012874019,-1.968474,-2.0531626,0.28682223
1747679458.6791043,-0.10476157,0.50654083,-0.012874019,-1.968474,-2.0531626,0.28682223
1747679458.679623,-0.10476157,0.50654083,-0.012874019,-1.968474,-2.0531626,0.28682223
1747679458.680142,-0.1765144,0.50312406,-0.19347638,-1.9546256,-2.4057648,0.31558436
1747679458.6806602,-0.1765144,0.50312406,-0.19347638,-1.9546256,-2.4057648,0.31558436
1747679458.6811783,-0.1765144,0.50312406,-0.19347638,-1.9546256,-2.4057648,0.31558436
1747679458.6816964,-0.1765144,0.50312406,-0.19347638,-1.9546256,-2.4057648,0.31558436
1747679458.6822157,-0.1765144,0.50312406,-0.19347638,-1.9546256,-2.4057648,0.31558436
1747679458.6827345,-0.1765144,0.50312406,-0.19347638,-1.9546256,-2.4057648,0.31558436
1747679458.6832523,-0.1765144,0.50312406,-0.19347638,-1.9546256,-2.4057648,0.31558436
1747679458.6837704,-0.1765144,0.50312406,-0.19347638,-1.9546256,-2.4057648,0.31558436
1747679458.6842983,-0.1765144,0.50312406,-0.19347638,-1.9546256,-2.4057648,0.31558436
1747679458.6848278,-0.1765144,0.50312406,-0.19347638,-1.9546256,-2.4057648,0.31558436
1747679458.6853478,-0.1765144,0.50312406,-0.19347638,-1.9546256,-2.4057648,0.31558436
1747679458.6858659,-0.1765144,0.50312406,-0.19347638,-1.9546256,-2.4057648,0.31558436
1747679458.6863842,-0.1765144,0.50312406,-0.19347638,-1.9546256,-2.4057648,0.31558436
1747679458.6869016,-0.1765144,0.50312406,-0.19347638,-1.9546256,-2.4057648,0.31558436
1747679458.6874197,-0.1765144,0.50312406,-0.19347638,-1.9546256,-2.4057648,0.31558436
1747679458.6879373,-0.1765144,0.50312406,-0.19347638,-1.9546256,-2.4057648,0.31558436
1747679458.688455,-0.1765144,0.50312406,-0.19347638,-1.9546256,-2.4057648,0.31558436
1747679458.6889863,-0.1765144,0.50312406,-0.19347638,-1.9546256,-2.4057648,0.31558436
1747679458.6895611,-0.23704061,0.48311132,-0.27450338,-1.9546256,-2.4057648,0.31558436
1747679458.6901295,-0.23704061,0.48311132,-0.27450338,-2.1644826,-2.648645,0.44767705
1747679458.6906762,-0.23704061,0.48311132,-0.27450338,-2.1644826,-2.648645,0.44767705
1747679458.6912024,-0.23704061,0.48311132,-0.27450338,-2.1644826,-2.648645,0.44767705
1747679458.6917214,-0.23704061,0.48311132,-0.27450338,-2.1644826,-2.648645,0.44767705
1747679458.6922402,-0.23704061,0.48311132,-0.27450338,-2.1644826,-2.648645,0.44767705
1747679458.692758,-0.23704061,0.48311132,-0.27450338,-2.1644826,-2.648645,0.44767705
1747679458.6932764,-0.23704061,0.48311132,-0.27450338,-2.1644826,-2.648645,0.44767705
1747679458.693804,-0.23704061,0.48311132,-0.27450338,-2.1644826,-2.648645,0.44767705
1747679458.694331,-0.23704061,0.48311132,-0.27450338,-2.1644826,-2.648645,0.44767705
1747679458.6948502,-0.23704061,0.48311132,-0.27450338,-2.1644826,-2.648645,0.44767705
1747679458.6953688,-0.23704061,0.48311132,-0.27450338,-2.1644826,-2.648645,0.44767705
1747679458.6958866,-0.23704061,0.48311132,-0.27450338,-2.1644826,-2.648645,0.44767705
1747679458.6964052,-0.23704061,0.48311132,-0.27450338,-2.1644826,-2.648645,0.44767705
1747679458.6969237,-0.23704061,0.48311132,-0.27450338,-2.1644826,-2.648645,0.44767705
1747679458.6974413,-0.23704061,0.48311132,-0.27450338,-2.1644826,-2.648645,0.44767705
1747679458.6979592,-0.23704061,0.48311132,-0.27450338,-2.1644826,-2.648645,0.44767705
1747679458.6984768,-0.23704061,0.48311132,-0.27450338,-2.1644826,-2.648645,0.44767705
1747679458.6989944,-0.23704061,0.48311132,-0.27450338,-2.1644826,-2.648645,0.44767705
1747679458.6995149,-0.23704061,0.48311132,-0.27450338,-2.1644826,-2.648645,0.44767705
1747679458.7000356,-0.25119594,0.48115885,-0.25156203,-2.1644826,-2.648645,0.44767705
1747679458.7005546,-0.25119594,0.48115885,-0.25156203,-2.594849,-2.6582322,0.698014
1747679458.7010734,-0.25119594,0.48115885,-0.25156203,-2.594849,-2.6582322,0.698014
1747679458.7015913,-0.25119594,0.48115885,-0.25156203,-2.594849,-2.6582322,0.698014
1747679458.7021089,-0.25119594,0.48115885,-0.25156203,-2.594849,-2.6582322,0.698014
1747679458.7026267,-0.25119594,0.48115885,-0.25156203,-2.594849,-2.6582322,0.698014
1747679458.703145,-0.25119594,0.48115885,-0.25156203,-2.594849,-2.6582322,0.698014
1747679458.7036748,-0.25119594,0.48115885,-0.25156203,-2.594849,-2.6582322,0.698014
1747679458.7042403,-0.25119594,0.48115885,-0.25156203,-2.594849,-2.6582322,0.698014
1747679458.704797,-0.25119594,0.48115885,-0.25156203,-2.594849,-2.6582322,0.698014
1747679458.7053652,-0.25119594,0.48115885,-0.25156203,-2.594849,-2.6582322,0.698014
1747679458.7059312,-0.25119594,0.48115885,-0.25156203,-2.594849,-2.6582322,0.698014
1747679458.7064795,-0.25119594,0.48115885,-0.25156203,-2.594849,-2.6582322,0.698014
1747679458.7070198,-0.25119594,0.48115885,-0.25156203,-2.594849,-2.6582322,0.698014
1747679458.707553,-0.25119594,0.48115885,-0.25156203,-2.594849,-2.6582322,0.698014
1747679458.7080731,-0.25119594,0.48115885,-0.25156203,-2.594849,-2.6582322,0.698014
1747679458.708592,-0.25119594,0.48115885,-0.25156203,-2.594849,-2.6582322,0.698014
1747679458.7091103,-0.25119594,0.48115885,-0.25156203,-2.594849,-2.6582322,0.698014
1747679458.7096286,-0.25119594,0.48115885,-0.25156203,-2.594849,-2.6582322,0.698014
1747679458.710147,-0.25119594,0.48115885,-0.25156203,-2.594849,-2.6582322,0.698014
1747679458.7106652,-0.25119594,0.48115885,-0.25156203,-2.594849,-2.6582322,0.698014
1747679458.7111838,-0.21653979,0.47334903,-0.1300215,-2.594849,-2.6582322,0.698014
1747679458.7117028,-0.21653979,0.47334903,-0.1300215,-2.8963187,-2.5165522,0.87804353
1747679458.7122214,-0.21653979,0.47334903,-0.1300215,-2.8963187,-2.5165522,0.87804353
1747679458.71274,-0.21653979,0.47334903,-0.1300215,-2.8963187,-2.5165522,0.87804353
1747679458.713258,-0.21653979,0.47334903,-0.1300215,-2.8963187,-2.5165522,0.87804353
1747679458.7137866,-0.21653979,0.47334903,-0.1300215,-2.8963187,-2.5165522,0.87804353
1747679458.7143168,-0.21653979,0.47334903,-0.1300215,-2.8963187,-2.5165522,0.87804353
1747679458.7148368,-0.21653979,0.47334903,-0.1300215,-2.8963187,-2.5165522,0.87804353
1747679458.7153547,-0.21653979,0.47334903,-0.1300215,-2.8963187,-2.5165522,0.87804353
1747679458.7158725,-0.21653979,0.47334903,-0.1300215,-2.8963187,-2.5165522,0.87804353
1747679458.7163904,-0.21653979,0.47334903,-0.1300215,-2.8963187,-2.5165522,0.87804353
1747679458.7169082,-0.21653979,0.47334903,-0.1300215,-2.8963187,-2.5165522,0.87804353
1747679458.7174265,-0.21653979,0.47334903,-0.1300215,-2.8963187,-2.5165522,0.87804353
1747679458.7179446,-0.21653979,0.47334903,-0.1300215,-2.8963187,-2.5165522,0.87804353
1747679458.7184622,-0.21653979,0.47334903,-0.1300215,-2.8963187,-2.5165522,0.87804353
1747679458.71898,-0.21653979,0.47334903,-0.1300215,-2.8963187,-2.5165522,0.87804353
1747679458.7195086,-0.21653979,0.47334903,-0.1300215,-2.8963187,-2.5165522,0.87804353
1747679458.720129,-0.21653979,0.47334903,-0.1300215,-2.8963187,-2.5165522,0.87804353
1747679458.7206917,-0.21653979,0.47334903,-0.1300215,-2.8963187,-2.5165522,0.87804353
1747679458.721234,-0.12623861,0.41575152,0.06912921,-3.2744873,-2.1181436,1.0932268
1747679458.7217577,-0.12623861,0.41575152,0.06912921,-3.2744873,-2.1181436,1.0932268
1747679458.7222764,-0.12623861,0.41575152,0.06912921,-3.2744873,-2.1181436,1.0932268
1747679458.7227945,-0.12623861,0.41575152,0.06912921,-3.2744873,-2.1181436,1.0932268
1747679458.7233129,-0.12623861,0.41575152,0.06912921,-3.2744873,-2.1181436,1.0932268
1747679458.7238407,-0.12623861,0.41575152,0.06912921,-3.2744873,-2.1181436,1.0932268
1747679458.7243688,-0.12623861,0.41575152,0.06912921,-3.2744873,-2.1181436,1.0932268
1747679458.7248886,-0.12623861,0.41575152,0.06912921,-3.2744873,-2.1181436,1.0932268
1747679458.7254066,-0.12623861,0.41575152,0.06912921,-3.2744873,-2.1181436,1.0932268
1747679458.7259252,-0.12623861,0.41575152,0.06912921,-3.2744873,-2.1181436,1.0932268
1747679458.7264428,-0.12623861,0.41575152,0.06912921,-3.2744873,-2.1181436,1.0932268
1747679458.7269604,-0.12623861,0.41575152,0.06912921,-3.2744873,-2.1181436,1.0932268
1747679458.7274787,-0.12623861,0.41575152,0.06912921,-3.2744873,-2.1181436,1.0932268
1747679458.7279968,-0.12623861,0.41575152,0.06912921,-3.2744873,-2.1181436,1.0932268
1747679458.728515,-0.12623861,0.41575152,0.06912921,-3.2744873,-2.1181436,1.0932268
1747679458.7290328,-0.12623861,0.41575152,0.06912921,-3.2744873,-2.1181436,1.0932268
1747679458.7295506,-0.12623861,0.41575152,0.06912921,-3.2744873,-2.1181436,1.0932268
1747679458.7300682,-0.12623861,0.41575152,0.06912921,-3.2744873,-2.1181436,1.0932268
1747679458.730586,-0.12623861,0.41575152,0.06912921,-3.2744873,-2.1181436,1.0932268
1747679458.7311046,-0.12623861,0.41575152,0.06912921,-3.2744873,-2.1181436,1.0932268
1747679458.7316234,-0.12623861,0.41575152,0.06912921,-3.2744873,-2.1181436,1.0932268
1747679458.7321413,-0.12623861,0.41575152,0.06912921,-3.2744873,-2.1181436,1.0932268
1747679458.7326593,0.002135501,0.39281014,0.21946847,-3.454517,-1.7708676,1.1816437
1747679458.7331774,0.002135501,0.39281014,0.21946847,-3.454517,-1.7708676,1.1816437
1747679458.733695,0.002135501,0.39281014,0.21946847,-3.454517,-1.7708676,1.1816437
1747679458.734221,0.002135501,0.39281014,0.21946847,-3.454517,-1.7708676,1.1816437
1747679458.7347543,0.002135501,0.39281014,0.21946847,-3.454517,-1.7708676,1.1816437
1747679458.7352843,0.002135501,0.39281014,0.21946847,-3.454517,-1.7708676,1.1816437
1747679458.735904,0.002135501,0.39281014,0.21946847,-3.454517,-1.7708676,1.1816437
1747679458.7364645,0.002135501,0.39281014,0.21946847,-3.454517,-1.7708676,1.1816437
1747679458.737007,0.002135501,0.39281014,0.21946847,-3.454517,-1.7708676,1.1816437
1747679458.7375295,0.002135501,0.39281014,0.21946847,-3.454517,-1.7708676,1.1816437
1747679458.7380486,0.002135501,0.39281014,0.21946847,-3.454517,-1.7708676,1.1816437
1747679458.7385664,0.002135501,0.39281014,0.21946847,-3.454517,-1.7708676,1.1816437
1747679458.7390847,0.002135501,0.39281014,0.21946847,-3.454517,-1.7708676,1.1816437
1747679458.7396023,0.002135501,0.39281014,0.21946847,-3.454517,-1.7708676,1.1816437
1747679458.7401202,0.002135501,0.39281014,0.21946847,-3.454517,-1.7708676,1.1816437
1747679458.7406383,0.002135501,0.39281014,0.21946847,-3.454517,-1.7708676,1.1816437
1747679458.7411563,0.002135501,0.39281014,0.21946847,-3.454517,-1.7708676,1.1816437
1747679458.741675,0.1768805,0.39720318,0.36980775,-3.454517,-1.7708676,1.1816437
1747679458.742194,0.1768805,0.39720318,0.36980775,-3.4662347,-1.6686023,1.142229
1747679458.7427123,0.1768805,0.39720318,0.36980775,-3.4662347,-1.6686023,1.142229
1747679458.74323,0.1768805,0.39720318,0.36980775,-3.4662347,-1.6686023,1.142229
1747679458.7437568,0.1768805,0.39720318,0.36980775,-3.4662347,-1.6686023,1.142229
1747679458.7442837,0.1768805,0.39720318,0.36980775,-3.4662347,-1.6686023,1.142229
1747679458.7448034,0.1768805,0.39720318,0.36980775,-3.4662347,-1.6686023,1.142229
1747679458.7453213,0.1768805,0.39720318,0.36980775,-3.4662347,-1.6686023,1.142229
1747679458.745839,0.1768805,0.39720318,0.36980775,-3.4662347,-1.6686023,1.142229
1747679458.746357,0.1768805,0.39720318,0.36980775,-3.4662347,-1.6686023,1.142229
1747679458.7468748,0.1768805,0.39720318,0.36980775,-3.4662347,-1.6686023,1.142229
1747679458.7473927,0.1768805,0.39720318,0.36980775,-3.4662347,-1.6686023,1.142229
1747679458.7479105,0.1768805,0.39720318,0.36980775,-3.4662347,-1.6686023,1.142229
1747679458.748428,0.1768805,0.39720318,0.36980775,-3.4662347,-1.6686023,1.142229
1747679458.7489457,0.1768805,0.39720318,0.36980775,-3.4662347,-1.6686023,1.142229
1747679458.7494636,0.1768805,0.39720318,0.36980775,-3.4662347,-1.6686023,1.142229
1747679458.7499812,0.1768805,0.39720318,0.36980775,-3.4662347,-1.6686023,1.142229
1747679458.750499,0.1768805,0.39720318,0.36980775,-3.4662347,-1.6686023,1.142229
1747679458.7510476,0.1768805,0.39720318,0.36980775,-3.4662347,-1.6686023,1.142229
1747679458.7516134,0.1768805,0.39720318,0.36980775,-3.4662347,-1.6686023,1.142229
1747679458.7521694,0.1768805,0.39720318,0.36980775,-3.4662347,-1.6686023,1.142229
1747679458.752701,0.3116001,0.40647733,0.49866995,-3.3426642,-1.6686023,0.9110667
1747679458.7532203,0.3116001,0.40647733,0.49866995,-3.3426642,-1.6686023,0.9110667
1747679458.7537386,0.3116001,0.40647733,0.49866995,-3.3426642,-1.6686023,0.9110667
1747679458.754268,0.3116001,0.40647733,0.49866995,-3.3426642,-1.6686023,0.9110667
1747679458.7548041,0.3116001,0.40647733,0.49866995,-3.3426642,-1.6686023,0.9110667
1747679458.7553244,0.3116001,0.40647733,0.49866995,-3.3426642,-1.6686023,0.9110667
1747679458.755843,0.3116001,0.40647733,0.49866995,-3.3426642,-1.6686023,0.9110667
1747679458.7563608,0.3116001,0.40647733,0.49866995,-3.3426642,-1.6686023,0.9110667
1747679458.7568815,0.3116001,0.40647733,0.49866995,-3.3426642,-1.6686023,0.9110667
1747679458.7574024,0.3116001,0.40647733,0.49866995,-3.3426642,-1.6686023,0.9110667
1747679458.7579231,0.3116001,0.40647733,0.49866995,-3.3426642,-1.6686023,0.9110667
1747679458.7584438,0.3116001,0.40647733,0.49866995,-3.3426642,-1.6686023,0.9110667
1747679458.7589645,0.3116001,0.40647733,0.49866995,-3.3426642,-1.6686023,0.9110667
1747679458.7594852,0.3116001,0.40647733,0.49866995,-3.3426642,-1.6686023,0.9110667
1747679458.7600062,0.3116001,0.40647733,0.49866995,-3.3426642,-1.6686023,0.9110667
1747679458.7605264,0.3116001,0.40647733,0.49866995,-3.3426642,-1.6686023,0.9110667
1747679458.761072,0.3116001,0.40647733,0.49866995,-3.3426642,-1.6686023,0.9110667
1747679458.761593,0.3116001,0.40647733,0.49866995,-3.3426642,-1.6686023,0.9110667
1747679458.7621138,0.3116001,0.40647733,0.49866995,-3.3426642,-1.6686023,0.9110667
1747679458.7626357,0.30330214,0.38011914,0.5191708,-3.3426642,-1.6686023,0.9110667
1747679458.763157,0.30330214,0.38011914,0.5191708,-3.3426642,-1.6686023,0.9110667
1747679458.7636847,0.30330214,0.38011914,0.5191708,-3.088066,-1.812413,0.560595
1747679458.7642226,0.30330214,0.38011914,0.5191708,-3.088066,-1.812413,0.560595
1747679458.7647452,0.30330214,0.38011914,0.5191708,-3.088066,-1.812413,0.560595
1747679458.7652662,0.30330214,0.38011914,0.5191708,-3.088066,-1.812413,0.560595
1747679458.7657871,0.30330214,0.38011914,0.5191708,-3.088066,-1.812413,0.560595
1747679458.7663229,0.30330214,0.38011914,0.5191708,-3.088066,-1.812413,0.560595
1747679458.7668796,0.30330214,0.38011914,0.5191708,-3.088066,-1.812413,0.560595
1747679458.7674491,0.30330214,0.38011914,0.5191708,-3.088066,-1.812413,0.560595
1747679458.7681215,0.30330214,0.38011914,0.5191708,-3.088066,-1.812413,0.560595
1747679458.7686572,0.30330214,0.38011914,0.5191708,-3.088066,-1.812413,0.560595
1747679458.7691793,0.30330214,0.38011914,0.5191708,-3.088066,-1.812413,0.560595
1747679458.7697005,0.30330214,0.38011914,0.5191708,-3.088066,-1.812413,0.560595
1747679458.7702217,0.30330214,0.38011914,0.5191708,-3.088066,-1.812413,0.560595
1747679458.770743,0.30330214,0.38011914,0.5191708,-3.088066,-1.812413,0.560595
1747679458.771264,0.30330214,0.38011914,0.5191708,-3.088066,-1.812413,0.560595
1747679458.7717884,0.30330214,0.38011914,0.5191708,-3.088066,-1.812413,0.560595
1747679458.7722964,0.30330214,0.38011914,0.5191708,-3.088066,-1.812413,0.560595
1747679458.7728157,0.30330214,0.38011914,0.5191708,-3.088066,-1.812413,0.560595
1747679458.7733343,0.30330214,0.38011914,0.5191708,-3.088066,-1.812413,0.560595
1747679458.7738652,0.30330214,0.38011914,0.5191708,-3.088066,-1.812413,0.560595
1747679458.7744029,0.16955878,0.3644995,0.44400114,-3.088066,-1.812413,0.560595
1747679458.7749226,0.16955878,0.3644995,0.44400114,-3.088066,-1.812413,0.560595
1747679458.7754405,0.16955878,0.3644995,0.44400114,-3.088066,-1.812413,0.560595
1747679458.775959,0.16955878,0.3644995,0.44400114,-3.088066,-1.812413,0.560595
1747679458.7764773,0.16955878,0.3644995,0.44400114,-2.962365,-1.9690067,0.3752391
1747679458.7769957,0.16955878,0.3644995,0.44400114,-2.962365,-1.9690067,0.3752391
1747679458.7775137,0.16955878,0.3644995,0.44400114,-2.962365,-1.9690067,0.3752391
1747679458.7780318,0.16955878,0.3644995,0.44400114,-2.962365,-1.9690067,0.3752391
1747679458.77855,0.16955878,0.3644995,0.44400114,-2.962365,-1.9690067,0.3752391
1747679458.779068,0.16955878,0.3644995,0.44400114,-2.962365,-1.9690067,0.3752391
1747679458.7795863,0.16955878,0.3644995,0.44400114,-2.962365,-1.9690067,0.3752391
1747679458.7801049,0.16955878,0.3644995,0.44400114,-2.962365,-1.9690067,0.3752391
1747679458.780693,0.16955878,0.3644995,0.44400114,-2.962365,-1.9690067,0.3752391
1747679458.7812114,0.16955878,0.3644995,0.44400114,-2.962365,-1.9690067,0.3752391
1747679458.781766,-0.010555476,0.3703569,0.37078395,-2.962365,-1.9690067,0.3752391
1747679458.7823281,-0.010555476,0.3703569,0.37078395,-2.962365,-1.9690067,0.3752391
1747679458.7828782,-0.010555476,0.3703569,0.37078395,-2.962365,-1.9690067,0.3752391
1747679458.7834191,-0.010555476,0.3703569,0.37078395,-2.962365,-1.9690067,0.3752391
1747679458.7839634,-0.010555476,0.3703569,0.37078395,-2.962365,-1.9690067,0.3752391
1747679458.7845294,-0.010555476,0.3703569,0.37078395,-2.962365,-1.9690067,0.3752391
1747679458.7850506,-0.010555476,0.3703569,0.37078395,-3.0379987,-2.1298616,0.38482648
1747679458.7855694,-0.010555476,0.3703569,0.37078395,-3.0379987,-2.1298616,0.38482648
1747679458.7860885,-0.010555476,0.3703569,0.37078395,-3.0379987,-2.1298616,0.38482648
1747679458.7866066,-0.010555476,0.3703569,0.37078395,-3.0379987,-2.1298616,0.38482648
1747679458.7871244,-0.010555476,0.3703569,0.37078395,-3.0379987,-2.1298616,0.38482648
1747679458.7876425,-0.010555476,0.3703569,0.37078395,-3.0379987,-2.1298616,0.38482648
1747679458.78816,-0.010555476,0.3703569,0.37078395,-3.0379987,-2.1298616,0.38482648
1747679458.7886786,-0.010555476,0.3703569,0.37078395,-3.0379987,-2.1298616,0.38482648
1747679458.7891967,-0.010555476,0.3703569,0.37078395,-3.0379987,-2.1298616,0.38482648
1747679458.7897158,-0.010555476,0.3703569,0.37078395,-3.0379987,-2.1298616,0.38482648
1747679458.7902372,-0.14527509,0.38060728,0.37029585,-3.0379987,-2.1298616,0.38482648
1747679458.7907572,-0.14527509,0.38060728,0.37029585,-3.0379987,-2.1298616,0.38482648
1747679458.7912757,-0.14527509,0.38060728,0.37029585,-3.0379987,-2.1298616,0.38482648
1747679458.791794,-0.14527509,0.38060728,0.37029585,-3.3565125,-2.1266656,0.657534
1747679458.7923124,-0.14527509,0.38060728,0.37029585,-3.3565125,-2.1266656,0.657534
1747679458.7928302,-0.14527509,0.38060728,0.37029585,-3.3565125,-2.1266656,0.657534
1747679458.793348,-0.14527509,0.38060728,0.37029585,-3.3565125,-2.1266656,0.657534
1747679458.7938662,-0.14527509,0.38060728,0.37029585,-3.3565125,-2.1266656,0.657534
1747679458.7943935,-0.14527509,0.38060728,0.37029585,-3.3565125,-2.1266656,0.657534
1747679458.7949286,-0.14527509,0.38060728,0.37029585,-3.3565125,-2.1266656,0.657534
1747679458.7954485,-0.14527509,0.38060728,0.37029585,-3.3565125,-2.1266656,0.657534
1747679458.7959669,-0.14527509,0.38060728,0.37029585,-3.3565125,-2.1266656,0.657534
1747679458.796485,-0.14527509,0.38060728,0.37029585,-3.3565125,-2.1266656,0.657534
1747679458.7971003,-0.14527509,0.38060728,0.37029585,-3.3565125,-2.1266656,0.657534
1747679458.7976694,-0.14527509,0.38060728,0.37029585,-3.3565125,-2.1266656,0.657534
1747679458.798215,-0.14527509,0.38060728,0.37029585,-3.3565125,-2.1266656,0.657534
1747679458.7988179,-0.14527509,0.38060728,0.37029585,-3.3565125,-2.1266656,0.657534
1747679458.7993734,-0.14527509,0.38060728,0.37029585,-3.3565125,-2.1266656,0.657534
1747679458.7999067,-0.14332262,0.37230933,0.48256218,-3.6345463,-2.0457056,0.92491513
1747679458.800427,-0.14332262,0.37230933,0.48256218,-3.6345463,-2.0457056,0.92491513
1747679458.8009462,-0.14332262,0.37230933,0.48256218,-3.6345463,-2.0457056,0.92491513
1747679458.8014648,-0.14332262,0.37230933,0.48256218,-3.6345463,-2.0457056,0.92491513
1747679458.801983,-0.14332262,0.37230933,0.48256218,-3.6345463,-2.0457056,0.92491513
1747679458.8025014,-0.14332262,0.37230933,0.48256218,-3.6345463,-2.0457056,0.92491513
1747679458.8030195,-0.14332262,0.37230933,0.48256218,-3.6345463,-2.0457056,0.92491513
1747679458.8035486,-0.14332262,0.37230933,0.48256218,-3.6345463,-2.0457056,0.92491513
1747679458.804078,-0.14332262,0.37230933,0.48256218,-3.6345463,-2.0457056,0.92491513
1747679458.804598,-0.14332262,0.37230933,0.48256218,-3.6345463,-2.0457056,0.92491513
1747679458.8051164,-0.14332262,0.37230933,0.48256218,-3.6345463,-2.0457056,0.92491513
1747679458.8056345,-0.14332262,0.37230933,0.48256218,-3.6345463,-2.0457056,0.92491513
1747679458.806153,-0.14332262,0.37230933,0.48256218,-3.6345463,-2.0457056,0.92491513
1747679458.8066711,-0.14332262,0.37230933,0.48256218,-3.6345463,-2.0457056,0.92491513
1747679458.8071892,-0.14332262,0.37230933,0.48256218,-3.6345463,-2.0457056,0.92491513
1747679458.8077068,-0.14332262,0.37230933,0.48256218,-3.6345463,-2.0457056,0.92491513
1747679458.8082247,-0.14332262,0.37230933,0.48256218,-3.6345463,-2.0457056,0.92491513
1747679458.808743,-0.14332262,0.37230933,0.48256218,-3.6345463,-2.0457056,0.92491513
1747679458.809261,-0.14332262,0.37230933,0.48256218,-3.6345463,-2.0457056,0.92491513
1747679458.8097796,0.005552302,0.34155813,0.75102514,-3.6345463,-2.0457056,0.92491513
1747679458.8102987,0.005552302,0.34155813,0.75102514,-4.0116496,-2.0094867,1.263669
1747679458.810817,0.005552302,0.34155813,0.75102514,-4.0116496,-2.0094867,1.263669
1747679458.8113415,0.005552302,0.34155813,0.75102514,-4.0116496,-2.0094867,1.263669
1747679458.8118596,0.005552302,0.34155813,0.75102514,-4.0116496,-2.0094867,1.263669
1747679458.8123937,0.005552302,0.34155813,0.75102514,-4.0116496,-2.0094867,1.263669
1747679458.812926,0.005552302,0.34155813,0.75102514,-4.0116496,-2.0094867,1.263669
1747679458.8134582,0.005552302,0.34155813,0.75102514,-4.0116496,-2.0094867,1.263669
1747679458.814037,0.005552302,0.34155813,0.75102514,-4.0116496,-2.0094867,1.263669
1747679458.814582,0.005552302,0.34155813,0.75102514,-4.0116496,-2.0094867,1.263669
1747679458.8151078,0.005552302,0.34155813,0.75102514,-4.0116496,-2.0094867,1.263669
1747679458.8156264,0.005552302,0.34155813,0.75102514,-4.0116496,-2.0094867,1.263669
1747679458.8161447,0.005552302,0.34155813,0.75102514,-4.0116496,-2.0094867,1.263669
1747679458.816663,0.005552302,0.34155813,0.75102514,-4.0116496,-2.0094867,1.263669
1747679458.817181,0.005552302,0.34155813,0.75102514,-4.0116496,-2.0094867,1.263669
1747679458.8176997,0.005552302,0.34155813,0.75102514,-4.0116496,-2.0094867,1.263669
1747679458.8182175,0.005552302,0.34155813,0.75102514,-4.0116496,-2.0094867,1.263669
1747679458.8187356,0.005552302,0.34155813,0.75102514,-4.0116496,-2.0094867,1.263669
1747679458.8192546,0.14417683,0.31568804,0.98532015,-4.144808,-2.0329225,1.4074796
1747679458.8197734,0.14417683,0.31568804,0.98532015,-4.144808,-2.0329225,1.4074796
1747679458.8202918,0.14417683,0.31568804,0.98532015,-4.144808,-2.0329225,1.4074796
1747679458.8208106,0.14417683,0.31568804,0.98532015,-4.144808,-2.0329225,1.4074796
1747679458.8213289,0.14417683,0.31568804,0.98532015,-4.144808,-2.0329225,1.4074796
1747679458.8218467,0.14417683,0.31568804,0.98532015,-4.144808,-2.0329225,1.4074796
1747679458.822365,0.14417683,0.31568804,0.98532015,-4.144808,-2.0329225,1.4074796
1747679458.8228831,0.14417683,0.31568804,0.98532015,-4.144808,-2.0329225,1.4074796
1747679458.8234012,0.14417683,0.31568804,0.98532015,-4.144808,-2.0329225,1.4074796
1747679458.8239193,0.14417683,0.31568804,0.98532015,-4.144808,-2.0329225,1.4074796
1747679458.8244464,0.14417683,0.31568804,0.98532015,-4.144808,-2.0329225,1.4074796
1747679458.8249815,0.14417683,0.31568804,0.98532015,-4.144808,-2.0329225,1.4074796
1747679458.8255014,0.14417683,0.31568804,0.98532015,-4.144808,-2.0329225,1.4074796
1747679458.8260195,0.14417683,0.31568804,0.98532015,-4.144808,-2.0329225,1.4074796
1747679458.8265374,0.14417683,0.31568804,0.98532015,-4.144808,-2.0329225,1.4074796
1747679458.8270557,0.14417683,0.31568804,0.98532015,-4.144808,-2.0329225,1.4074796
1747679458.827654,0.14417683,0.31568804,0.98532015,-4.144808,-2.0329225,1.4074796
1747679458.8282099,0.14417683,0.31568804,0.98532015,-4.144808,-2.0329225,1.4074796
1747679458.8287454,0.14417683,0.31568804,0.98532015,-4.144808,-2.0329225,1.4074796
1747679458.8292892,0.14417683,0.31568804,0.98532015,-4.144808,-2.0329225,1.4074796
1747679458.8298578,0.14417683,0.31568804,0.98532015,-4.144808,-2.0329225,1.4074796
1747679458.8304107,0.3355177,0.26101923,1.2801412,-4.144808,-2.0329225,1.4074796
1747679458.8309424,0.3355177,0.26101923,1.2801412,-4.077696,-2.0180087,1.4586122
1747679458.8314621,0.3355177,0.26101923,1.2801412,-4.077696,-2.0180087,1.4586122
1747679458.831981,0.3355177,0.26101923,1.2801412,-4.077696,-2.0180087,1.4586122
1747679458.8324997,0.3355177,0.26101923,1.2801412,-4.077696,-2.0180087,1.4586122
1747679458.833018,0.3355177,0.26101923,1.2801412,-4.077696,-2.0180087,1.4586122
1747679458.8335474,0.3355177,0.26101923,1.2801412,-4.077696,-2.0180087,1.4586122
1747679458.8340766,0.3355177,0.26101923,1.2801412,-4.077696,-2.0180087,1.4586122
1747679458.8345966,0.3355177,0.26101923,1.2801412,-4.077696,-2.0180087,1.4586122
1747679458.835115,0.3355177,0.26101923,1.2801412,-4.077696,-2.0180087,1.4586122
1747679458.8356335,0.3355177,0.26101923,1.2801412,-4.077696,-2.0180087,1.4586122
1747679458.8361516,0.3355177,0.26101923,1.2801412,-4.077696,-2.0180087,1.4586122
1747679458.8366692,0.3355177,0.26101923,1.2801412,-4.077696,-2.0180087,1.4586122
1747679458.8372338,0.3355177,0.26101923,1.2801412,-4.077696,-2.0180087,1.4586122
1747679458.837753,0.3355177,0.26101923,1.2801412,-4.077696,-2.0180087,1.4586122
1747679458.8382714,0.3355177,0.26101923,1.2801412,-4.077696,-2.0180087,1.4586122
1747679458.8387895,0.3355177,0.26101923,1.2801412,-4.077696,-2.0180087,1.4586122
1747679458.8393075,0.3355177,0.26101923,1.2801412,-4.077696,-2.0180087,1.4586122
1747679458.8398256,0.3355177,0.26101923,1.2801412,-4.077696,-2.0180087,1.4586122
1747679458.8403444,0.3355177,0.26101923,1.2801412,-4.077696,-2.0180087,1.4586122
1747679458.840863,0.4638918,0.19365942,1.4817326,-3.7325506,-1.9349183,1.3691301
1747679458.8413813,0.4638918,0.19365942,1.4817326,-3.7325506,-1.9349183,1.3691301
1747679458.8419032,0.4638918,0.19365942,1.4817326,-3.7325506,-1.9349183,1.3691301
1747679458.8424425,0.4638918,0.19365942,1.4817326,-3.7325506,-1.9349183,1.3691301
1747679458.842978,0.4638918,0.19365942,1.4817326,-3.7325506,-1.9349183,1.3691301
1747679458.8435185,0.4638918,0.19365942,1.4817326,-3.7325506,-1.9349183,1.3691301
1747679458.8440616,0.4638918,0.19365942,1.4817326,-3.7325506,-1.9349183,1.3691301
1747679458.8446226,0.4638918,0.19365942,1.4817326,-3.7325506,-1.9349183,1.3691301
1747679458.8451786,0.4638918,0.19365942,1.4817326,-3.7325506,-1.9349183,1.3691301
1747679458.8457117,0.4638918,0.19365942,1.4817326,-3.7325506,-1.9349183,1.3691301
1747679458.8462312,0.4638918,0.19365942,1.4817326,-3.7325506,-1.9349183,1.3691301
1747679458.84675,0.4638918,0.19365942,1.4817326,-3.7325506,-1.9349183,1.3691301
1747679458.8472683,0.4638918,0.19365942,1.4817326,-3.7325506,-1.9349183,1.3691301
1747679458.8477864,0.4638918,0.19365942,1.4817326,-3.7325506,-1.9349183,1.3691301
1747679458.848305,0.4638918,0.19365942,1.4817326,-3.7325506,-1.9349183,1.3691301
1747679458.8488233,0.4638918,0.19365942,1.4817326,-3.7325506,-1.9349183,1.3691301
1747679458.8493414,0.4638918,0.19365942,1.4817326,-3.7325506,-1.9349183,1.3691301
1747679458.8498595,0.4638918,0.19365942,1.4817326,-3.7325506,-1.9349183,1.3691301
1747679458.8503778,0.4638918,0.19365942,1.4817326,-3.7325506,-1.9349183,1.3691301
1747679458.850896,0.4638918,0.19365942,1.4817326,-3.7325506,-1.9349183,1.3691301
1747679458.8514137,0.4638918,0.19365942,1.4817326,-3.7325506,-1.9349183,1.3691301
1747679458.851932,0.4638918,0.19365942,1.4817326,-3.7325506,-1.9349183,1.3691301
1747679458.8524508,0.56005037,0.19756435,1.4958879,-3.1285462,-1.7431707,1.1411637
1747679458.8529694,0.56005037,0.19756435,1.4958879,-3.1285462,-1.7431707,1.1411637
1747679458.8534873,0.56005037,0.19756435,1.4958879,-3.1285462,-1.7431707,1.1411637
1747679458.8540056,0.56005037,0.19756435,1.4958879,-3.1285462,-1.7431707,1.1411637
1747679458.854534,0.56005037,0.19756435,1.4958879,-3.1285462,-1.7431707,1.1411637
1747679458.855068,0.56005037,0.19756435,1.4958879,-3.1285462,-1.7431707,1.1411637
1747679458.8555877,0.56005037,0.19756435,1.4958879,-3.1285462,-1.7431707,1.1411637
1747679458.856106,0.56005037,0.19756435,1.4958879,-3.1285462,-1.7431707,1.1411637
1747679458.8566275,0.56005037,0.19756435,1.4958879,-3.1285462,-1.7431707,1.1411637
1747679458.8571486,0.56005037,0.19756435,1.4958879,-3.1285462,-1.7431707,1.1411637
1747679458.8576696,0.56005037,0.19756435,1.4958879,-3.1285462,-1.7431707,1.1411637
1747679458.8582747,0.56005037,0.19756435,1.4958879,-3.1285462,-1.7431707,1.1411637
1747679458.8588383,0.56005037,0.19756435,1.4958879,-3.1285462,-1.7431707,1.1411637
1747679458.8593833,0.56005037,0.19756435,1.4958879,-3.1285462,-1.7431707,1.1411637
1747679458.859947,0.56005037,0.19756435,1.4958879,-3.1285462,-1.7431707,1.1411637
1747679458.8605096,0.56005037,0.19756435,1.4958879,-3.1285462,-1.7431707,1.1411637
1747679458.8610961,0.56005037,0.19756435,1.4958879,-2.832403,-1.6132087,0.99841833
1747679458.8616292,0.5610266,0.2161127,1.4143727,-2.832403,-1.6132087,0.99841833
1747679458.8621514,0.5610266,0.2161127,1.4143727,-2.832403,-1.6132087,0.99841833
1747679458.862672,0.5610266,0.2161127,1.4143727,-2.832403,-1.6132087,0.99841833
1747679458.8631928,0.5610266,0.2161127,1.4143727,-2.832403,-1.6132087,0.99841833
1747679458.8637202,0.5610266,0.2161127,1.4143727,-2.832403,-1.6132087,0.99841833
1747679458.8642523,0.5610266,0.2161127,1.4143727,-2.832403,-1.6132087,0.99841833
1747679458.864775,0.5610266,0.2161127,1.4143727,-2.832403,-1.6132087,0.99841833
1747679458.865296,0.5610266,0.2161127,1.4143727,-2.832403,-1.6132087,0.99841833
1747679458.8658166,0.5610266,0.2161127,1.4143727,-2.832403,-1.6132087,0.99841833
1747679458.8663375,0.5610266,0.2161127,1.4143727,-2.832403,-1.6132087,0.99841833
1747679458.8668582,0.5610266,0.2161127,1.4143727,-2.832403,-1.6132087,0.99841833
1747679458.8673787,0.5610266,0.2161127,1.4143727,-2.832403,-1.6132087,0.99841833
1747679458.8678992,0.5610266,0.2161127,1.4143727,-2.832403,-1.6132087,0.99841833
1747679458.86842,0.5610266,0.2161127,1.4143727,-2.832403,-1.6132087,0.99841833
1747679458.8689404,0.5610266,0.2161127,1.4143727,-2.832403,-1.6132087,0.99841833
1747679458.869461,0.5610266,0.2161127,1.4143727,-2.832403,-1.6132087,0.99841833
1747679458.8699815,0.5610266,0.2161127,1.4143727,-2.832403,-1.6132087,0.99841833
1747679458.8705022,0.5610266,0.2161127,1.4143727,-2.832403,-1.6132087,0.99841833
1747679458.871023,0.5610266,0.2161127,1.4143727,-2.832403,-1.6132087,0.99841833
1747679458.8715436,0.5610266,0.2161127,1.4143727,-2.832403,-1.6132087,0.99841833
1747679458.8725715,0.5610266,0.2161127,1.4143727,-2.832403,-1.6132087,0.99841833
1747679458.8731081,0.5610266,0.2161127,1.4143727,-2.832403,-1.6132087,0.99841833
1747679458.873648,0.5610266,0.2161127,1.4143727,-2.832403,-1.6132087,0.99841833
1747679458.8742065,0.5610266,0.2161127,1.4143727,-2.832403,-1.6132087,0.99841833
1747679458.8747427,0.5610266,0.2161127,1.4143727,-2.832403,-1.6132087,0.99841833
1747679458.875267,0.5610266,0.2161127,1.4143727,-2.832403,-1.6132087,0.99841833
1747679458.8758159,0.5610266,0.2161127,1.4143727,-2.832403,-1.6132087,0.99841833
1747679458.8763776,0.4843926,0.27468643,1.1097893,-2.4094932,-1.4800507,0.7374288
1747679458.876943,0.4843926,0.27468643,1.1097893,-2.4094932,-1.4800507,0.7374288
1747679458.8774679,0.4843926,0.27468643,1.1097893,-2.4094932,-1.4800507,0.7374288
1747679458.8779871,0.4843926,0.27468643,1.1097893,-2.4094932,-1.4800507,0.7374288
1747679458.8785052,0.4843926,0.27468643,1.1097893,-2.4094932,-1.4800507,0.7374288
1747679458.8790236,0.4843926,0.27468643,1.1097893,-2.4094932,-1.4800507,0.7374288
1747679458.879542,0.4843926,0.27468643,1.1097893,-2.4094932,-1.4800507,0.7374288
1747679458.8800604,0.4843926,0.27468643,1.1097893,-2.4094932,-1.4800507,0.7374288
1747679458.8805785,0.4843926,0.27468643,1.1097893,-2.4094932,-1.4800507,0.7374288
1747679458.8810966,0.4843926,0.27468643,1.1097893,-2.4094932,-1.4800507,0.7374288
1747679458.8816147,0.4843926,0.27468643,1.1097893,-2.4094932,-1.4800507,0.7374288
1747679458.882133,0.4843926,0.27468643,1.1097893,-2.4094932,-1.4800507,0.7374288
1747679458.8826513,0.4843926,0.27468643,1.1097893,-2.4094932,-1.4800507,0.7374288
1747679458.8831692,0.4843926,0.27468643,1.1097893,-2.4094932,-1.4800507,0.7374288
1747679458.8837013,0.4843926,0.27468643,1.1097893,-2.4094932,-1.4800507,0.7374288
1747679458.884239,0.4843926,0.27468643,1.1097893,-2.4094932,-1.4800507,0.7374288
1747679458.8847592,0.41068733,0.323986,0.79105055,-2.4094932,-1.4800507,0.7374288
1747679458.8852787,0.41068733,0.323986,0.79105055,-2.3338594,-1.4672675,0.58935714
1747679458.885797,0.41068733,0.323986,0.79105055,-2.3338594,-1.4672675,0.58935714
1747679458.8863156,0.41068733,0.323986,0.79105055,-2.3338594,-1.4672675,0.58935714
1747679458.8868332,0.41068733,0.323986,0.79105055,-2.3338594,-1.4672675,0.58935714
1747679458.887351,0.41068733,0.323986,0.79105055,-2.3338594,-1.4672675,0.58935714
1747679458.8878696,0.41068733,0.323986,0.79105055,-2.3338594,-1.4672675,0.58935714
1747679458.8883886,0.41068733,0.323986,0.79105055,-2.3338594,-1.4672675,0.58935714
1747679458.888932,0.41068733,0.323986,0.79105055,-2.3338594,-1.4672675,0.58935714
1747679458.889489,0.34723243,0.3317958,0.5469933,-2.3338594,-1.4672675,0.58935714
1747679458.8900278,0.34723243,0.3317958,0.5469933,-2.5234764,-1.4864422,0.49454865
1747679458.8905647,0.34723243,0.3317958,0.5469933,-2.5234764,-1.4864422,0.49454865
1747679458.8910973,0.34723243,0.3317958,0.5469933,-2.5234764,-1.4864422,0.49454865
1747679458.891649,0.34723243,0.3317958,0.5469933,-2.5234764,-1.4864422,0.49454865
1747679458.8922117,0.34723243,0.3317958,0.5469933,-2.5234764,-1.4864422,0.49454865
1747679458.892757,0.34723243,0.3317958,0.5469933,-2.5234764,-1.4864422,0.49454865
1747679458.8932893,0.34723243,0.3317958,0.5469933,-2.5234764,-1.4864422,0.49454865
1747679458.893824,0.34723243,0.3317958,0.5469933,-2.5234764,-1.4864422,0.49454865
1747679458.8943825,0.34723243,0.3317958,0.5469933,-2.5234764,-1.4864422,0.49454865
1747679458.8949056,0.34723243,0.3317958,0.5469933,-2.5234764,-1.4864422,0.49454865
1747679458.8954248,0.34723243,0.3317958,0.5469933,-2.5234764,-1.4864422,0.49454865
1747679458.895943,0.34723243,0.3317958,0.5469933,-2.5234764,-1.4864422,0.49454865
1747679458.8964612,0.34723243,0.3317958,0.5469933,-2.5234764,-1.4864422,0.49454865
1747679458.8969789,0.34723243,0.3317958,0.5469933,-2.5234764,-1.4864422,0.49454865
1747679458.897497,0.34723243,0.3317958,0.5469933,-2.5234764,-1.4864422,0.49454865
1747679458.8980148,0.34723243,0.3317958,0.5469933,-2.5234764,-1.4864422,0.49454865
1747679458.898533,0.34723243,0.3317958,0.5469933,-2.5234764,-1.4864422,0.49454865
1747679458.8990748,0.34723243,0.3317958,0.5469933,-2.5234764,-1.4864422,0.49454865
1747679458.899596,0.29353985,0.31178313,0.43765566,-2.888862,-1.521596,0.46791705
1747679458.9001148,0.29353985,0.31178313,0.43765566,-2.888862,-1.521596,0.46791705
1747679458.9006326,0.29353985,0.31178313,0.43765566,-2.888862,-1.521596,0.46791705
1747679458.9011505,0.29353985,0.31178313,0.43765566,-2.888862,-1.521596,0.46791705
1747679458.9016683,0.29353985,0.31178313,0.43765566,-2.888862,-1.521596,0.46791705
1747679458.9021864,0.29353985,0.31178313,0.43765566,-2.888862,-1.521596,0.46791705
1747679458.9027045,0.29353985,0.31178313,0.43765566,-2.888862,-1.521596,0.46791705
1747679458.9032226,0.29353985,0.31178313,0.43765566,-2.888862,-1.521596,0.46791705
1747679458.90374,0.29353985,0.31178313,0.43765566,-2.888862,-1.521596,0.46791705
1747679458.904299,0.29353985,0.31178313,0.43765566,-2.888862,-1.521596,0.46791705
1747679458.9048398,0.29353985,0.31178313,0.43765566,-2.888862,-1.521596,0.46791705
1747679458.9053624,0.29353985,0.31178313,0.43765566,-2.888862,-1.521596,0.46791705
1747679458.9058814,0.29353985,0.31178313,0.43765566,-2.888862,-1.521596,0.46791705
1747679458.9063997,0.29353985,0.31178313,0.43765566,-2.888862,-1.521596,0.46791705
1747679458.9069178,0.29353985,0.31178313,0.43765566,-2.888862,-1.521596,0.46791705
1747679458.9074507,0.29353985,0.31178313,0.43765566,-2.888862,-1.521596,0.46791705
1747679458.9080079,0.29353985,0.31178313,0.43765566,-2.888862,-1.521596,0.46791705
1747679458.9085505,0.29353985,0.31178313,0.43765566,-2.888862,-1.521596,0.46791705
1747679458.9090831,0.29353985,0.31178313,0.43765566,-2.888862,-1.521596,0.46791705
1747679458.909603,0.29353985,0.31178313,0.43765566,-2.888862,-1.521596,0.46791705
1747679458.9101222,0.29353985,0.31178313,0.43765566,-2.888862,-1.521596,0.46791705
1747679458.9106789,0.2808489,0.2395422,0.48744333,-3.4342768,-1.6153392,0.51798445
1747679458.911198,0.2808489,0.2395422,0.48744333,-3.4342768,-1.6153392,0.51798445
1747679458.9117165,0.2808489,0.2395422,0.48744333,-3.4342768,-1.6153392,0.51798445
1747679458.9122348,0.2808489,0.2395422,0.48744333,-3.4342768,-1.6153392,0.51798445
1747679458.9127526,0.2808489,0.2395422,0.48744333,-3.4342768,-1.6153392,0.51798445
1747679458.9132707,0.2808489,0.2395422,0.48744333,-3.4342768,-1.6153392,0.51798445
1747679458.9137998,0.2808489,0.2395422,0.48744333,-3.4342768,-1.6153392,0.51798445
1747679458.914333,0.2808489,0.2395422,0.48744333,-3.4342768,-1.6153392,0.51798445
1747679458.914853,0.2808489,0.2395422,0.48744333,-3.4342768,-1.6153392,0.51798445
1747679458.9153714,0.2808489,0.2395422,0.48744333,-3.4342768,-1.6153392,0.51798445
1747679458.9158893,0.2808489,0.2395422,0.48744333,-3.4342768,-1.6153392,0.51798445
1747679458.9164073,0.2808489,0.2395422,0.48744333,-3.4342768,-1.6153392,0.51798445
1747679458.9169252,0.2808489,0.2395422,0.48744333,-3.4342768,-1.6153392,0.51798445
1747679458.9174433,0.2808489,0.2395422,0.48744333,-3.4342768,-1.6153392,0.51798445
1747679458.9179614,0.2808489,0.2395422,0.48744333,-3.4342768,-1.6153392,0.51798445
1747679458.9184818,0.2808489,0.2395422,0.48744333,-3.4342768,-1.6153392,0.51798445
1747679458.9190023,0.2808489,0.2395422,0.48744333,-3.4342768,-1.6153392,0.51798445
1747679458.9195492,0.2808489,0.2395422,0.48744333,-3.4342768,-1.6153392,0.51798445
1747679458.9201114,0.30671895,0.17169428,0.6612121,-3.4342768,-1.6153392,0.51798445
1747679458.9206638,0.30671895,0.17169428,0.6612121,-3.7890096,-1.7144086,0.5637908
1747679458.9212055,0.30671895,0.17169428,0.6612121,-3.7890096,-1.7144086,0.5637908
1747679458.9217384,0.30671895,0.17169428,0.6612121,-3.7890096,-1.7144086,0.5637908
1747679458.9222913,0.30671895,0.17169428,0.6612121,-3.7890096,-1.7144086,0.5637908
1747679458.9228513,0.30671895,0.17169428,0.6612121,-3.7890096,-1.7144086,0.5637908
1747679458.9234066,0.30671895,0.17169428,0.6612121,-3.7890096,-1.7144086,0.5637908
1747679458.923948,0.30671895,0.17169428,0.6612121,-3.7890096,-1.7144086,0.5637908
1747679458.9244895,0.30671895,0.17169428,0.6612121,-3.7890096,-1.7144086,0.5637908
1747679458.9250216,0.30671895,0.17169428,0.6612121,-3.7890096,-1.7144086,0.5637908
1747679458.9255638,0.30671895,0.17169428,0.6612121,-3.7890096,-1.7144086,0.5637908
1747679458.9261281,0.30671895,0.17169428,0.6612121,-3.7890096,-1.7144086,0.5637908
1747679458.9266586,0.30671895,0.17169428,0.6612121,-3.7890096,-1.7144086,0.5637908
1747679458.9272008,0.30671895,0.17169428,0.6612121,-3.7890096,-1.7144086,0.5637908
1747679458.9277241,0.30671895,0.17169428,0.6612121,-3.7890096,-1.7144086,0.5637908
1747679458.9282484,0.30671895,0.17169428,0.6612121,-3.7890096,-1.7144086,0.5637908
1747679458.9287705,0.30671895,0.17169428,0.6612121,-3.7890096,-1.7144086,0.5637908
1747679458.9292932,0.30671895,0.17169428,0.6612121,-3.7890096,-1.7144086,0.5637908
1747679458.9298153,0.30671895,0.17169428,0.6612121,-3.7890096,-1.7144086,0.5637908
1747679458.9303434,0.35797098,0.07944064,0.9770222,-4.101132,-1.8262614,0.6362287
1747679458.9308703,0.35797098,0.07944064,0.9770222,-4.101132,-1.8262614,0.6362287
1747679458.9314065,0.35797098,0.07944064,0.9770222,-4.101132,-1.8262614,0.6362287
1747679458.9319494,0.35797098,0.07944064,0.9770222,-4.101132,-1.8262614,0.6362287
1747679458.9324863,0.35797098,0.07944064,0.9770222,-4.101132,-1.8262614,0.6362287
1747679458.9330232,0.35797098,0.07944064,0.9770222,-4.101132,-1.8262614,0.6362287
1747679458.9335597,0.35797098,0.07944064,0.9770222,-4.101132,-1.8262614,0.6362287
1747679458.93411,0.35797098,0.07944064,0.9770222,-4.101132,-1.8262614,0.6362287
1747679458.9346552,0.35797098,0.07944064,0.9770222,-4.101132,-1.8262614,0.6362287
1747679458.9351983,0.35797098,0.07944064,0.9770222,-4.101132,-1.8262614,0.6362287
1747679458.9357362,0.35797098,0.07944064,0.9770222,-4.101132,-1.8262614,0.6362287
1747679458.9362724,0.35797098,0.07944064,0.9770222,-4.101132,-1.8262614,0.6362287
1747679458.936806,0.35797098,0.07944064,0.9770222,-4.101132,-1.8262614,0.6362287
1747679458.9373288,0.35797098,0.07944064,0.9770222,-4.101132,-1.8262614,0.6362287
1747679458.9378476,0.35797098,0.07944064,0.9770222,-4.101132,-1.8262614,0.6362287
1747679458.9383743,0.35797098,0.07944064,0.9770222,-4.101132,-1.8262614,0.6362287
1747679458.9389281,0.35797098,0.07944064,0.9770222,-4.101132,-1.8262614,0.6362287
1747679458.9394724,0.35797098,0.07944064,0.9770222,-4.101132,-1.8262614,0.6362287
1747679458.9400055,0.35797098,0.07944064,0.9770222,-4.101132,-1.8262614,0.6362287
1747679458.940526,0.45705822,0.008664032,1.2938085,-4.171439,-1.8550235,0.6831003
1747679458.9410455,0.45705822,0.008664032,1.2938085,-4.171439,-1.8550235,0.6831003
1747679458.9415638,0.45705822,0.008664032,1.2938085,-4.171439,-1.8550235,0.6831003
1747679458.9420824,0.45705822,0.008664032,1.2938085,-4.171439,-1.8550235,0.6831003
1747679458.9426007,0.45705822,0.008664032,1.2938085,-4.171439,-1.8550235,0.6831003
1747679458.943119,0.45705822,0.008664032,1.2938085,-4.171439,-1.8550235,0.6831003
1747679458.9436378,0.45705822,0.008664032,1.2938085,-4.171439,-1.8550235,0.6831003
1747679458.944166,0.45705822,0.008664032,1.2938085,-4.171439,-1.8550235,0.6831003
1747679458.944701,0.45705822,0.008664032,1.2938085,-4.171439,-1.8550235,0.6831003
1747679458.945221,0.45705822,0.008664032,1.2938085,-4.171439,-1.8550235,0.6831003
1747679458.9457393,0.45705822,0.008664032,1.2938085,-4.171439,-1.8550235,0.6831003
1747679458.9462574,0.45705822,0.008664032,1.2938085,-4.171439,-1.8550235,0.6831003
1747679458.9467754,0.45705822,0.008664032,1.2938085,-4.171439,-1.8550235,0.6831003
1747679458.947294,0.45705822,0.008664032,1.2938085,-4.171439,-1.8550235,0.6831003
1747679458.947812,0.45705822,0.008664032,1.2938085,-4.171439,-1.8550235,0.6831003
1747679458.9483302,0.45705822,0.008664032,1.2938085,-4.171439,-1.8550235,0.6831003
1747679458.9488485,0.45705822,0.008664032,1.2938085,-4.171439,-1.8550235,0.6831003
1747679458.9493663,0.45705822,0.008664032,1.2938085,-4.171439,-1.8550235,0.6831003
1747679458.9499414,0.45705822,0.008664032,1.2938085,-4.171439,-1.8550235,0.6831003
1747679458.9504988,0.5278348,-0.048445366,1.4871018,-4.080892,-1.820935,0.6660561
1747679458.9510472,0.5278348,-0.048445366,1.4871018,-4.080892,-1.820935,0.6660561
1747679458.9515924,0.5278348,-0.048445366,1.4871018,-4.080892,-1.820935,0.6660561
1747679458.9521327,0.5278348,-0.048445366,1.4871018,-4.080892,-1.820935,0.6660561
1747679458.9526658,0.5278348,-0.048445366,1.4871018,-4.080892,-1.820935,0.6660561
1747679458.9531856,0.5278348,-0.048445366,1.4871018,-4.080892,-1.820935,0.6660561
1747679458.9537208,0.5278348,-0.048445366,1.4871018,-4.080892,-1.820935,0.6660561
1747679458.954289,0.5278348,-0.048445366,1.4871018,-4.080892,-1.820935,0.6660561
1747679458.9548407,0.5278348,-0.048445366,1.4871018,-4.080892,-1.820935,0.6660561
1747679458.9554124,0.5278348,-0.048445366,1.4871018,-4.080892,-1.820935,0.6660561
1747679458.9559457,0.5278348,-0.048445366,1.4871018,-4.080892,-1.820935,0.6660561
1747679458.9564655,0.5278348,-0.048445366,1.4871018,-4.080892,-1.820935,0.6660561
1747679458.956987,0.5278348,-0.048445366,1.4871018,-4.080892,-1.820935,0.6660561
1747679458.957508,0.5278348,-0.048445366,1.4871018,-4.080892,-1.820935,0.6660561
1747679458.9580293,0.5278348,-0.048445366,1.4871018,-4.080892,-1.820935,0.6660561
1747679458.95855,0.5278348,-0.048445366,1.4871018,-4.080892,-1.820935,0.6660561
1747679458.9590707,0.5278348,-0.048445366,1.4871018,-4.080892,-1.820935,0.6660561
1747679458.9595916,0.5278348,-0.048445366,1.4871018,-4.080892,-1.820935,0.6660561
1747679458.9601123,0.5278348,-0.048445366,1.4871018,-4.080892,-1.820935,0.6660561
1747679458.960633,0.5278348,-0.048445366,1.4871018,-4.080892,-1.820935,0.6660561
1747679458.9611537,0.5278348,-0.048445366,1.4871018,-4.080892,-1.820935,0.6660561
1747679458.9616745,0.5278348,-0.048445366,1.4871018,-4.080892,-1.820935,0.6660561
1747679458.962196,0.5278348,-0.048445366,1.4871018,-4.080892,-1.820935,0.6660561
1747679458.9627185,0.605445,-0.092375666,1.633048,-4.080892,-1.820935,0.6660561
1747679458.9632409,0.605445,-0.092375666,1.633048,-4.080892,-1.820935,0.6660561
1747679458.9637697,0.605445,-0.092375666,1.633048,-3.7794223,-1.7048213,0.58722657
1747679458.9643025,0.605445,-0.092375666,1.633048,-3.7794223,-1.7048213,0.58722657
1747679458.9648256,0.605445,-0.092375666,1.633048,-3.7794223,-1.7048213,0.58722657
1747679458.9653876,0.605445,-0.092375666,1.633048,-3.7794223,-1.7048213,0.58722657
1747679458.9659288,0.605445,-0.092375666,1.633048,-3.7794223,-1.7048213,0.58722657
1747679458.9664543,0.605445,-0.092375666,1.633048,-3.7794223,-1.7048213,0.58722657
1747679458.9669757,0.605445,-0.092375666,1.633048,-3.7794223,-1.7048213,0.58722657
1747679458.9674966,0.605445,-0.092375666,1.633048,-3.7794223,-1.7048213,0.58722657
1747679458.9680183,0.605445,-0.092375666,1.633048,-3.7794223,-1.7048213,0.58722657
1747679458.9685395,0.605445,-0.092375666,1.633048,-3.7794223,-1.7048213,0.58722657
1747679458.9690602,0.605445,-0.092375666,1.633048,-3.7794223,-1.7048213,0.58722657
1747679458.969581,0.605445,-0.092375666,1.633048,-3.7794223,-1.7048213,0.58722657
1747679458.9701169,0.605445,-0.092375666,1.633048,-3.7794223,-1.7048213,0.58722657
1747679458.9706838,0.605445,-0.092375666,1.633048,-3.7794223,-1.7048213,0.58722657
1747679458.9712346,0.605445,-0.092375666,1.633048,-3.7794223,-1.7048213,0.58722657
1747679458.97177,0.605445,-0.092375666,1.633048,-3.7794223,-1.7048213,0.58722657
1747679458.9727771,0.605445,-0.092375666,1.633048,-3.7794223,-1.7048213,0.58722657
1747679458.9732966,0.605445,-0.092375666,1.633048,-3.7794223,-1.7048213,0.58722657
1747679458.973822,0.605445,-0.092375666,1.633048,-3.7794223,-1.7048213,0.58722657
1747679458.9743493,0.605445,-0.092375666,1.633048,-3.7794223,-1.7048213,0.58722657
1747679458.974869,0.605445,-0.092375666,1.633048,-3.7794223,-1.7048213,0.58722657
1747679458.9753873,0.6386368,-0.10213795,1.7116345,-3.2585082,-1.4704633,0.38695702
1747679458.9759064,0.6386368,-0.10213795,1.7116345,-3.2585082,-1.4704633,0.38695702
1747679458.9764242,0.6386368,-0.10213795,1.7116345,-3.2585082,-1.4704633,0.38695702
1747679458.9769425,0.6386368,-0.10213795,1.7116345,-3.2585082,-1.4704633,0.38695702
1747679458.977461,0.6386368,-0.10213795,1.7116345,-3.2585082,-1.4704633,0.38695702
1747679458.9779792,0.6386368,-0.10213795,1.7116345,-3.2585082,-1.4704633,0.38695702
1747679458.9784973,0.6386368,-0.10213795,1.7116345,-3.2585082,-1.4704633,0.38695702
1747679458.9790154,0.6386368,-0.10213795,1.7116345,-3.2585082,-1.4704633,0.38695702
1747679458.9795332,0.6386368,-0.10213795,1.7116345,-3.2585082,-1.4704633,0.38695702
1747679458.9800515,0.6386368,-0.10213795,1.7116345,-3.2585082,-1.4704633,0.38695702
1747679458.980693,0.6386368,-0.10213795,1.7116345,-3.2585082,-1.4704633,0.38695702
1747679458.9817908,0.6386368,-0.10213795,1.7116345,-3.2585082,-1.4704633,0.38695702
1747679458.9823654,0.6386368,-0.10213795,1.7116345,-3.2585082,-1.4704633,0.38695702
1747679458.9829116,0.6386368,-0.10213795,1.7116345,-3.2585082,-1.4704633,0.38695702
1747679458.9834394,0.6386368,-0.10213795,1.7116345,-3.2585082,-1.4704633,0.38695702
1747679458.9839864,0.5576098,-0.08798264,1.6662399,-3.2585082,-1.4704633,0.38695702
1747679458.9845564,0.5576098,-0.08798264,1.6662399,-2.7738132,-1.2840421,0.21225378
1747679458.9851074,0.5576098,-0.08798264,1.6662399,-2.7738132,-1.2840421,0.21225378
1747679458.9857528,0.5576098,-0.08798264,1.6662399,-2.7738132,-1.2840421,0.21225378
1747679458.9863079,0.5576098,-0.08798264,1.6662399,-2.7738132,-1.2840421,0.21225378
1747679458.9868443,0.5576098,-0.08798264,1.6662399,-2.7738132,-1.2840421,0.21225378
1747679458.9873931,0.5576098,-0.08798264,1.6662399,-2.7738132,-1.2840421,0.21225378
1747679458.9879587,0.5576098,-0.08798264,1.6662399,-2.7738132,-1.2840421,0.21225378
1747679458.9885206,0.5576098,-0.08798264,1.6662399,-2.7738132,-1.2840421,0.21225378
1747679458.989074,0.5576098,-0.08798264,1.6662399,-2.7738132,-1.2840421,0.21225378
1747679458.9896314,0.5576098,-0.08798264,1.6662399,-2.7738132,-1.2840421,0.21225378
1747679458.9901905,0.5576098,-0.08798264,1.6662399,-2.7738132,-1.2840421,0.21225378
1747679458.9907546,0.5576098,-0.08798264,1.6662399,-2.7738132,-1.2840421,0.21225378
1747679458.9913197,0.5576098,-0.08798264,1.6662399,-2.7738132,-1.2840421,0.21225378
1747679458.991883,0.5576098,-0.08798264,1.6662399,-2.7738132,-1.2840421,0.21225378
1747679458.9926014,0.5576098,-0.08798264,1.6662399,-2.7738132,-1.2840421,0.21225378
1747679458.9932563,0.5576098,-0.08798264,1.6662399,-2.7738132,-1.2840421,0.21225378
1747679458.993909,0.5576098,-0.08798264,1.6662399,-2.7738132,-1.2840421,0.21225378
1747679458.9944818,0.4170328,-0.045516677,1.4905186,-2.3700783,-1.1604716,0.12809795
1747679458.9950438,0.4170328,-0.045516677,1.4905186,-2.3700783,-1.1604716,0.12809795
1747679458.9959927,0.4170328,-0.045516677,1.4905186,-2.3700783,-1.1604716,0.12809795
1747679458.9965546,0.4170328,-0.045516677,1.4905186,-2.3700783,-1.1604716,0.12809795
1747679458.9971132,0.4170328,-0.045516677,1.4905186,-2.3700783,-1.1604716,0.12809795
1747679458.997953,0.4170328,-0.045516677,1.4905186,-2.3700783,-1.1604716,0.12809795
1747679458.9985225,0.4170328,-0.045516677,1.4905186,-2.3700783,-1.1604716,0.12809795
1747679458.999084,0.4170328,-0.045516677,1.4905186,-2.3700783,-1.1604716,0.12809795
1747679458.9996507,0.4170328,-0.045516677,1.4905186,-2.3700783,-1.1604716,0.12809795
1747679459.0006983,0.3184337,0.013057062,1.244997,-2.3700783,-1.1604716,0.12809795
1747679459.0021486,0.3184337,0.013057062,1.244997,-2.1772656,-1.0837725,0.16857797
1747679459.0027153,0.3184337,0.013057062,1.244997,-2.1772656,-1.0837725,0.16857797
1747679459.0032802,0.3184337,0.013057062,1.244997,-2.1772656,-1.0837725,0.16857797
1747679459.003888,0.3184337,0.013057062,1.244997,-2.1772656,-1.0837725,0.16857797
1747679459.004438,0.3184337,0.013057062,1.244997,-2.1772656,-1.0837725,0.16857797
1747679459.0049775,0.3184337,0.013057062,1.244997,-2.1772656,-1.0837725,0.16857797
1747679459.0055377,0.3184337,0.013057062,1.244997,-2.1772656,-1.0837725,0.16857797
1747679459.0061545,0.3184337,0.013057062,1.244997,-2.1772656,-1.0837725,0.16857797
1747679459.0067449,0.3184337,0.013057062,1.244997,-2.1772656,-1.0837725,0.16857797
1747679459.0073073,0.3184337,0.013057062,1.244997,-2.1772656,-1.0837725,0.16857797
1747679459.0078537,0.3184337,0.013057062,1.244997,-2.1772656,-1.0837725,0.16857797
1747679459.0084023,0.3184337,0.013057062,1.244997,-2.1772656,-1.0837725,0.16857797
1747679459.0089536,0.3184337,0.013057062,1.244997,-2.1772656,-1.0837725,0.16857797
1747679459.0095015,0.3184337,0.013057062,1.244997,-2.1772656,-1.0837725,0.16857797
1747679459.0100508,0.32185048,0.04527262,1.0204643,-2.2635522,-1.0145304,0.22077589
1747679459.0105994,0.32185048,0.04527262,1.0204643,-2.2635522,-1.0145304,0.22077589
1747679459.0111935,0.32185048,0.04527262,1.0204643,-2.2635522,-1.0145304,0.22077589
1747679459.0117447,0.32185048,0.04527262,1.0204643,-2.2635522,-1.0145304,0.22077589
1747679459.012286,0.32185048,0.04527262,1.0204643,-2.2635522,-1.0145304,0.22077589
1747679459.0128243,0.32185048,0.04527262,1.0204643,-2.2635522,-1.0145304,0.22077589
1747679459.0133781,0.32185048,0.04527262,1.0204643,-2.2635522,-1.0145304,0.22077589
1747679459.0139265,0.32185048,0.04527262,1.0204643,-2.2635522,-1.0145304,0.22077589
1747679459.0144546,0.32185048,0.04527262,1.0204643,-2.2635522,-1.0145304,0.22077589
1747679459.0149767,0.32185048,0.04527262,1.0204643,-2.2635522,-1.0145304,0.22077589
1747679459.015499,0.32185048,0.04527262,1.0204643,-2.2635522,-1.0145304,0.22077589
1747679459.016021,0.32185048,0.04527262,1.0204643,-2.2635522,-1.0145304,0.22077589
1747679459.016548,0.32185048,0.04527262,1.0204643,-2.2635522,-1.0145304,0.22077589
1747679459.017271,0.32185048,0.04527262,1.0204643,-2.2635522,-1.0145304,0.22077589
1747679459.0178275,0.32185048,0.04527262,1.0204643,-2.2635522,-1.0145304,0.22077589
1747679459.018365,0.32185048,0.04527262,1.0204643,-2.2635522,-1.0145304,0.22077589
1747679459.0188885,0.32185048,0.04527262,1.0204643,-2.2635522,-1.0145304,0.22077589
1747679459.0194418,0.32185048,0.04527262,1.0204643,-2.2635522,-1.0145304,0.22077589
1747679459.0200074,0.32185048,0.04527262,1.0204643,-2.2635522,-1.0145304,0.22077589
1747679459.0205636,0.32185048,0.04527262,1.0204643,-2.635329,-0.8898946,0.25912538
1747679459.0211685,0.3857935,0.020866893,0.9282107,-2.635329,-0.8898946,0.25912538
1747679459.021728,0.3857935,0.020866893,0.9282107,-2.635329,-0.8898946,0.25912538
1747679459.0222828,0.3857935,0.020866893,0.9282107,-2.635329,-0.8898946,0.25912538
1747679459.0230672,0.3857935,0.020866893,0.9282107,-2.635329,-0.8898946,0.25912538
1747679459.0237567,0.3857935,0.020866893,0.9282107,-2.635329,-0.8898946,0.25912538
1747679459.0243206,0.3857935,0.020866893,0.9282107,-2.635329,-0.8898946,0.25912538
1747679459.0248811,0.3857935,0.020866893,0.9282107,-2.635329,-0.8898946,0.25912538
1747679459.025454,0.3857935,0.020866893,0.9282107,-2.635329,-0.8898946,0.25912538
1747679459.026075,0.3857935,0.020866893,0.9282107,-2.635329,-0.8898946,0.25912538
1747679459.026692,0.3857935,0.020866893,0.9282107,-2.635329,-0.8898946,0.25912538
1747679459.027255,0.3857935,0.020866893,0.9282107,-2.635329,-0.8898946,0.25912538
1747679459.0278225,0.3857935,0.020866893,0.9282107,-2.635329,-0.8898946,0.25912538
1747679459.0283914,0.3857935,0.020866893,0.9282107,-2.635329,-0.8898946,0.25912538
1747679459.0289607,0.3857935,0.020866893,0.9282107,-2.635329,-0.8898946,0.25912538
1747679459.029532,0.3857935,0.020866893,0.9282107,-2.635329,-0.8898946,0.25912538
1747679459.0301013,0.3857935,0.020866893,0.9282107,-2.635329,-0.8898946,0.25912538
1747679459.0306714,0.3857935,0.020866893,0.9282107,-2.635329,-0.8898946,0.25912538
1747679459.0312421,0.4272832,-0.022575295,1.0189999,-2.8963187,-0.79508615,0.2527338
1747679459.0318563,0.4272832,-0.022575295,1.0189999,-2.8963187,-0.79508615,0.2527338
1747679459.0324855,0.4272832,-0.022575295,1.0189999,-2.8963187,-0.79508615,0.2527338
1747679459.0330508,0.4272832,-0.022575295,1.0189999,-2.8963187,-0.79508615,0.2527338
1747679459.0336192,0.4272832,-0.022575295,1.0189999,-2.8963187,-0.79508615,0.2527338
1747679459.034191,0.4272832,-0.022575295,1.0189999,-2.8963187,-0.79508615,0.2527338
1747679459.0347595,0.4272832,-0.022575295,1.0189999,-2.8963187,-0.79508615,0.2527338
1747679459.035315,0.4272832,-0.022575295,1.0189999,-2.8963187,-0.79508615,0.2527338
1747679459.035865,0.4272832,-0.022575295,1.0189999,-2.8963187,-0.79508615,0.2527338
1747679459.0364203,0.4272832,-0.022575295,1.0189999,-2.8963187,-0.79508615,0.2527338
1747679459.0369651,0.4272832,-0.022575295,1.0189999,-2.8963187,-0.79508615,0.2527338
1747679459.0375268,0.4272832,-0.022575295,1.0189999,-2.8963187,-0.79508615,0.2527338
1747679459.0380561,0.4272832,-0.022575295,1.0189999,-2.8963187,-0.79508615,0.2527338
1747679459.038601,0.4272832,-0.022575295,1.0189999,-2.8963187,-0.79508615,0.2527338
1747679459.0392284,0.4272832,-0.022575295,1.0189999,-3.1210892,-0.6821682,0.2058622
1747679459.0401378,0.47072542,-0.08456584,1.262081,-3.1210892,-0.6821682,0.2058622
1747679459.0408847,0.47072542,-0.08456584,1.262081,-3.1210892,-0.6821682,0.2058622
1747679459.042287,0.47072542,-0.08456584,1.262081,-3.1210892,-0.6821682,0.2058622
1747679459.042962,0.47072542,-0.08456584,1.262081,-3.1210892,-0.6821682,0.2058622
1747679459.0435812,0.47072542,-0.08456584,1.262081,-3.1210892,-0.6821682,0.2058622
1747679459.0441444,0.47072542,-0.08456584,1.262081,-3.1210892,-0.6821682,0.2058622
1747679459.0448966,0.47072542,-0.08456584,1.262081,-3.1210892,-0.6821682,0.2058622
1747679459.0456352,0.47072542,-0.08456584,1.262081,-3.1210892,-0.6821682,0.2058622
1747679459.0467124,0.47072542,-0.08456584,1.262081,-3.1210892,-0.6821682,0.2058622
1747679459.0472746,0.47072542,-0.08456584,1.262081,-3.1210892,-0.6821682,0.2058622
1747679459.0485463,0.47072542,-0.08456584,1.262081,-3.1210892,-0.6821682,0.2058622
1747679459.0494044,0.47072542,-0.08456584,1.262081,-3.1210892,-0.6821682,0.2058622
1747679459.049971,0.47072542,-0.08456584,1.262081,-3.1210892,-0.6821682,0.2058622
1747679459.0505314,0.47658277,-0.116293274,1.488078,-3.1210892,-0.6821682,0.2058622
1747679459.0510933,0.47658277,-0.116293274,1.488078,-3.088066,-0.6715156,0.13981585
1747679459.0516589,0.47658277,-0.116293274,1.488078,-3.088066,-0.6715156,0.13981585
1747679459.0524917,0.47658277,-0.116293274,1.488078,-3.088066,-0.6715156,0.13981585
1747679459.05372,0.47658277,-0.116293274,1.488078,-3.088066,-0.6715156,0.13981585
1747679459.0550613,0.47658277,-0.116293274,1.488078,-3.088066,-0.6715156,0.13981585
1747679459.0564256,0.47658277,-0.116293274,1.488078,-3.088066,-0.6715156,0.13981585
1747679459.0569959,0.47658277,-0.116293274,1.488078,-3.088066,-0.6715156,0.13981585
1747679459.0575602,0.47658277,-0.116293274,1.488078,-3.088066,-0.6715156,0.13981585
1747679459.0581665,0.47658277,-0.116293274,1.488078,-3.088066,-0.6715156,0.13981585
1747679459.058737,0.47658277,-0.116293274,1.488078,-3.088066,-0.6715156,0.13981585
1747679459.0593011,0.47658277,-0.116293274,1.488078,-3.088066,-0.6715156,0.13981585
1747679459.0598497,0.47658277,-0.116293274,1.488078,-3.088066,-0.6715156,0.13981585
1747679459.060403,0.47658277,-0.116293274,1.488078,-3.088066,-0.6715156,0.13981585
1747679459.0609539,0.47658277,-0.116293274,1.488078,-3.088066,-0.6715156,0.13981585
1747679459.0615141,0.47170162,-0.12800802,1.5959513,-2.9730177,-0.69069034,0.10253163
1747679459.0620725,0.47170162,-0.12800802,1.5959513,-2.9730177,-0.69069034,0.10253163
1747679459.0626292,0.47170162,-0.12800802,1.5959513,-2.9730177,-0.69069034,0.10253163
1747679459.0631864,0.47170162,-0.12800802,1.5959513,-2.9730177,-0.69069034,0.10253163
1747679459.0644457,0.47170162,-0.12800802,1.5959513,-2.9730177,-0.69069034,0.10253163
1747679459.0650144,0.47170162,-0.12800802,1.5959513,-2.9730177,-0.69069034,0.10253163
1747679459.0655735,0.47170162,-0.12800802,1.5959513,-2.9730177,-0.69069034,0.10253163
1747679459.0661325,0.47170162,-0.12800802,1.5959513,-2.9730177,-0.69069034,0.10253163
1747679459.0666912,0.47170162,-0.12800802,1.5959513,-2.9730177,-0.69069034,0.10253163
1747679459.0672452,0.47170162,-0.12800802,1.5959513,-2.9730177,-0.69069034,0.10253163
1747679459.067801,0.47170162,-0.12800802,1.5959513,-2.9730177,-0.69069034,0.10253163
1747679459.0683665,0.47170162,-0.12800802,1.5959513,-2.9730177,-0.69069034,0.10253163
1747679459.0689306,0.47170162,-0.12800802,1.5959513,-2.9730177,-0.69069034,0.10253163
1747679459.0694985,0.47170162,-0.12800802,1.5959513,-2.9730177,-0.69069034,0.10253163
1747679459.0701292,0.47170162,-0.12800802,1.5959513,-2.9730177,-0.69069034,0.10253163
1747679459.0706944,0.47170162,-0.12800802,1.5959513,-2.9730177,-0.69069034,0.10253163
1747679459.0712535,0.47170162,-0.12800802,1.5959513,-2.9730177,-0.69069034,0.10253163
1747679459.0731122,0.47170162,-0.12800802,1.5959513,-2.9730177,-0.69069034,0.10253163
1747679459.0739644,0.47170162,-0.12800802,1.5959513,-2.9730177,-0.69069034,0.10253163
1747679459.0748332,0.47170162,-0.12800802,1.5959513,-2.5852616,-0.7471493,0.035420015
1747679459.0758448,0.47170162,-0.12800802,1.5959513,-2.5852616,-0.7471493,0.035420015
1747679459.0768387,0.47170162,-0.12800802,1.5959513,-2.5852616,-0.7471493,0.035420015
1747679459.077401,0.47170162,-0.12800802,1.5959513,-2.5852616,-0.7471493,0.035420015
1747679459.0779643,0.47170162,-0.12800802,1.5959513,-2.5852616,-0.7471493,0.035420015
1747679459.0791354,0.47170162,-0.12800802,1.5959513,-2.5852616,-0.7471493,0.035420015
1747679459.0797312,0.47170162,-0.12800802,1.5959513,-2.5852616,-0.7471493,0.035420015
1747679459.0802934,0.47170162,-0.12800802,1.5959513,-2.5852616,-0.7471493,0.035420015
1747679459.0808413,0.47170162,-0.12800802,1.5959513,-2.5852616,-0.7471493,0.035420015
1747679459.0813916,0.47170162,-0.12800802,1.5959513,-2.5852616,-0.7471493,0.035420015
1747679459.0819478,0.47170162,-0.12800802,1.5959513,-2.5852616,-0.7471493,0.035420015
1747679459.0825098,0.46242747,-0.13288918,1.7682558,-2.5852616,-0.7471493,0.035420015
1747679459.083068,0.4165447,-0.13093671,1.8126743,-2.5852616,-0.7471493,0.035420015
1747679459.0836244,0.4165447,-0.13093671,1.8126743,-2.5852616,-0.7471493,0.035420015
1747679459.08418,0.4165447,-0.13093671,1.8126743,-2.1698089,-0.7737809,-0.0039947387
1747679459.0847495,0.4165447,-0.13093671,1.8126743,-2.1698089,-0.7737809,-0.0039947387
1747679459.0852928,0.4165447,-0.13093671,1.8126743,-2.1698089,-0.7737809,-0.0039947387
1747679459.0858207,0.4165447,-0.13093671,1.8126743,-2.1698089,-0.7737809,-0.0039947387
1747679459.0863495,0.4165447,-0.13093671,1.8126743,-2.1698089,-0.7737809,-0.0039947387
1747679459.0868738,0.4165447,-0.13093671,1.8126743,-2.1698089,-0.7737809,-0.0039947387
1747679459.0874286,0.4165447,-0.13093671,1.8126743,-2.1698089,-0.7737809,-0.0039947387
1747679459.0879772,0.4165447,-0.13093671,1.8126743,-2.1698089,-0.7737809,-0.0039947387
1747679459.0885262,0.4165447,-0.13093671,1.8126743,-2.1698089,-0.7737809,-0.0039947387
1747679459.0890543,0.4165447,-0.13093671,1.8126743,-2.1698089,-0.7737809,-0.0039947387
1747679459.0895793,0.4165447,-0.13093671,1.8126743,-2.1698089,-0.7737809,-0.0039947387
1747679459.0901244,0.4165447,-0.13093671,1.8126743,-2.1698089,-0.7737809,-0.0039947387
1747679459.091089,0.4165447,-0.13093671,1.8126743,-2.1698089,-0.7737809,-0.0039947387
1747679459.0916533,0.4165447,-0.13093671,1.8126743,-2.1698089,-0.7737809,-0.0039947387
1747679459.0922825,0.4165447,-0.13093671,1.8126743,-2.1698089,-0.7737809,-0.0039947387
1747679459.0931585,0.4165447,-0.13093671,1.8126743,-2.1698089,-0.7737809,-0.0039947387
1747679459.0937839,0.3784718,-0.11092402,1.7633747,-2.1698089,-0.7737809,-0.0039947387
1747679459.0954494,0.3784718,-0.11092402,1.7633747,-1.7564865,-0.7641935,0.0002663159
1747679459.0960376,0.3784718,-0.11092402,1.7633747,-1.7564865,-0.7641935,0.0002663159
1747679459.096601,0.3784718,-0.11092402,1.7633747,-1.7564865,-0.7641935,0.0002663159
1747679459.0971584,0.3784718,-0.11092402,1.7633747,-1.7564865,-0.7641935,0.0002663159
1747679459.097722,0.3784718,-0.11092402,1.7633747,-1.7564865,-0.7641935,0.0002663159
1747679459.0982919,0.3784718,-0.11092402,1.7633747,-1.7564865,-0.7641935,0.0002663159
1747679459.0988972,0.3784718,-0.11092402,1.7633747,-1.7564865,-0.7641935,0.0002663159
1747679459.099562,0.3784718,-0.11092402,1.7633747,-1.7564865,-0.7641935,0.0002663159
1747679459.1001923,0.3784718,-0.11092402,1.7633747,-1.7564865,-0.7641935,0.0002663159
1747679459.1007564,0.3784718,-0.11092402,1.7633747,-1.7564865,-0.7641935,0.0002663159
1747679459.1013298,0.3784718,-0.11092402,1.7633747,-1.7564865,-0.7641935,0.0002663159
1747679459.102181,0.3784718,-0.11092402,1.7633747,-1.7564865,-0.7641935,0.0002663159
1747679459.1045198,0.3784718,-0.11092402,1.7633747,-1.7564865,-0.7641935,0.0002663159
1747679459.1052618,0.3784718,-0.11092402,1.7633747,-1.7564865,-0.7641935,0.0002663159
1747679459.1058397,0.3784718,-0.11092402,1.7633747,-1.7564865,-0.7641935,0.0002663159
1747679459.1064868,0.3784718,-0.11092402,1.7633747,-1.7564865,-0.7641935,0.0002663159
1747679459.107054,0.37310252,-0.07773223,1.6364648,-1.7564865,-0.7641935,0.0002663159
1747679459.1076214,0.37310252,-0.07773223,1.6364648,-1.7564865,-0.7641935,0.0002663159
1747679459.1081939,0.37310252,-0.07773223,1.6364648,-1.4475601,-0.7247788,0.01304948
1747679459.1087565,0.37310252,-0.07773223,1.6364648,-1.4475601,-0.7247788,0.01304948
1747679459.1093237,0.37310252,-0.07773223,1.6364648,-1.4475601,-0.7247788,0.01304948
1747679459.1098835,0.37310252,-0.07773223,1.6364648,-1.4475601,-0.7247788,0.01304948
1747679459.1111405,0.36382833,-0.04502856,1.5119957,-1.4475601,-0.7247788,0.01304948
1747679459.1117358,0.36382833,-0.04502856,1.5119957,-1.2835095,-0.68110293,0.01304948
1747679459.112286,0.36382833,-0.04502856,1.5119957,-1.2835095,-0.68110293,0.01304948
1747679459.1128154,0.36382833,-0.04502856,1.5119957,-1.2835095,-0.68110293,0.01304948
1747679459.113357,0.36382833,-0.04502856,1.5119957,-1.2835095,-0.68110293,0.01304948
1747679459.1139104,0.36382833,-0.04502856,1.5119957,-1.2835095,-0.68110293,0.01304948
1747679459.1144533,0.36382833,-0.04502856,1.5119957,-1.2835095,-0.68110293,0.01304948
1747679459.114981,0.36382833,-0.04502856,1.5119957,-1.2835095,-0.68110293,0.01304948
1747679459.115503,0.36382833,-0.04502856,1.5119957,-1.2835095,-0.68110293,0.01304948
1747679459.1160257,0.36382833,-0.04502856,1.5119957,-1.2835095,-0.68110293,0.01304948
1747679459.1165478,0.36382833,-0.04502856,1.5119957,-1.2835095,-0.68110293,0.01304948
1747679459.1170702,0.36382833,-0.04502856,1.5119957,-1.2835095,-0.68110293,0.01304948
1747679459.1175919,0.36382833,-0.04502856,1.5119957,-1.2835095,-0.68110293,0.01304948
1747679459.1181319,0.36382833,-0.04502856,1.5119957,-1.2835095,-0.68110293,0.01304948
1747679459.1186845,0.36382833,-0.04502856,1.5119957,-1.2835095,-0.68110293,0.01304948
1747679459.119218,0.36382833,-0.04502856,1.5119957,-1.2835095,-0.68110293,0.01304948
1747679459.119747,0.34381565,-0.01769415,1.4314567,-1.2835095,-0.68110293,0.01304948
1747679459.1202998,0.34381565,-0.01769415,1.4314567,-1.2174631,-0.6225134,0.02157159
1747679459.1208687,0.34381565,-0.01769415,1.4314567,-1.2174631,-0.6225134,0.02157159
1747679459.1214263,0.34381565,-0.01769415,1.4314567,-1.2174631,-0.6225134,0.02157159
1747679459.1219766,0.34381565,-0.01769415,1.4314567,-1.2174631,-0.6225134,0.02157159
1747679459.1225214,0.34381565,-0.01769415,1.4314567,-1.2174631,-0.6225134,0.02157159
1747679459.1231012,0.34381565,-0.01769415,1.4314567,-1.2174631,-0.6225134,0.02157159
1747679459.1236665,0.34381565,-0.01769415,1.4314567,-1.2174631,-0.6225134,0.02157159
1747679459.1242335,0.34381565,-0.01769415,1.4314567,-1.2174631,-0.6225134,0.02157159
1747679459.1247883,0.34381565,-0.01769415,1.4314567,-1.2174631,-0.6225134,0.02157159
1747679459.1253555,0.34381565,-0.01769415,1.4314567,-1.2174631,-0.6225134,0.02157159
1747679459.1260247,0.34381565,-0.01769415,1.4314567,-1.2174631,-0.6225134,0.02157159
1747679459.1265814,0.34381565,-0.01769415,1.4314567,-1.2174631,-0.6225134,0.02157159
1747679459.127118,0.34381565,-0.01769415,1.4314567,-1.2174631,-0.6225134,0.02157159
1747679459.127657,0.34381565,-0.01769415,1.4314567,-1.2174631,-0.6225134,0.02157159
1747679459.1281855,0.34381565,-0.01769415,1.4314567,-1.2174631,-0.6225134,0.02157159
1747679459.1287417,0.34381565,-0.01769415,1.4314567,-1.2174631,-0.6225134,0.02157159
1747679459.1293,0.34381565,-0.01769415,1.4314567,-1.2174631,-0.6225134,0.02157159
1747679459.1298943,0.34381565,-0.01769415,1.4314567,-1.2174631,-0.6225134,0.02157159
1747679459.1304855,0.34381565,-0.01769415,1.4314567,-1.2174631,-0.6225134,0.02157159
1747679459.1310532,0.34381565,-0.01769415,1.4314567,-1.2174631,-0.6225134,0.02157159
1747679459.1316223,0.33747014,0.01159272,1.4041224,-1.1993537,-0.58416396,0.026897907
1747679459.1321847,0.33747014,0.01159272,1.4041224,-1.1993537,-0.58416396,0.026897907
1747679459.1327457,0.33747014,0.01159272,1.4041224,-1.1993537,-0.58416396,0.026897907
1747679459.1343906,0.33747014,0.01159272,1.4041224,-1.1993537,-0.58416396,0.026897907
1747679459.1349723,0.33747014,0.01159272,1.4041224,-1.1993537,-0.58416396,0.026897907
1747679459.1360795,0.33747014,0.01159272,1.4041224,-1.1993537,-0.58416396,0.026897907
1747679459.1366537,0.33747014,0.01159272,1.4041224,-1.1993537,-0.58416396,0.026897907
1747679459.137211,0.33747014,0.01159272,1.4041224,-1.1993537,-0.58416396,0.026897907
1747679459.1377718,0.33747014,0.01159272,1.4041224,-1.1993537,-0.58416396,0.026897907
1747679459.1383402,0.33747014,0.01159272,1.4041224,-1.1993537,-0.58416396,0.026897907
1747679459.1389246,0.33747014,0.01159272,1.4041224,-1.1993537,-0.58416396,0.026897907
1747679459.1395955,0.3116001,0.0311173,1.4094915,-1.1993537,-0.58416396,0.026897907
1747679459.14152,0.3116001,0.0311173,1.4094915,-1.180179,-0.5468797,0.040746335
1747679459.1420856,0.3116001,0.0311173,1.4094915,-1.180179,-0.5468797,0.040746335
1747679459.1426501,0.3116001,0.0311173,1.4094915,-1.180179,-0.5468797,0.040746335
1747679459.1432168,0.3116001,0.0311173,1.4094915,-1.180179,-0.5468797,0.040746335
1747679459.1437771,0.3116001,0.0311173,1.4094915,-1.180179,-0.5468797,0.040746335
1747679459.1443388,0.3116001,0.0311173,1.4094915,-1.180179,-0.5468797,0.040746335
1747679459.1458342,0.3116001,0.0311173,1.4094915,-1.180179,-0.5468797,0.040746335
1747679459.1470275,0.3116001,0.0311173,1.4094915,-1.180179,-0.5468797,0.040746335
1747679459.1477654,0.3116001,0.0311173,1.4094915,-1.180179,-0.5468797,0.040746335
1747679459.1484165,0.3116001,0.0311173,1.4094915,-1.180179,-0.5468797,0.040746335
1747679459.1494067,0.3116001,0.0311173,1.4094915,-1.180179,-0.5468797,0.040746335
1747679459.150808,0.2945161,0.035510328,1.4299924,-1.1301116,-0.46485442,0.076965295
1747679459.1517298,0.2945161,0.035510328,1.4299924,-1.1301116,-0.46485442,0.076965295
1747679459.153011,0.2945161,0.035510328,1.4299924,-1.1301116,-0.46485442,0.076965295
1747679459.1537356,0.2945161,0.035510328,1.4299924,-1.1301116,-0.46485442,0.076965295
1747679459.1543012,0.2945161,0.035510328,1.4299924,-1.1301116,-0.46485442,0.076965295
1747679459.1548626,0.2945161,0.035510328,1.4299924,-1.1301116,-0.46485442,0.076965295
1747679459.1555061,0.2945161,0.035510328,1.4299924,-1.1301116,-0.46485442,0.076965295
1747679459.1560717,0.2945161,0.035510328,1.4299924,-1.1301116,-0.46485442,0.076965295
1747679459.1566327,0.2945161,0.035510328,1.4299924,-1.1301116,-0.46485442,0.076965295
1747679459.157244,0.2945161,0.035510328,1.4299924,-1.1301116,-0.46485442,0.076965295
1747679459.157902,0.2945161,0.035510328,1.4299924,-1.1301116,-0.46485442,0.076965295
1747679459.1584678,0.2945161,0.035510328,1.4299924,-1.1301116,-0.46485442,0.076965295
1747679459.15901,0.2945161,0.035510328,1.4299924,-1.1301116,-0.46485442,0.076965295
1747679459.159538,0.2945161,0.035510328,1.4299924,-1.1301116,-0.46485442,0.076965295
1747679459.1600645,0.2945161,0.035510328,1.4299924,-1.1301116,-0.46485442,0.076965295
1747679459.1605911,0.2945161,0.035510328,1.4299924,-1.1301116,-0.46485442,0.076965295
1747679459.1611183,0.2945161,0.035510328,1.4299924,-1.1301116,-0.46485442,0.076965295
1747679459.1616585,0.2945161,0.035510328,1.4299924,-1.1301116,-0.46485442,0.076965295
1747679459.1622224,0.3057427,0.038439017,1.440731,-1.0480863,-0.38709018,0.1238369
1747679459.162762,0.3057427,0.038439017,1.440731,-1.0480863,-0.38709018,0.1238369
1747679459.1632936,0.3057427,0.038439017,1.440731,-1.0480863,-0.38709018,0.1238369
1747679459.1639493,0.3057427,0.038439017,1.440731,-1.0480863,-0.38709018,0.1238369
1747679459.1645107,0.3057427,0.038439017,1.440731,-1.0480863,-0.38709018,0.1238369
1747679459.1650574,0.3057427,0.038439017,1.440731,-1.0480863,-0.38709018,0.1238369
1747679459.1655946,0.3057427,0.038439017,1.440731,-1.0480863,-0.38709018,0.1238369
1747679459.1661403,0.3057427,0.038439017,1.440731,-1.0480863,-0.38709018,0.1238369
1747679459.1666873,0.3057427,0.038439017,1.440731,-1.0480863,-0.38709018,0.1238369
1747679459.167234,0.3057427,0.038439017,1.440731,-1.0480863,-0.38709018,0.1238369
1747679459.167786,0.3057427,0.038439017,1.440731,-1.0480863,-0.38709018,0.1238369
1747679459.1683266,0.3057427,0.038439017,1.440731,-1.0480863,-0.38709018,0.1238369
1747679459.1688702,0.3057427,0.038439017,1.440731,-1.0480863,-0.38709018,0.1238369
1747679459.1694167,0.3057427,0.038439017,1.440731,-1.0480863,-0.38709018,0.1238369
1747679459.1699603,0.3057427,0.038439017,1.440731,-1.0480863,-0.38709018,0.1238369
1747679459.1705062,0.3057427,0.038439017,1.440731,-1.0480863,-0.38709018,0.1238369
1747679459.1710718,0.3057427,0.038439017,1.440731,-1.0480863,-0.38709018,0.1238369
1747679459.1716425,0.3189218,0.047225077,1.4475646,-0.97564834,-0.35832804,0.14407691
1747679459.1722226,0.3189218,0.047225077,1.4475646,-0.97564834,-0.35832804,0.14407691
1747679459.1728947,0.3189218,0.047225077,1.4475646,-0.97564834,-0.35832804,0.14407691
1747679459.1734457,0.3189218,0.047225077,1.4475646,-0.97564834,-0.35832804,0.14407691
1747679459.1739926,0.3189218,0.047225077,1.4475646,-0.97564834,-0.35832804,0.14407691
1747679459.1745498,0.3189218,0.047225077,1.4475646,-0.97564834,-0.35832804,0.14407691
1747679459.1751018,0.3189218,0.047225077,1.4475646,-0.97564834,-0.35832804,0.14407691
1747679459.1756477,0.3189218,0.047225077,1.4475646,-0.97564834,-0.35832804,0.14407691
1747679459.176203,0.3189218,0.047225077,1.4475646,-0.97564834,-0.35832804,0.14407691
1747679459.1767528,0.3189218,0.047225077,1.4475646,-0.97564834,-0.35832804,0.14407691
1747679459.1772926,0.3189218,0.047225077,1.4475646,-0.97564834,-0.35832804,0.14407691
1747679459.1778488,0.3189218,0.047225077,1.4475646,-0.97564834,-0.35832804,0.14407691
1747679459.178409,0.3189218,0.047225077,1.4475646,-0.97564834,-0.35832804,0.14407691
1747679459.1789644,0.3189218,0.047225077,1.4475646,-0.97564834,-0.35832804,0.14407691
1747679459.1795282,0.3189218,0.047225077,1.4475646,-0.97564834,-0.35832804,0.14407691
1747679459.1800814,0.3189218,0.047225077,1.4475646,-0.97564834,-0.35832804,0.14407691
1747679459.1806104,0.3189218,0.047225077,1.4475646,-0.97564834,-0.35832804,0.14407691
1747679459.181133,0.3189218,0.047225077,1.4475646,-0.97564834,-0.35832804,0.14407691
1747679459.181655,0.3189218,0.047225077,1.4475646,-0.97564834,-0.35832804,0.14407691
1747679459.1821997,0.3189218,0.047225077,1.4475646,-0.97564834,-0.35832804,0.14407691
1747679459.182762,0.3189218,0.047225077,1.4475646,-0.97564834,-0.35832804,0.14407691
1747679459.183329,0.3189218,0.047225077,1.4475646,-0.97564834,-0.35832804,0.14407691
1747679459.1838984,0.3189218,0.047225077,1.4475646,-0.97564834,-0.35832804,0.14407691
1747679459.1845105,0.34137508,0.07944064,1.4670892,-0.97564834,-0.35832804,0.14407691
1747679459.1853018,0.34137508,0.07944064,1.4670892,-0.8499472,-0.35300174,0.16112113
1747679459.1861851,0.34137508,0.07944064,1.4670892,-0.8499472,-0.35300174,0.16112113
1747679459.1868353,0.34137508,0.07944064,1.4670892,-0.8499472,-0.35300174,0.16112113
1747679459.1874893,0.34137508,0.07944064,1.4670892,-0.8499472,-0.35300174,0.16112113
1747679459.1881485,0.34137508,0.07944064,1.4670892,-0.8499472,-0.35300174,0.16112113
1747679459.1887293,0.34137508,0.07944064,1.4670892,-0.8499472,-0.35300174,0.16112113
1747679459.189297,0.34137508,0.07944064,1.4670892,-0.8499472,-0.35300174,0.16112113
1747679459.1898494,0.34137508,0.07944064,1.4670892,-0.8499472,-0.35300174,0.16112113
1747679459.190402,0.34137508,0.07944064,1.4670892,-0.8499472,-0.35300174,0.16112113
1747679459.190954,0.34137508,0.07944064,1.4670892,-0.8499472,-0.35300174,0.16112113
1747679459.1914828,0.34137508,0.07944064,1.4670892,-0.8499472,-0.35300174,0.16112113
1747679459.192006,0.34137508,0.07944064,1.4670892,-0.8499472,-0.35300174,0.16112113
1747679459.1925292,0.34137508,0.07944064,1.4670892,-0.8499472,-0.35300174,0.16112113
1747679459.1931303,0.34137508,0.07944064,1.4670892,-0.8499472,-0.35300174,0.16112113
1747679459.1936977,0.3526017,0.09701276,1.4802682,-0.73276824,-0.34128383,0.17070849
1747679459.1944473,0.3526017,0.09701276,1.4802682,-0.73276824,-0.34128383,0.17070849
1747679459.1950145,0.3526017,0.09701276,1.4802682,-0.73276824,-0.34128383,0.17070849
1747679459.195573,0.3526017,0.09701276,1.4802682,-0.73276824,-0.34128383,0.17070849
1747679459.1961315,0.3526017,0.09701276,1.4802682,-0.73276824,-0.34128383,0.17070849
1747679459.1966867,0.3526017,0.09701276,1.4802682,-0.73276824,-0.34128383,0.17070849
1747679459.19724,0.3526017,0.09701276,1.4802682,-0.73276824,-0.34128383,0.17070849
1747679459.1977994,0.3526017,0.09701276,1.4802682,-0.73276824,-0.34128383,0.17070849
1747679459.1983607,0.3526017,0.09701276,1.4802682,-0.73276824,-0.34128383,0.17070849
1747679459.1989222,0.3526017,0.09701276,1.4802682,-0.73276824,-0.34128383,0.17070849
1747679459.1994803,0.3526017,0.09701276,1.4802682,-0.73276824,-0.34128383,0.17070849
1747679459.200018,0.3526017,0.09701276,1.4802682,-0.73276824,-0.34128383,0.17070849
1747679459.2005427,0.3526017,0.09701276,1.4802682,-0.73276824,-0.34128383,0.17070849
1747679459.2010665,0.3526017,0.09701276,1.4802682,-0.73276824,-0.34128383,0.17070849
1747679459.201595,0.3526017,0.09701276,1.4802682,-0.73276824,-0.34128383,0.17070849
1747679459.2021203,0.3526017,0.09701276,1.4802682,-0.73276824,-0.34128383,0.17070849
1747679459.2026427,0.3526017,0.09701276,1.4802682,-0.73276824,-0.34128383,0.17070849
1747679459.203166,0.3526017,0.09701276,1.4802682,-0.73276824,-0.34128383,0.17070849
1747679459.2037492,0.3526017,0.09701276,1.4802682,-0.73276824,-0.34128383,0.17070849
1747679459.2043135,0.38432914,0.11067996,1.4919829,-0.61026293,-0.3008038,0.17070849
1747679459.2048738,0.38432914,0.11067996,1.4919829,-0.61026293,-0.3008038,0.17070849
1747679459.205428,0.38432914,0.11067996,1.4919829,-0.61026293,-0.3008038,0.17070849
1747679459.2059853,0.38432914,0.11067996,1.4919829,-0.61026293,-0.3008038,0.17070849
1747679459.206523,0.38432914,0.11067996,1.4919829,-0.61026293,-0.3008038,0.17070849
1747679459.207047,0.38432914,0.11067996,1.4919829,-0.61026293,-0.3008038,0.17070849
1747679459.2075694,0.38432914,0.11067996,1.4919829,-0.61026293,-0.3008038,0.17070849
1747679459.2080927,0.38432914,0.11067996,1.4919829,-0.61026293,-0.3008038,0.17070849
1747679459.2086198,0.38432914,0.11067996,1.4919829,-0.61026293,-0.3008038,0.17070849
1747679459.2091444,0.38432914,0.11067996,1.4919829,-0.61026293,-0.3008038,0.17070849
1747679459.2097006,0.38432914,0.11067996,1.4919829,-0.61026293,-0.3008038,0.17070849
1747679459.2102544,0.38432914,0.11067996,1.4919829,-0.61026293,-0.3008038,0.17070849
1747679459.2107856,0.38432914,0.11067996,1.4919829,-0.61026293,-0.3008038,0.17070849
1747679459.211324,0.38432914,0.11067996,1.4919829,-0.61026293,-0.3008038,0.17070849
1747679459.211869,0.38432914,0.11067996,1.4919829,-0.61026293,-0.3008038,0.17070849
1747679459.2123973,0.38432914,0.11067996,1.4919829,-0.61026293,-0.3008038,0.17070849
1747679459.2129223,0.38432914,0.11067996,1.4919829,-0.61026293,-0.3008038,0.17070849
1747679459.2134454,0.38432914,0.11067996,1.4919829,-0.61026293,-0.3008038,0.17070849
1747679459.2139769,0.38432914,0.11067996,1.4919829,-0.61026293,-0.3008038,0.17070849
1747679459.2145073,0.38432914,0.11067996,1.4919829,-0.61026293,-0.3008038,0.17070849
1747679459.2150326,0.40727055,0.12874019,1.5085789,-0.481366,-0.25925854,0.14620744
1747679459.2155557,0.40727055,0.12874019,1.5085789,-0.481366,-0.25925854,0.14620744
1747679459.2160785,0.40727055,0.12874019,1.5085789,-0.481366,-0.25925854,0.14620744
1747679459.2166014,0.40727055,0.12874019,1.5085789,-0.481366,-0.25925854,0.14620744
1747679459.2171247,0.40727055,0.12874019,1.5085789,-0.481366,-0.25925854,0.14620744
1747679459.2176473,0.40727055,0.12874019,1.5085789,-0.481366,-0.25925854,0.14620744
1747679459.21817,0.40727055,0.12874019,1.5085789,-0.481366,-0.25925854,0.14620744
1747679459.2186925,0.4023894,0.1526578,1.5198054,-0.481366,-0.25925854,0.14620744
1747679459.2192156,0.4023894,0.1526578,1.5198054,-0.481366,-0.25925854,0.14620744
1747679459.219749,0.4023894,0.1526578,1.5198054,-0.481366,-0.25925854,0.14620744
1747679459.220315,0.4023894,0.1526578,1.5198054,-0.34288174,-0.22410484,0.112119
1747679459.2208712,0.4023894,0.1526578,1.5198054,-0.34288174,-0.22410484,0.112119
1747679459.2214084,0.4023894,0.1526578,1.5198054,-0.34288174,-0.22410484,0.112119
1747679459.2219322,0.4023894,0.1526578,1.5198054,-0.34288174,-0.22410484,0.112119
1747679459.2224553,0.4023894,0.1526578,1.5198054,-0.34288174,-0.22410484,0.112119
1747679459.222978,0.4023894,0.1526578,1.5198054,-0.34288174,-0.22410484,0.112119
1747679459.223501,0.4023894,0.1526578,1.5198054,-0.34288174,-0.22410484,0.112119
1747679459.2240353,0.4023894,0.1526578,1.5198054,-0.34288174,-0.22410484,0.112119
1747679459.2246556,0.4023894,0.1526578,1.5198054,-0.34288174,-0.22410484,0.112119
1747679459.2252235,0.4023894,0.1526578,1.5198054,-0.34288174,-0.22410484,0.112119
1747679459.2257874,0.4023894,0.1526578,1.5198054,-0.34288174,-0.22410484,0.112119
1747679459.2263381,0.4023894,0.1526578,1.5198054,-0.34288174,-0.22410484,0.112119
1747679459.2271464,0.4023894,0.1526578,1.5198054,-0.34288174,-0.22410484,0.112119
1747679459.2276945,0.4023894,0.1526578,1.5198054,-0.34288174,-0.22410484,0.112119
1747679459.2282324,0.4023894,0.1526578,1.5198054,-0.34288174,-0.22410484,0.112119
1747679459.2287757,0.39360332,0.1760873,1.5119957,-0.206528,-0.19427745,0.09294425
1747679459.2293174,0.39360332,0.1760873,1.5119957,-0.206528,-0.19427745,0.09294425
1747679459.229841,0.39360332,0.1760873,1.5119957,-0.206528,-0.19427745,0.09294425
1747679459.2303636,0.39360332,0.1760873,1.5119957,-0.206528,-0.19427745,0.09294425
1747679459.230886,0.39360332,0.1760873,1.5119957,-0.206528,-0.19427745,0.09294425
1747679459.231408,0.39360332,0.1760873,1.5119957,-0.206528,-0.19427745,0.09294425
1747679459.2319307,0.39360332,0.1760873,1.5119957,-0.206528,-0.19427745,0.09294425
1747679459.2324526,0.39360332,0.1760873,1.5119957,-0.206528,-0.19427745,0.09294425
1747679459.2329748,0.39360332,0.1760873,1.5119957,-0.206528,-0.19427745,0.09294425
1747679459.2334971,0.39360332,0.1760873,1.5119957,-0.206528,-0.19427745,0.09294425
1747679459.2340193,0.39360332,0.1760873,1.5119957,-0.206528,-0.19427745,0.09294425
1747679459.2345517,0.39360332,0.1760873,1.5119957,-0.206528,-0.19427745,0.09294425
1747679459.235083,0.39360332,0.1760873,1.5119957,-0.206528,-0.19427745,0.09294425
1747679459.235617,0.39360332,0.1760873,1.5119957,-0.206528,-0.19427745,0.09294425
1747679459.236182,0.39360332,0.1760873,1.5119957,-0.206528,-0.19427745,0.09294425
1747679459.23673,0.39360332,0.1760873,1.5119957,-0.206528,-0.19427745,0.09294425
1747679459.2373047,0.39360332,0.1760873,1.5119957,-0.206528,-0.19427745,0.09294425
1747679459.2378297,0.39360332,0.1760873,1.5119957,-0.206528,-0.19427745,0.09294425
1747679459.2383533,0.39360332,0.1760873,1.5119957,-0.206528,-0.19427745,0.09294425
1747679459.2388718,0.39360332,0.1760873,1.5119957,-0.206528,-0.19427745,0.09294425
1747679459.2393913,0.40531808,0.20000492,1.4953997,-0.206528,-0.19427745,0.09294425
1747679459.2399364,0.40531808,0.20000492,1.4953997,-0.08721846,-0.1665806,0.08122636
1747679459.2404885,0.40531808,0.20000492,1.4953997,-0.08721846,-0.1665806,0.08122636
1747679459.2410142,0.40531808,0.20000492,1.4953997,-0.08721846,-0.1665806,0.08122636
1747679459.2415333,0.40531808,0.20000492,1.4953997,-0.08721846,-0.1665806,0.08122636
1747679459.2420516,0.40531808,0.20000492,1.4953997,-0.08721846,-0.1665806,0.08122636
1747679459.24257,0.40531808,0.20000492,1.4953997,-0.08721846,-0.1665806,0.08122636
1747679459.2430875,0.40531808,0.20000492,1.4953997,-0.08721846,-0.1665806,0.08122636
1747679459.2436392,0.40531808,0.20000492,1.4953997,-0.08721846,-0.1665806,0.08122636
1747679459.2441716,0.40531808,0.20000492,1.4953997,-0.08721846,-0.1665806,0.08122636
1747679459.2446914,0.40531808,0.20000492,1.4953997,-0.08721846,-0.1665806,0.08122636
1747679459.2452097,0.40531808,0.20000492,1.4953997,-0.08721846,-0.1665806,0.08122636
1747679459.2457278,0.40531808,0.20000492,1.4953997,-0.08721846,-0.1665806,0.08122636
1747679459.246246,0.40531808,0.20000492,1.4953997,-0.08721846,-0.1665806,0.08122636
1747679459.246764,0.40531808,0.20000492,1.4953997,-0.08721846,-0.1665806,0.08122636
1747679459.2472823,0.40531808,0.20000492,1.4953997,-0.08721846,-0.1665806,0.08122636
1747679459.2478004,0.40531808,0.20000492,1.4953997,-0.08721846,-0.1665806,0.08122636
1747679459.2483182,0.40531808,0.20000492,1.4953997,-0.08721846,-0.1665806,0.08122636
1747679459.2488363,0.40531808,0.20000492,1.4953997,-0.08721846,-0.1665806,0.08122636
1747679459.249355,0.43265247,0.22343442,1.4822206,-0.08721846,-0.1665806,0.08122636
1747679459.2498732,0.43265247,0.22343442,1.4822206,-0.08721846,-0.1665806,0.08122636
1747679459.250394,0.43265247,0.22343442,1.4822206,-0.0009321057,-0.14101428,0.060986344
1747679459.250935,0.43265247,0.22343442,1.4822206,-0.0009321057,-0.14101428,0.060986344
1747679459.251483,0.43265247,0.22343442,1.4822206,-0.0009321057,-0.14101428,0.060986344
1747679459.2520156,0.43265247,0.22343442,1.4822206,-0.0009321057,-0.14101428,0.060986344
1747679459.252535,0.43265247,0.22343442,1.4822206,-0.0009321057,-0.14101428,0.060986344
1747679459.2530534,0.43265247,0.22343442,1.4822206,-0.0009321057,-0.14101428,0.060986344
1747679459.2535715,0.43265247,0.22343442,1.4822206,-0.0009321057,-0.14101428,0.060986344
1747679459.2541244,0.43265247,0.22343442,1.4822206,-0.0009321057,-0.14101428,0.060986344
1747679459.2547693,0.43265247,0.22343442,1.4822206,-0.0009321057,-0.14101428,0.060986344
1747679459.2553334,0.43265247,0.22343442,1.4822206,-0.0009321057,-0.14101428,0.060986344
1747679459.2558696,0.43265247,0.22343442,1.4822206,-0.0009321057,-0.14101428,0.060986344
1747679459.2563927,0.43265247,0.22343442,1.4822206,-0.0009321057,-0.14101428,0.060986344
1747679459.2569442,0.43265247,0.22343442,1.4822206,-0.0009321057,-0.14101428,0.060986344
1747679459.2574794,0.43265247,0.22343442,1.4822206,-0.0009321057,-0.14101428,0.060986344
1747679459.2580013,0.43265247,0.22343442,1.4822206,-0.0009321057,-0.14101428,0.060986344
1747679459.258522,0.43265247,0.22343442,1.4822206,-0.0009321057,-0.14101428,0.060986344
1747679459.2590432,0.43265247,0.22343442,1.4822206,-0.0009321057,-0.14101428,0.060986344
1747679459.259564,0.43265247,0.22343442,1.4822206,-0.0009321057,-0.14101428,0.060986344
1747679459.2600875,0.47170162,0.23905408,1.4734347,0.06191845,-0.06325003,0.0045273704
1747679459.2606087,0.47170162,0.23905408,1.4734347,0.06191845,-0.06325003,0.0045273704
1747679459.2611296,0.47170162,0.23905408,1.4734347,0.06191845,-0.06325003,0.0045273704
1747679459.2616508,0.47170162,0.23905408,1.4734347,0.06191845,-0.06325003,0.0045273704
1747679459.2621717,0.47170162,0.23905408,1.4734347,0.06191845,-0.06325003,0.0045273704
1747679459.2626925,0.47170162,0.23905408,1.4734347,0.06191845,-0.06325003,0.0045273704
1747679459.2632134,0.47170162,0.23905408,1.4734347,0.06191845,-0.06325003,0.0045273704
1747679459.263734,0.47170162,0.23905408,1.4734347,0.06191845,-0.06325003,0.0045273704
1747679459.2642853,0.47170162,0.23905408,1.4734347,0.06191845,-0.06325003,0.0045273704
1747679459.2648196,0.47170162,0.23905408,1.4734347,0.06191845,-0.06325003,0.0045273704
1747679459.2653418,0.47170162,0.23905408,1.4734347,0.06191845,-0.06325003,0.0045273704
1747679459.265863,0.47170162,0.23905408,1.4734347,0.06191845,-0.06325003,0.0045273704
1747679459.2663863,0.47170162,0.23905408,1.4734347,0.06191845,-0.06325003,0.0045273704
1747679459.2669466,0.47170162,0.23905408,1.4734347,0.06191845,-0.06325003,0.0045273704
1747679459.2674954,0.47170162,0.23905408,1.4734347,0.06191845,-0.06325003,0.0045273704
1747679459.2680306,0.47170162,0.23905408,1.4734347,0.06191845,-0.06325003,0.0045273704
1747679459.2685525,0.47170162,0.23905408,1.4734347,0.06191845,-0.06325003,0.0045273704
1747679459.2690735,0.47170162,0.23905408,1.4734347,0.06191845,-0.06325003,0.0045273704
1747679459.2696285,0.47170162,0.23905408,1.4734347,0.06191845,-0.06325003,0.0045273704
1747679459.2701797,0.47170162,0.23905408,1.4734347,0.06191845,-0.06325003,0.0045273704
1747679459.2707074,0.48585695,0.24588768,1.4900305,0.06191845,-0.06325003,0.0045273704
1747679459.271229,0.48585695,0.24588768,1.4900305,0.06191845,-0.06325003,0.0045273704
1747679459.2717505,0.48585695,0.24588768,1.4900305,0.10026794,0.043276336,-0.058323186
1747679459.272274,0.48585695,0.24588768,1.4900305,0.10026794,0.043276336,-0.058323186
1747679459.2727818,0.48585695,0.24588768,1.4900305,0.10026794,0.043276336,-0.058323186
1747679459.2733006,0.48585695,0.24588768,1.4900305,0.10026794,0.043276336,-0.058323186
1747679459.2738514,0.48585695,0.24588768,1.4900305,0.10026794,0.043276336,-0.058323186
1747679459.2743838,0.48585695,0.24588768,1.4900305,0.10026794,0.043276336,-0.058323186
1747679459.2749035,0.48585695,0.24588768,1.4900305,0.10026794,0.043276336,-0.058323186
1747679459.2754214,0.48585695,0.24588768,1.4900305,0.10026794,0.043276336,-0.058323186
1747679459.2759392,0.48585695,0.24588768,1.4900305,0.10026794,0.043276336,-0.058323186
1747679459.2764573,0.48585695,0.24588768,1.4900305,0.10026794,0.043276336,-0.058323186
1747679459.2769752,0.48585695,0.24588768,1.4900305,0.10026794,0.043276336,-0.058323186
1747679459.277493,0.48585695,0.24588768,1.4900305,0.10026794,0.043276336,-0.058323186
1747679459.278011,0.48585695,0.24588768,1.4900305,0.10026794,0.043276336,-0.058323186
1747679459.2785287,0.48585695,0.24588768,1.4900305,0.10026794,0.043276336,-0.058323186
1747679459.2790463,0.48585695,0.24588768,1.4900305,0.10026794,0.043276336,-0.058323186
1747679459.2795646,0.48585695,0.24588768,1.4900305,0.10026794,0.043276336,-0.058323186
1747679459.2800825,0.48585695,0.24588768,1.4900305,0.10026794,0.043276336,-0.058323186
1747679459.2806005,0.48585695,0.24588768,1.4900305,0.10026794,0.043276336,-0.058323186
1747679459.2811184,0.48585695,0.24588768,1.4900305,0.10026794,0.043276336,-0.058323186
1747679459.2816367,0.48585695,0.24588768,1.4900305,0.10026794,0.043276336,-0.058323186
1747679459.282157,0.48585695,0.24588768,1.4900305,0.10026794,0.043276336,-0.058323186
1747679459.2827039,0.48585695,0.24588768,1.4900305,0.10026794,0.043276336,-0.058323186
1747679459.283255,0.48585695,0.24588768,1.4900305,0.10026794,0.043276336,-0.058323186
1747679459.2837806,0.48634505,0.24735202,1.5173649,0.13222586,0.123171106,-0.093476884
1747679459.2843323,0.48634505,0.24735202,1.5173649,0.13222586,0.123171106,-0.093476884
1747679459.2848914,0.48634505,0.24735202,1.5173649,0.13222586,0.123171106,-0.093476884
1747679459.285452,0.48634505,0.24735202,1.5173649,0.13222586,0.123171106,-0.093476884
1747679459.2859883,0.48634505,0.24735202,1.5173649,0.13222586,0.123171106,-0.093476884
1747679459.2865367,0.48634505,0.24735202,1.5173649,0.13222586,0.123171106,-0.093476884
1747679459.2870796,0.48634505,0.24735202,1.5173649,0.13222586,0.123171106,-0.093476884
1747679459.2876124,0.48634505,0.24735202,1.5173649,0.13222586,0.123171106,-0.093476884
1747679459.288132,0.48634505,0.24735202,1.5173649,0.13222586,0.123171106,-0.093476884
1747679459.2886505,0.48634505,0.24735202,1.5173649,0.13222586,0.123171106,-0.093476884
1747679459.2891688,0.48634505,0.24735202,1.5173649,0.13222586,0.123171106,-0.093476884
1747679459.2896872,0.48634505,0.24735202,1.5173649,0.13222586,0.123171106,-0.093476884
1747679459.2902052,0.48634505,0.24735202,1.5173649,0.13222586,0.123171106,-0.093476884
1747679459.290723,0.48634505,0.24735202,1.5173649,0.13222586,0.123171106,-0.093476884
1747679459.2912412,0.48634505,0.24735202,1.5173649,0.13222586,0.123171106,-0.093476884
1747679459.291759,0.48634505,0.24735202,1.5173649,0.13222586,0.123171106,-0.093476884
1747679459.2922776,0.48634505,0.24735202,1.5173649,0.13222586,0.123171106,-0.093476884
1747679459.2927957,0.48634505,0.24735202,1.5173649,0.13222586,0.123171106,-0.093476884
1747679459.2933161,0.48634505,0.24735202,1.5173649,0.13222586,0.123171106,-0.093476884
1747679459.2938602,0.47218975,0.24832825,1.5603191,0.13222586,0.123171106,-0.093476884
1747679459.2943919,0.47218975,0.24832825,1.5603191,0.13222586,0.123171106,-0.093476884
1747679459.2949123,0.47218975,0.24832825,1.5603191,0.21318589,0.2467417,-0.15100113
1747679459.295431,0.47218975,0.24832825,1.5603191,0.21318589,0.2467417,-0.15100113
1747679459.2959487,0.47218975,0.24832825,1.5603191,0.21318589,0.2467417,-0.15100113
1747679459.2964673,0.47218975,0.24832825,1.5603191,0.21318589,0.2467417,-0.15100113
1747679459.2969851,0.47218975,0.24832825,1.5603191,0.21318589,0.2467417,-0.15100113
1747679459.297503,0.47218975,0.24832825,1.5603191,0.21318589,0.2467417,-0.15100113
1747679459.2980237,0.47218975,0.24832825,1.5603191,0.21318589,0.2467417,-0.15100113
1747679459.29858,0.47218975,0.24832825,1.5603191,0.21318589,0.2467417,-0.15100113
1747679459.2991478,0.47218975,0.24832825,1.5603191,0.21318589,0.2467417,-0.15100113
1747679459.299718,0.47218975,0.24832825,1.5603191,0.21318589,0.2467417,-0.15100113
1747679459.3002799,0.47218975,0.24832825,1.5603191,0.21318589,0.2467417,-0.15100113
1747679459.3008518,0.47218975,0.24832825,1.5603191,0.21318589,0.2467417,-0.15100113
1747679459.3014123,0.47218975,0.24832825,1.5603191,0.21318589,0.2467417,-0.15100113
1747679459.3019648,0.47218975,0.24832825,1.5603191,0.21318589,0.2467417,-0.15100113
1747679459.3025327,0.47218975,0.24832825,1.5603191,0.21318589,0.2467417,-0.15100113
1747679459.303091,0.47218975,0.24832825,1.5603191,0.21318589,0.2467417,-0.15100113
1747679459.3036692,0.47218975,0.24832825,1.5603191,0.21318589,0.2467417,-0.15100113
1747679459.3042285,0.47218975,0.24832825,1.5603191,0.21318589,0.2467417,-0.15100113
1747679459.3047795,0.42923567,0.2571143,1.6096185,0.21318589,0.2467417,-0.15100113
1747679459.305332,0.42923567,0.2571143,1.6096185,0.21318589,0.2467417,-0.15100113
1747679459.3058739,0.42923567,0.2571143,1.6096185,0.21318589,0.2467417,-0.15100113
1747679459.3064058,0.42923567,0.2571143,1.6096185,0.36658385,0.3106575,-0.18722008
1747679459.3069265,0.42923567,0.2571143,1.6096185,0.36658385,0.3106575,-0.18722008
1747679459.307445,0.42923567,0.2571143,1.6096185,0.36658385,0.3106575,-0.18722008
1747679459.3079631,0.42923567,0.2571143,1.6096185,0.36658385,0.3106575,-0.18722008
1747679459.3084815,0.42923567,0.2571143,1.6096185,0.36658385,0.3106575,-0.18722008
1747679459.3089998,0.42923567,0.2571143,1.6096185,0.36658385,0.3106575,-0.18722008
1747679459.309518,0.42923567,0.2571143,1.6096185,0.36658385,0.3106575,-0.18722008
1747679459.3100362,0.42923567,0.2571143,1.6096185,0.36658385,0.3106575,-0.18722008
1747679459.3105543,0.42923567,0.2571143,1.6096185,0.36658385,0.3106575,-0.18722008
1747679459.3110726,0.42923567,0.2571143,1.6096185,0.36658385,0.3106575,-0.18722008
1747679459.311591,0.42923567,0.2571143,1.6096185,0.36658385,0.3106575,-0.18722008
1747679459.3121088,0.42923567,0.2571143,1.6096185,0.36658385,0.3106575,-0.18722008
1747679459.3126273,0.42923567,0.2571143,1.6096185,0.36658385,0.3106575,-0.18722008
1747679459.3131485,0.42923567,0.2571143,1.6096185,0.36658385,0.3106575,-0.18722008
1747679459.3136983,0.42923567,0.2571143,1.6096185,0.36658385,0.3106575,-0.18722008
1747679459.3142447,0.42923567,0.2571143,1.6096185,0.36658385,0.3106575,-0.18722008
1747679459.3148062,0.42923567,0.2571143,1.6096185,0.36658385,0.3106575,-0.18722008
1747679459.3153648,0.4228902,0.26443604,1.6379292,0.36658385,0.3106575,-0.18722008
1747679459.3159103,0.4228902,0.26443604,1.6379292,0.36658385,0.3106575,-0.18722008
1747679459.3164485,0.4228902,0.26443604,1.6379292,0.36658385,0.3106575,-0.18722008
1747679459.3169725,0.4228902,0.26443604,1.6379292,0.36658385,0.3106575,-0.18722008
1747679459.3175864,0.4228902,0.26443604,1.6379292,0.36658385,0.3106575,-0.18722008
1747679459.3181517,0.4228902,0.26443604,1.6379292,0.53063446,0.27656907,-0.19148114
1747679459.3186982,0.4536414,0.27078152,1.6564776,0.53063446,0.27656907,-0.19148114
1747679459.3192327,0.4536414,0.27078152,1.6564776,0.53063446,0.27656907,-0.19148114
1747679459.3197713,0.4536414,0.27078152,1.6564776,0.71279454,0.1732385,-0.19680746
1747679459.3203087,0.4536414,0.27078152,1.6564776,0.71279454,0.1732385,-0.19680746
1747679459.3208425,0.4536414,0.27078152,1.6564776,0.71279454,0.1732385,-0.19680746
1747679459.3213851,0.4536414,0.27078152,1.6564776,0.71279454,0.1732385,-0.19680746
1747679459.3219361,0.4536414,0.27078152,1.6564776,0.71279454,0.1732385,-0.19680746
1747679459.3224788,0.4536414,0.27078152,1.6564776,0.71279454,0.1732385,-0.19680746
1747679459.323029,0.4536414,0.27078152,1.6564776,0.71279454,0.1732385,-0.19680746
1747679459.3235683,0.4536414,0.27078152,1.6564776,0.71279454,0.1732385,-0.19680746
1747679459.324126,0.4536414,0.27078152,1.6564776,0.71279454,0.1732385,-0.19680746
1747679459.3246775,0.4536414,0.27078152,1.6564776,0.71279454,0.1732385,-0.19680746
1747679459.3251987,0.4536414,0.27078152,1.6564776,0.71279454,0.1732385,-0.19680746
1747679459.3257177,0.4536414,0.27078152,1.6564776,0.71279454,0.1732385,-0.19680746
1747679459.326236,0.4536414,0.27078152,1.6564776,0.71279454,0.1732385,-0.19680746
1747679459.3267539,0.4536414,0.27078152,1.6564776,0.71279454,0.1732385,-0.19680746
1747679459.327272,0.4536414,0.27078152,1.6564776,0.71279454,0.1732385,-0.19680746
1747679459.32779,0.4536414,0.27078152,1.6564776,0.71279454,0.1732385,-0.19680746
1747679459.328308,0.4536414,0.27078152,1.6564776,0.71279454,0.1732385,-0.19680746
1747679459.3288264,0.4536414,0.27078152,1.6564776,0.71279454,0.1732385,-0.19680746
1747679459.3293478,0.4536414,0.27078152,1.6564776,0.71279454,0.1732385,-0.19680746
1747679459.329903,0.4536414,0.27078152,1.6564776,0.71279454,0.1732385,-0.19680746
1747679459.3304672,0.4536414,0.27078152,1.6564776,0.71279454,0.1732385,-0.19680746
1747679459.331019,0.5034291,0.26590037,1.6672161,0.71279454,0.1732385,-0.19680746
1747679459.3315508,0.5034291,0.26590037,1.6672161,0.8949546,0.06458161,-0.23302642
1747679459.33207,0.5034291,0.26590037,1.6672161,0.8949546,0.06458161,-0.23302642
1747679459.332589,0.5034291,0.26590037,1.6672161,0.8949546,0.06458161,-0.23302642
1747679459.3331075,0.5034291,0.26590037,1.6672161,0.8949546,0.06458161,-0.23302642
1747679459.3336453,0.5034291,0.26590037,1.6672161,0.8949546,0.06458161,-0.23302642
1747679459.3341777,0.5034291,0.26590037,1.6672161,0.8949546,0.06458161,-0.23302642
1747679459.334698,0.5034291,0.26590037,1.6672161,0.8949546,0.06458161,-0.23302642
1747679459.3352163,0.5034291,0.26590037,1.6672161,0.8949546,0.06458161,-0.23302642
1747679459.3357346,0.5034291,0.26590037,1.6672161,0.8949546,0.06458161,-0.23302642
1747679459.336253,0.5034291,0.26590037,1.6672161,0.8949546,0.06458161,-0.23302642
1747679459.3367708,0.5034291,0.26590037,1.6672161,0.8949546,0.06458161,-0.23302642
1747679459.3372893,0.5034291,0.26590037,1.6672161,0.8949546,0.06458161,-0.23302642
1747679459.3378072,0.5034291,0.26590037,1.6672161,0.8949546,0.06458161,-0.23302642
1747679459.338325,0.5034291,0.26590037,1.6672161,0.8949546,0.06458161,-0.23302642
1747679459.338843,0.5034291,0.26590037,1.6672161,0.8949546,0.06458161,-0.23302642
1747679459.3393612,0.5034291,0.26590037,1.6672161,0.8949546,0.06458161,-0.23302642
1747679459.33988,0.54491884,0.2468639,1.6750259,1.0792452,0.0049268445,-0.3065296
1747679459.340399,0.54491884,0.2468639,1.6750259,1.0792452,0.0049268445,-0.3065296
1747679459.3409173,0.54491884,0.2468639,1.6750259,1.0792452,0.0049268445,-0.3065296
1747679459.341436,0.54491884,0.2468639,1.6750259,1.0792452,0.0049268445,-0.3065296
1747679459.3419542,0.54491884,0.2468639,1.6750259,1.0792452,0.0049268445,-0.3065296
1747679459.3424728,0.54491884,0.2468639,1.6750259,1.0792452,0.0049268445,-0.3065296
1747679459.342991,0.54491884,0.2468639,1.6750259,1.0792452,0.0049268445,-0.3065296
1747679459.343509,0.54491884,0.2468639,1.6750259,1.0792452,0.0049268445,-0.3065296
1747679459.3440394,0.54491884,0.2468639,1.6750259,1.0792452,0.0049268445,-0.3065296
1747679459.34457,0.54491884,0.2468639,1.6750259,1.0792452,0.0049268445,-0.3065296
1747679459.3451102,0.54491884,0.2468639,1.6750259,1.0792452,0.0049268445,-0.3065296
1747679459.34567,0.54491884,0.2468639,1.6750259,1.0792452,0.0049268445,-0.3065296
1747679459.3462367,0.54491884,0.2468639,1.6750259,1.0792452,0.0049268445,-0.3065296
1747679459.3467793,0.54491884,0.2468639,1.6750259,1.0792452,0.0049268445,-0.3065296
1747679459.347311,0.54491884,0.2468639,1.6750259,1.0792452,0.0049268445,-0.3065296
1747679459.347873,0.54491884,0.2468639,1.6750259,1.0792452,0.0049268445,-0.3065296
1747679459.3484185,0.54491884,0.2468639,1.6750259,1.0792452,0.0049268445,-0.3065296
1747679459.3489513,0.54491884,0.2468639,1.6750259,1.0792452,0.0049268445,-0.3065296
1747679459.3494716,0.54491884,0.2468639,1.6750259,1.0792452,0.0049268445,-0.3065296
1747679459.3499906,0.54491884,0.2468639,1.6750259,1.0792452,0.0049268445,-0.3065296
1747679459.3505094,0.54491884,0.2468639,1.6750259,1.0792452,0.0049268445,-0.3065296
1747679459.351028,0.56297904,0.22343442,1.6667279,1.2582095,-0.002530001,-0.39707702
1747679459.3515468,0.56297904,0.22343442,1.6667279,1.2582095,-0.002530001,-0.39707702
1747679459.352065,0.56297904,0.22343442,1.6667279,1.2582095,-0.002530001,-0.39707702
1747679459.3525832,0.56297904,0.22343442,1.6667279,1.2582095,-0.002530001,-0.39707702
1747679459.3531013,0.56297904,0.22343442,1.6667279,1.2582095,-0.002530001,-0.39707702
1747679459.3536203,0.56297904,0.22343442,1.6667279,1.2582095,-0.002530001,-0.39707702
1747679459.354158,0.56297904,0.22343442,1.6667279,1.2582095,-0.002530001,-0.39707702
1747679459.354693,0.56297904,0.22343442,1.6667279,1.2582095,-0.002530001,-0.39707702
1747679459.3552132,0.56297904,0.22343442,1.6667279,1.2582095,-0.002530001,-0.39707702
1747679459.3557315,0.56297904,0.22343442,1.6667279,1.2582095,-0.002530001,-0.39707702
1747679459.3562496,0.56297904,0.22343442,1.6667279,1.2582095,-0.002530001,-0.39707702
1747679459.356768,0.56297904,0.22343442,1.6667279,1.2582095,-0.002530001,-0.39707702
1747679459.3572893,0.56297904,0.22343442,1.6667279,1.2582095,-0.002530001,-0.39707702
1747679459.3578103,0.56297904,0.22343442,1.6667279,1.2582095,-0.002530001,-0.39707702
1747679459.3583312,0.56297904,0.22343442,1.6667279,1.2582095,-0.002530001,-0.39707702
1747679459.3588517,0.56297904,0.22343442,1.6667279,1.2582095,-0.002530001,-0.39707702
1747679459.3593724,0.56297904,0.22343442,1.6667279,1.2582095,-0.002530001,-0.39707702
1747679459.359893,0.56297904,0.22343442,1.6667279,1.2582095,-0.002530001,-0.39707702
1747679459.360416,0.56297904,0.22343442,1.6667279,1.2582095,-0.002530001,-0.39707702
1747679459.3610008,0.56297904,0.22343442,1.6667279,1.2582095,-0.002530001,-0.39707702
1747679459.3615506,0.5580979,0.1961,1.6486678,1.4158685,0.030493172,-0.473776
1747679459.362086,0.5580979,0.1961,1.6486678,1.4158685,0.030493172,-0.473776
1747679459.3626087,0.5580979,0.1961,1.6486678,1.4158685,0.030493172,-0.473776
1747679459.3631303,0.5580979,0.1961,1.6486678,1.4158685,0.030493172,-0.473776
1747679459.3636646,0.5580979,0.1961,1.6486678,1.4158685,0.030493172,-0.473776
1747679459.3642006,0.5580979,0.1961,1.6486678,1.4158685,0.030493172,-0.473776
1747679459.3647237,0.5580979,0.1961,1.6486678,1.4158685,0.030493172,-0.473776
1747679459.3652446,0.5580979,0.1961,1.6486678,1.4158685,0.030493172,-0.473776
1747679459.3657656,0.5580979,0.1961,1.6486678,1.4158685,0.030493172,-0.473776
1747679459.3662868,0.5580979,0.1961,1.6486678,1.4158685,0.030493172,-0.473776
1747679459.3668072,0.5580979,0.1961,1.6486678,1.4158685,0.030493172,-0.473776
1747679459.3673277,0.5580979,0.1961,1.6486678,1.4158685,0.030493172,-0.473776
1747679459.3678482,0.5580979,0.1961,1.6486678,1.4158685,0.030493172,-0.473776
1747679459.368369,0.5580979,0.1961,1.6486678,1.4158685,0.030493172,-0.473776
1747679459.3688898,0.5580979,0.1961,1.6486678,1.4158685,0.030493172,-0.473776
1747679459.3694105,0.5580979,0.1961,1.6486678,1.4158685,0.030493172,-0.473776
1747679459.3699315,0.5580979,0.1961,1.6486678,1.4158685,0.030493172,-0.473776
1747679459.3704522,0.5580979,0.1961,1.6486678,1.4158685,0.030493172,-0.473776
1747679459.370973,0.5580979,0.1961,1.6486678,1.4158685,0.030493172,-0.473776
1747679459.3714976,0.5580979,0.1961,1.6486678,1.4158685,0.030493172,-0.473776
1747679459.3720207,0.5580979,0.1961,1.6486678,1.5735276,0.103996366,-0.5323655
1747679459.3729372,0.5400377,0.16730124,1.6315837,1.5735276,0.103996366,-0.5323655
1747679459.3734558,0.5400377,0.16730124,1.6315837,1.5735276,0.103996366,-0.5323655
1747679459.3739846,0.5400377,0.16730124,1.6315837,1.5735276,0.103996366,-0.5323655
1747679459.3745139,0.5400377,0.16730124,1.6315837,1.5735276,0.103996366,-0.5323655
1747679459.3750343,0.5400377,0.16730124,1.6315837,1.5735276,0.103996366,-0.5323655
1747679459.3755534,0.5400377,0.16730124,1.6315837,1.5735276,0.103996366,-0.5323655
1747679459.3761163,0.5400377,0.16730124,1.6315837,1.5735276,0.103996366,-0.5323655
1747679459.3766909,0.5400377,0.16730124,1.6315837,1.5735276,0.103996366,-0.5323655
1747679459.377238,0.5400377,0.16730124,1.6315837,1.5735276,0.103996366,-0.5323655
1747679459.3777742,0.5400377,0.16730124,1.6315837,1.5735276,0.103996366,-0.5323655
1747679459.3783073,0.5400377,0.16730124,1.6315837,1.5735276,0.103996366,-0.5323655
1747679459.37884,0.5400377,0.16730124,1.6315837,1.5735276,0.103996366,-0.5323655
1747679459.37936,0.5400377,0.16730124,1.6315837,1.5735276,0.103996366,-0.5323655
1747679459.3799562,0.5400377,0.16730124,1.6315837,1.5735276,0.103996366,-0.5323655
1747679459.3804753,0.5400377,0.16730124,1.6315837,1.5735276,0.103996366,-0.5323655
1747679459.3809943,0.5400377,0.16730124,1.6315837,1.5735276,0.103996366,-0.5323655
1747679459.3815129,0.5400377,0.16730124,1.6315837,1.5735276,0.103996366,-0.5323655
1747679459.3820333,0.5400377,0.16730124,1.6315837,1.5735276,0.103996366,-0.5323655
1747679459.3825545,0.52588236,0.15753897,1.6232858,1.6449002,0.16578165,-0.5451487
1747679459.383076,0.52588236,0.15753897,1.6232858,1.6449002,0.16578165,-0.5451487
1747679459.3835943,0.52588236,0.15753897,1.6232858,1.6449002,0.16578165,-0.5451487
1747679459.3841305,0.52588236,0.15753897,1.6232858,1.6449002,0.16578165,-0.5451487
1747679459.384665,0.52588236,0.15753897,1.6232858,1.6449002,0.16578165,-0.5451487
1747679459.385185,0.52588236,0.15753897,1.6232858,1.6449002,0.16578165,-0.5451487
1747679459.3857033,0.52588236,0.15753897,1.6232858,1.6449002,0.16578165,-0.5451487
1747679459.3862214,0.52588236,0.15753897,1.6232858,1.6449002,0.16578165,-0.5451487
1747679459.3867393,0.52588236,0.15753897,1.6232858,1.6449002,0.16578165,-0.5451487
1747679459.3872569,0.52588236,0.15753897,1.6232858,1.6449002,0.16578165,-0.5451487
1747679459.3877747,0.52588236,0.15753897,1.6232858,1.6449002,0.16578165,-0.5451487
1747679459.3882923,0.52588236,0.15753897,1.6232858,1.6449002,0.16578165,-0.5451487
1747679459.38881,0.52588236,0.15753897,1.6232858,1.6449002,0.16578165,-0.5451487
1747679459.3893275,0.52588236,0.15753897,1.6232858,1.6449002,0.16578165,-0.5451487
1747679459.3898458,0.52588236,0.15753897,1.6232858,1.6449002,0.16578165,-0.5451487
1747679459.3903635,0.52588236,0.15753897,1.6232858,1.6449002,0.16578165,-0.5451487
1747679459.390881,0.52588236,0.15753897,1.6232858,1.6449002,0.16578165,-0.5451487
1747679459.3914168,0.5053815,0.14094305,1.611571,1.7578182,0.29893962,-0.55793184
1747679459.3919828,0.5053815,0.14094305,1.611571,1.7578182,0.29893962,-0.55793184
1747679459.3925467,0.5053815,0.14094305,1.611571,1.7578182,0.29893962,-0.55793184
1747679459.3930867,0.5053815,0.14094305,1.611571,1.7578182,0.29893962,-0.55793184
1747679459.393613,0.5053815,0.14094305,1.611571,1.7578182,0.29893962,-0.55793184
1747679459.3941317,0.5053815,0.14094305,1.611571,1.7578182,0.29893962,-0.55793184
1747679459.3946624,0.5053815,0.14094305,1.611571,1.7578182,0.29893962,-0.55793184
1747679459.3951855,0.5053815,0.14094305,1.611571,1.7578182,0.29893962,-0.55793184
1747679459.395706,0.5053815,0.14094305,1.611571,1.7578182,0.29893962,-0.55793184
1747679459.396224,0.5053815,0.14094305,1.611571,1.7578182,0.29893962,-0.55793184
1747679459.3967419,0.5053815,0.14094305,1.611571,1.7578182,0.29893962,-0.55793184
1747679459.39726,0.5053815,0.14094305,1.611571,1.7578182,0.29893962,-0.55793184
1747679459.3977783,0.5053815,0.14094305,1.611571,1.7578182,0.29893962,-0.55793184
1747679459.3982966,0.5053815,0.14094305,1.611571,1.7578182,0.29893962,-0.55793184
1747679459.3988142,0.5053815,0.14094305,1.611571,1.7578182,0.29893962,-0.55793184
1747679459.3993323,0.5053815,0.14094305,1.611571,1.7578182,0.29893962,-0.55793184
1747679459.39985,0.5053815,0.14094305,1.611571,1.7578182,0.29893962,-0.55793184
1747679459.4003685,0.5053815,0.14094305,1.611571,1.7578182,0.29893962,-0.55793184
1747679459.4008865,0.5053815,0.14094305,1.611571,1.7578182,0.29893962,-0.55793184
1747679459.4014046,0.5053815,0.14094305,1.611571,1.7578182,0.29893962,-0.55793184
1747679459.4019284,0.5053815,0.14094305,1.611571,1.7578182,0.29893962,-0.55793184
1747679459.4024465,0.5053815,0.14094305,1.611571,1.7578182,0.29893962,-0.55793184
1747679459.4029648,0.5053815,0.14094305,1.611571,1.7578182,0.29893962,-0.55793184
1747679459.403483,0.5053815,0.14094305,1.611571,1.7578182,0.29893962,-0.55793184
1747679459.4040282,0.5053815,0.14094305,1.611571,1.7578182,0.29893962,-0.55793184
1747679459.4045854,0.5175844,0.12288283,1.59888,1.7578182,0.29893962,-0.55793184
1747679459.4051082,0.5175844,0.12288283,1.59888,1.7578182,0.29893962,-0.55793184
1747679459.4056292,0.5175844,0.12288283,1.59888,1.898433,0.42996705,-0.56219286
1747679459.4061475,0.5175844,0.12288283,1.59888,1.898433,0.42996705,-0.56219286
1747679459.4066954,0.5175844,0.12288283,1.59888,1.898433,0.42996705,-0.56219286
1747679459.407257,0.5175844,0.12288283,1.59888,1.898433,0.42996705,-0.56219286
1747679459.407813,0.5175844,0.12288283,1.59888,1.898433,0.42996705,-0.56219286
1747679459.408365,0.5175844,0.12288283,1.59888,1.898433,0.42996705,-0.56219286
1747679459.4089065,0.5175844,0.12288283,1.59888,1.898433,0.42996705,-0.56219286
1747679459.409439,0.5175844,0.12288283,1.59888,1.898433,0.42996705,-0.56219286
1747679459.409971,0.5175844,0.12288283,1.59888,1.898433,0.42996705,-0.56219286
1747679459.4105024,0.5175844,0.12288283,1.59888,1.898433,0.42996705,-0.56219286
1747679459.4110336,0.5175844,0.12288283,1.59888,1.898433,0.42996705,-0.56219286
1747679459.411565,0.5175844,0.12288283,1.59888,1.898433,0.42996705,-0.56219286
1747679459.4120965,0.5175844,0.12288283,1.59888,1.898433,0.42996705,-0.56219286
1747679459.4126277,0.5175844,0.12288283,1.59888,1.898433,0.42996705,-0.56219286
1747679459.413159,0.5175844,0.12288283,1.59888,1.898433,0.42996705,-0.56219286
1747679459.4137416,0.5175844,0.12288283,1.59888,1.898433,0.42996705,-0.56219286
1747679459.414288,0.5400377,0.101405784,1.586189,1.898433,0.42996705,-0.56219286
1747679459.4148276,0.5400377,0.101405784,1.586189,2.02733,0.5215797,-0.5856287
1747679459.415363,0.5400377,0.101405784,1.586189,2.02733,0.5215797,-0.5856287
1747679459.4158943,0.5400377,0.101405784,1.586189,2.02733,0.5215797,-0.5856287
1747679459.4164257,0.5400377,0.101405784,1.586189,2.02733,0.5215797,-0.5856287
1747679459.4169574,0.5400377,0.101405784,1.586189,2.02733,0.5215797,-0.5856287
1747679459.4174883,0.5400377,0.101405784,1.586189,2.02733,0.5215797,-0.5856287
1747679459.4180195,0.5400377,0.101405784,1.586189,2.02733,0.5215797,-0.5856287
1747679459.418551,0.5400377,0.101405784,1.586189,2.02733,0.5215797,-0.5856287
1747679459.4190822,0.5400377,0.101405784,1.586189,2.02733,0.5215797,-0.5856287
1747679459.4196136,0.5400377,0.101405784,1.586189,2.02733,0.5215797,-0.5856287
1747679459.4201448,0.5400377,0.101405784,1.586189,2.02733,0.5215797,-0.5856287
1747679459.420676,0.5400377,0.101405784,1.586189,2.02733,0.5215797,-0.5856287
1747679459.421207,0.5400377,0.101405784,1.586189,2.02733,0.5215797,-0.5856287
1747679459.4217384,0.5400377,0.101405784,1.586189,2.02733,0.5215797,-0.5856287
1747679459.4222972,0.5400377,0.101405784,1.586189,2.02733,0.5215797,-0.5856287
1747679459.422847,0.5400377,0.101405784,1.586189,2.02733,0.5215797,-0.5856287
1747679459.4234033,0.5400377,0.101405784,1.586189,2.02733,0.5215797,-0.5856287
1747679459.4239578,0.5400377,0.101405784,1.586189,2.02733,0.5215797,-0.5856287
1747679459.4245002,0.5400377,0.101405784,1.586189,2.02733,0.5215797,-0.5856287
1747679459.425032,0.5400377,0.101405784,1.586189,2.02733,0.5215797,-0.5856287
1747679459.4255655,0.5400377,0.101405784,1.586189,2.02733,0.5215797,-0.5856287
1747679459.426112,0.5400377,0.101405784,1.586189,2.02733,0.5215797,-0.5856287
1747679459.4266472,0.5400377,0.101405784,1.586189,2.02733,0.5215797,-0.5856287
1747679459.4271824,0.5400377,0.101405784,1.586189,2.02733,0.5215797,-0.5856287
1747679459.4277155,0.5400377,0.101405784,1.586189,2.02733,0.5215797,-0.5856287
1747679459.4282537,0.5400377,0.101405784,1.586189,2.02733,0.5215797,-0.5856287
1747679459.4287934,0.5400377,0.101405784,1.586189,2.02733,0.5215797,-0.5856287
1747679459.4293294,0.5659077,0.07895252,1.5754505,2.02733,0.5215797,-0.5856287
1747679459.429863,0.5659077,0.07895252,1.5754505,2.02733,0.5215797,-0.5856287
1747679459.4303987,0.5659077,0.07895252,1.5754505,2.02733,0.5215797,-0.5856287
1747679459.430937,0.5659077,0.07895252,1.5754505,2.1636837,0.55886394,-0.6303698
1747679459.4314702,0.5659077,0.07895252,1.5754505,2.1636837,0.55886394,-0.6303698
1747679459.432006,0.57567,0.06284474,1.5656883,2.1636837,0.55886394,-0.6303698
1747679459.4325385,0.57567,0.06284474,1.5656883,2.1636837,0.55886394,-0.6303698
1747679459.4330616,0.57567,0.06284474,1.5656883,2.1636837,0.55886394,-0.6303698
1747679459.4335914,0.57567,0.06284474,1.5656883,2.3042984,0.54608077,-0.6942856
1747679459.4341245,0.57567,0.06284474,1.5656883,2.3042984,0.54608077,-0.6942856
1747679459.4346452,0.57567,0.06284474,1.5656883,2.3042984,0.54608077,-0.6942856
1747679459.435164,0.57567,0.06284474,1.5656883,2.3042984,0.54608077,-0.6942856
1747679459.435682,0.57567,0.06284474,1.5656883,2.3042984,0.54608077,-0.6942856
1747679459.4362004,0.57567,0.06284474,1.5656883,2.3042984,0.54608077,-0.6942856
1747679459.4367187,0.57567,0.06284474,1.5656883,2.3042984,0.54608077,-0.6942856
1747679459.4372787,0.57567,0.06284474,1.5656883,2.3042984,0.54608077,-0.6942856
1747679459.43784,0.57567,0.06284474,1.5656883,2.3042984,0.54608077,-0.6942856
1747679459.4383686,0.57567,0.06284474,1.5656883,2.3042984,0.54608077,-0.6942856
1747679459.4389052,0.57567,0.06284474,1.5656883,2.3042984,0.54608077,-0.6942856
1747679459.439467,0.57567,0.06284474,1.5656883,2.3042984,0.54608077,-0.6942856
1747679459.4400144,0.57567,0.06284474,1.5656883,2.3042984,0.54608077,-0.6942856
1747679459.4405472,0.57567,0.06284474,1.5656883,2.3042984,0.54608077,-0.6942856
1747679459.4410675,0.57371753,0.05064188,1.5456756,2.3042984,0.54608077,-0.6942856
1747679459.4415867,0.57371753,0.05064188,1.5456756,2.4417174,0.5087966,-0.7582014
1747679459.4421055,0.57371753,0.05064188,1.5456756,2.4417174,0.5087966,-0.7582014
1747679459.4426243,0.57371753,0.05064188,1.5456756,2.4417174,0.5087966,-0.7582014
1747679459.4431427,0.57371753,0.05064188,1.5456756,2.4417174,0.5087966,-0.7582014
1747679459.4436774,0.57371753,0.05064188,1.5456756,2.4417174,0.5087966,-0.7582014
1747679459.4442103,0.57371753,0.05064188,1.5456756,2.4417174,0.5087966,-0.7582014
1747679459.444731,0.57371753,0.05064188,1.5456756,2.4417174,0.5087966,-0.7582014
1747679459.4452496,0.57371753,0.05064188,1.5456756,2.4417174,0.5087966,-0.7582014
1747679459.4457679,0.57371753,0.05064188,1.5456756,2.4417174,0.5087966,-0.7582014
1747679459.4462864,0.57371753,0.05064188,1.5456756,2.4417174,0.5087966,-0.7582014
1747679459.4468045,0.57371753,0.05064188,1.5456756,2.4417174,0.5087966,-0.7582014
1747679459.4473224,0.57371753,0.05064188,1.5456756,2.4417174,0.5087966,-0.7582014
1747679459.4478402,0.57371753,0.05064188,1.5456756,2.4417174,0.5087966,-0.7582014
1747679459.448358,0.57371753,0.05064188,1.5456756,2.4417174,0.5087966,-0.7582014
1747679459.4488766,0.57371753,0.05064188,1.5456756,2.4417174,0.5087966,-0.7582014
1747679459.4493947,0.57371753,0.05064188,1.5456756,2.4417174,0.5087966,-0.7582014
1747679459.4499125,0.57371753,0.05064188,1.5456756,2.4417174,0.5087966,-0.7582014
1747679459.4504306,0.57371753,0.05064188,1.5456756,2.4417174,0.5087966,-0.7582014
1747679459.4509482,0.57371753,0.05064188,1.5456756,2.4417174,0.5087966,-0.7582014
1747679459.4514673,0.5727413,0.040391475,1.5256628,2.557831,0.50773126,-0.81252986
1747679459.4519858,0.5727413,0.040391475,1.5256628,2.557831,0.50773126,-0.81252986
1747679459.4525318,0.5727413,0.040391475,1.5256628,2.557831,0.50773126,-0.81252986
1747679459.453083,0.5727413,0.040391475,1.5256628,2.557831,0.50773126,-0.81252986
1747679459.4536114,0.5727413,0.040391475,1.5256628,2.557831,0.50773126,-0.81252986
1747679459.4541686,0.5727413,0.040391475,1.5256628,2.557831,0.50773126,-0.81252986
1747679459.4547212,0.5727413,0.040391475,1.5256628,2.557831,0.50773126,-0.81252986
1747679459.4552472,0.5727413,0.040391475,1.5256628,2.557831,0.50773126,-0.81252986
1747679459.455766,0.5727413,0.040391475,1.5256628,2.557831,0.50773126,-0.81252986
1747679459.4562845,0.5727413,0.040391475,1.5256628,2.557831,0.50773126,-0.81252986
1747679459.4568357,0.5727413,0.040391475,1.5256628,2.557831,0.50773126,-0.81252986
1747679459.4573765,0.5727413,0.040391475,1.5256628,2.557831,0.50773126,-0.81252986
1747679459.4579072,0.5727413,0.040391475,1.5256628,2.557831,0.50773126,-0.81252986
1747679459.458435,0.5727413,0.040391475,1.5256628,2.557831,0.50773126,-0.81252986
1747679459.4589646,0.5727413,0.040391475,1.5256628,2.557831,0.50773126,-0.81252986
1747679459.4594932,0.5727413,0.040391475,1.5256628,2.557831,0.50773126,-0.81252986
1747679459.4600263,0.5663959,0.015497635,1.5002809,2.6377258,0.5695166,-0.8423572
1747679459.460555,0.5663959,0.015497635,1.5002809,2.6377258,0.5695166,-0.8423572
1747679459.4610844,0.5663959,0.015497635,1.5002809,2.6377258,0.5695166,-0.8423572
1747679459.461617,0.5663959,0.015497635,1.5002809,2.6377258,0.5695166,-0.8423572
1747679459.4621456,0.5663959,0.015497635,1.5002809,2.6377258,0.5695166,-0.8423572
1747679459.4626734,0.5663959,0.015497635,1.5002809,2.6377258,0.5695166,-0.8423572
1747679459.463201,0.5663959,0.015497635,1.5002809,2.6377258,0.5695166,-0.8423572
1747679459.4637353,0.5663959,0.015497635,1.5002809,2.6377258,0.5695166,-0.8423572
1747679459.4642663,0.5663959,0.015497635,1.5002809,2.6377258,0.5695166,-0.8423572
1747679459.4647954,0.5663959,0.015497635,1.5002809,2.6377258,0.5695166,-0.8423572
1747679459.4653234,0.5663959,0.015497635,1.5002809,2.6377258,0.5695166,-0.8423572
1747679459.4658513,0.5663959,0.015497635,1.5002809,2.6377258,0.5695166,-0.8423572
1747679459.4663794,0.5663959,0.015497635,1.5002809,2.6377258,0.5695166,-0.8423572
1747679459.4669077,0.5663959,0.015497635,1.5002809,2.6377258,0.5695166,-0.8423572
1747679459.4674356,0.5663959,0.015497635,1.5002809,2.6377258,0.5695166,-0.8423572
1747679459.4680243,0.5663959,0.015497635,1.5002809,2.6377258,0.5695166,-0.8423572
1747679459.4685822,0.5663959,0.015497635,1.5002809,2.6377258,0.5695166,-0.8423572
1747679459.469119,0.5663959,0.015497635,1.5002809,2.6377258,0.5695166,-0.8423572
1747679459.46967,0.5663959,0.015497635,1.5002809,2.6377258,0.5695166,-0.8423572
1747679459.4702406,0.5825036,0.007199689,1.4817326,2.6792712,0.71332717,-0.86579305
1747679459.4707925,0.5825036,0.007199689,1.4817326,2.6792712,0.71332717,-0.86579305
1747679459.4713476,0.5825036,0.007199689,1.4817326,2.6792712,0.71332717,-0.86579305
1747679459.4718738,0.5825036,0.007199689,1.4817326,2.6792712,0.71332717,-0.86579305
1747679459.4723983,0.5825036,0.007199689,1.4817326,2.6792712,0.71332717,-0.86579305
1747679459.4729066,0.5825036,0.007199689,1.4817326,2.6792712,0.71332717,-0.86579305
1747679459.4734259,0.5825036,0.007199689,1.4817326,2.6792712,0.71332717,-0.86579305
1747679459.4739747,0.5825036,0.007199689,1.4817326,2.6792712,0.71332717,-0.86579305
1747679459.4745314,0.5825036,0.007199689,1.4817326,2.6792712,0.71332717,-0.86579305
1747679459.475052,0.5825036,0.007199689,1.4817326,2.6792712,0.71332717,-0.86579305
1747679459.4755704,0.5825036,0.007199689,1.4817326,2.6792712,0.71332717,-0.86579305
1747679459.4760885,0.5825036,0.007199689,1.4817326,2.6792712,0.71332717,-0.86579305
1747679459.4766066,0.5825036,0.007199689,1.4817326,2.6792712,0.71332717,-0.86579305
1747679459.4771252,0.5825036,0.007199689,1.4817326,2.6792712,0.71332717,-0.86579305
1747679459.4776435,0.5825036,0.007199689,1.4817326,2.6792712,0.71332717,-0.86579305
1747679459.4781613,0.5825036,0.007199689,1.4817326,2.6792712,0.71332717,-0.86579305
1747679459.4786792,0.5825036,0.007199689,1.4817326,2.6792712,0.71332717,-0.86579305
1747679459.4791973,0.5825036,0.007199689,1.4817326,2.6792712,0.71332717,-0.86579305
1747679459.4797149,0.5825036,0.007199689,1.4817326,2.6792712,0.71332717,-0.86579305
1747679459.480233,0.5825036,0.007199689,1.4817326,2.6792712,0.71332717,-0.86579305
1747679459.480751,0.5825036,0.007199689,1.4817326,2.6792712,0.71332717,-0.86579305
1747679459.481269,0.5825036,0.007199689,1.4817326,2.6792712,0.71332717,-0.86579305
1747679459.4817867,0.5825036,0.007199689,1.4817326,2.6792712,0.71332717,-0.86579305
1747679459.4823043,0.5825036,0.007199689,1.4817326,2.6792712,0.71332717,-0.86579305
1747679459.4828224,0.5825036,0.007199689,1.4817326,2.6792712,0.71332717,-0.86579305
1747679459.4833744,0.59519464,-0.0045150593,1.4646486,2.6888585,0.97538203,-0.89668566
1747679459.483924,0.59519464,-0.0045150593,1.4646486,2.6888585,0.97538203,-0.89668566
1747679459.484467,0.59519464,-0.0045150593,1.4646486,2.6888585,0.97538203,-0.89668566
1747679459.484999,0.59519464,-0.0045150593,1.4646486,2.6888585,0.97538203,-0.89668566
1747679459.4855216,0.59519464,-0.0045150593,1.4646486,2.6888585,0.97538203,-0.89668566
1747679459.4860613,0.59519464,-0.0045150593,1.4646486,2.6888585,0.97538203,-0.89668566
1747679459.486595,0.59519464,-0.0045150593,1.4646486,2.6888585,0.97538203,-0.89668566
1747679459.487114,0.59519464,-0.0045150593,1.4646486,2.6888585,0.97538203,-0.89668566
1747679459.4876328,0.59519464,-0.0045150593,1.4646486,2.6888585,0.97538203,-0.89668566
1747679459.4881513,0.59519464,-0.0045150593,1.4646486,2.6888585,0.97538203,-0.89668566
1747679459.4886692,0.59519464,-0.0045150593,1.4646486,2.6888585,0.97538203,-0.89668566
1747679459.4891872,0.59519464,-0.0045150593,1.4646486,2.6888585,0.97538203,-0.89668566
1747679459.4897063,0.59519464,-0.0045150593,1.4646486,2.6888585,0.97538203,-0.89668566
1747679459.4902244,0.59519464,-0.0045150593,1.4646486,2.6888585,0.97538203,-0.89668566
1747679459.4907422,0.59519464,-0.0045150593,1.4646486,2.6888585,0.97538203,-0.89668566
1747679459.4912605,0.59519464,-0.0045150593,1.4646486,2.6888585,0.97538203,-0.89668566
1747679459.4917784,0.59519464,-0.0045150593,1.4646486,2.6888585,0.97538203,-0.89668566
1747679459.4923203,0.6000758,-0.01769415,1.4592793,2.6888585,0.97538203,-0.89668566
1747679459.4928534,0.6000758,-0.01769415,1.4592793,2.6888585,0.97538203,-0.89668566
1747679459.493373,0.6000758,-0.01769415,1.4592793,2.6888585,0.97538203,-0.89668566
1747679459.4939034,0.6000758,-0.01769415,1.4592793,2.6888585,0.97538203,-0.89668566
1747679459.494435,0.6000758,-0.01769415,1.4592793,2.682467,1.1298453,-0.9137299
1747679459.494955,0.6000758,-0.01769415,1.4592793,2.682467,1.1298453,-0.9137299
1747679459.4954731,0.6000758,-0.01769415,1.4592793,2.682467,1.1298453,-0.9137299
1747679459.4959915,0.6000758,-0.01769415,1.4592793,2.682467,1.1298453,-0.9137299
1747679459.49651,0.6000758,-0.01769415,1.4592793,2.682467,1.1298453,-0.9137299
1747679459.4970284,0.6000758,-0.01769415,1.4592793,2.682467,1.1298453,-0.9137299
1747679459.497546,0.6000758,-0.01769415,1.4592793,2.682467,1.1298453,-0.9137299
1747679459.4980638,0.6000758,-0.01769415,1.4592793,2.682467,1.1298453,-0.9137299
1747679459.4986193,0.6000758,-0.01769415,1.4592793,2.682467,1.1298453,-0.9137299
1747679459.499173,0.6000758,-0.01769415,1.4592793,2.682467,1.1298453,-0.9137299
1747679459.4997149,0.6000758,-0.01769415,1.4592793,2.682467,1.1298453,-0.9137299
1747679459.5002596,0.6000758,-0.01769415,1.4592793,2.682467,1.1298453,-0.9137299
1747679459.5007925,0.6000758,-0.01769415,1.4592793,2.682467,1.1298453,-0.9137299
1747679459.5013156,0.60251635,-0.04600479,1.4763633,2.6835322,1.403618,-0.93183935
1747679459.5018632,0.60251635,-0.04600479,1.4763633,2.6835322,1.403618,-0.93183935
1747679459.5024064,0.60251635,-0.04600479,1.4763633,2.6835322,1.403618,-0.93183935
1747679459.5029395,0.60251635,-0.04600479,1.4763633,2.6835322,1.403618,-0.93183935
1747679459.5034592,0.60251635,-0.04600479,1.4763633,2.6835322,1.403618,-0.93183935
1747679459.504009,0.60251635,-0.04600479,1.4763633,2.6835322,1.403618,-0.93183935
1747679459.5045636,0.60251635,-0.04600479,1.4763633,2.6835322,1.403618,-0.93183935
1747679459.5050845,0.60251635,-0.04600479,1.4763633,2.6835322,1.403618,-0.93183935
1747679459.5056033,0.60251635,-0.04600479,1.4763633,2.6835322,1.403618,-0.93183935
1747679459.5061216,0.60251635,-0.04600479,1.4763633,2.6835322,1.403618,-0.93183935
1747679459.5066404,0.60251635,-0.04600479,1.4763633,2.6835322,1.403618,-0.93183935
1747679459.5071585,0.60251635,-0.04600479,1.4763633,2.6835322,1.403618,-0.93183935
1747679459.5076768,0.60251635,-0.04600479,1.4763633,2.6835322,1.403618,-0.93183935
1747679459.5081954,0.60251635,-0.04600479,1.4763633,2.6835322,1.403618,-0.93183935
1747679459.5087137,0.60251635,-0.04600479,1.4763633,2.6835322,1.403618,-0.93183935
1747679459.509232,0.60251635,-0.04600479,1.4763633,2.6835322,1.403618,-0.93183935
1747679459.5097504,0.60251635,-0.04600479,1.4763633,2.6835322,1.403618,-0.93183935
1747679459.5102682,0.60251635,-0.04600479,1.4763633,2.6835322,1.403618,-0.93183935
1747679459.5107858,0.60251635,-0.04600479,1.4763633,2.6835322,1.403618,-0.93183935
1747679459.511304,0.60251635,-0.04600479,1.4763633,2.6835322,1.403618,-0.93183935
1747679459.5118217,0.60251635,-0.04600479,1.4763633,2.6835322,1.403618,-0.93183935
1747679459.5123398,0.60251635,-0.04600479,1.4763633,2.6835322,1.403618,-0.93183935
1747679459.5128586,0.60251635,-0.04600479,1.4763633,2.6835322,1.403618,-0.93183935
1747679459.5133784,0.56981266,-0.06064823,1.5124837,2.7666228,1.6646076,-0.94781834
1747679459.5139294,0.56981266,-0.06064823,1.5124837,2.7666228,1.6646076,-0.94781834
1747679459.5145042,0.56981266,-0.06064823,1.5124837,2.7666228,1.6646076,-0.94781834
1747679459.5150692,0.56981266,-0.06064823,1.5124837,2.7666228,1.6646076,-0.94781834
1747679459.5156305,0.56981266,-0.06064823,1.5124837,2.7666228,1.6646076,-0.94781834
1747679459.5161872,0.56981266,-0.06064823,1.5124837,2.7666228,1.6646076,-0.94781834
1747679459.5167437,0.56981266,-0.06064823,1.5124837,2.7666228,1.6646076,-0.94781834
1747679459.5172853,0.56981266,-0.06064823,1.5124837,2.7666228,1.6646076,-0.94781834
1747679459.517818,0.56981266,-0.06064823,1.5124837,2.7666228,1.6646076,-0.94781834
1747679459.5183523,0.56981266,-0.06064823,1.5124837,2.7666228,1.6646076,-0.94781834
1747679459.5188918,0.56981266,-0.06064823,1.5124837,2.7666228,1.6646076,-0.94781834
1747679459.519423,0.56981266,-0.06064823,1.5124837,2.7666228,1.6646076,-0.94781834
1747679459.519957,0.56981266,-0.06064823,1.5124837,2.7666228,1.6646076,-0.94781834
1747679459.520509,0.56981266,-0.06064823,1.5124837,2.7666228,1.6646076,-0.94781834
1747679459.5210693,0.56981266,-0.06064823,1.5124837,2.7666228,1.6646076,-0.94781834
1747679459.521619,0.56981266,-0.06064823,1.5124837,2.7666228,1.6646076,-0.94781834
1747679459.522152,0.56981266,-0.06064823,1.5124837,2.7666228,1.6646076,-0.94781834
1747679459.522672,0.56981266,-0.06064823,1.5124837,2.7666228,1.6646076,-0.94781834
1747679459.5231903,0.56981266,-0.06064823,1.5124837,2.7666228,1.6646076,-0.94781834
1747679459.5237405,0.56981266,-0.06064823,1.5124837,2.7666228,1.6646076,-0.94781834
1747679459.5243328,0.56981266,-0.06064823,1.5124837,2.7666228,1.6646076,-0.94781834
1747679459.5248885,0.5210012,-0.05576708,1.5334727,2.912564,1.755155,-0.942492
1747679459.525409,0.5210012,-0.05576708,1.5334727,2.912564,1.755155,-0.942492
1747679459.5259283,0.5210012,-0.05576708,1.5334727,2.912564,1.755155,-0.942492
1747679459.5264466,0.5210012,-0.05576708,1.5334727,2.912564,1.755155,-0.942492
1747679459.526965,0.5210012,-0.05576708,1.5334727,2.912564,1.755155,-0.942492
1747679459.5274825,0.5210012,-0.05576708,1.5334727,2.912564,1.755155,-0.942492
1747679459.5280008,0.5210012,-0.05576708,1.5334727,2.912564,1.755155,-0.942492
1747679459.5285187,0.5210012,-0.05576708,1.5334727,2.912564,1.755155,-0.942492
1747679459.529078,0.5210012,-0.05576708,1.5334727,2.912564,1.755155,-0.942492
1747679459.529625,0.5210012,-0.05576708,1.5334727,2.912564,1.755155,-0.942492
1747679459.5301533,0.5210012,-0.05576708,1.5334727,2.912564,1.755155,-0.942492
1747679459.5306756,0.5210012,-0.05576708,1.5334727,2.912564,1.755155,-0.942492
1747679459.5312066,0.5210012,-0.05576708,1.5334727,2.912564,1.755155,-0.942492
1747679459.5317397,0.5210012,-0.05576708,1.5334727,2.912564,1.755155,-0.942492
1747679459.532262,0.5210012,-0.05576708,1.5334727,2.912564,1.755155,-0.942492
1747679459.5328014,0.5210012,-0.05576708,1.5334727,2.912564,1.755155,-0.942492
1747679459.5333452,0.5210012,-0.05576708,1.5334727,2.912564,1.755155,-0.942492
1747679459.5338986,0.5210012,-0.05576708,1.5334727,2.912564,1.755155,-0.942492
1747679459.5344334,0.5210012,-0.05576708,1.5334727,2.912564,1.755155,-0.942492
1747679459.5349576,0.5210012,-0.05576708,1.5334727,2.912564,1.755155,-0.942492
1747679459.5354795,0.5210012,-0.05576708,1.5334727,2.912564,1.755155,-0.942492
1747679459.5360017,0.5210012,-0.05576708,1.5334727,2.912564,1.755155,-0.942492
1747679459.5365238,0.5210012,-0.05576708,1.5334727,2.912564,1.755155,-0.942492
1747679459.5370452,0.5210012,-0.05576708,1.5334727,2.912564,1.755155,-0.942492
1747679459.5375667,0.5210012,-0.05576708,1.5334727,2.912564,1.755155,-0.942492
1747679459.5381148,0.48634505,-0.064065024,1.5022334,3.09792,1.750894,-0.92118675
1747679459.538658,0.48634505,-0.064065024,1.5022334,3.09792,1.750894,-0.92118675
1747679459.5391903,0.48634505,-0.064065024,1.5022334,3.09792,1.750894,-0.92118675
1747679459.5397334,0.48634505,-0.064065024,1.5022334,3.09792,1.750894,-0.92118675
1747679459.5402787,0.46145123,-0.086518295,1.4290161,3.09792,1.750894,-0.92118675
1747679459.5408227,0.46145123,-0.086518295,1.4290161,3.09792,1.750894,-0.92118675
1747679459.5413544,0.46145123,-0.086518295,1.4290161,3.2971241,1.7540897,-0.88816357
1747679459.541874,0.46145123,-0.086518295,1.4290161,3.2971241,1.7540897,-0.88816357
1747679459.542392,0.46145123,-0.086518295,1.4290161,3.2971241,1.7540897,-0.88816357
1747679459.54291,0.46145123,-0.086518295,1.4290161,3.2971241,1.7540897,-0.88816357
1747679459.5434287,0.46145123,-0.086518295,1.4290161,3.2971241,1.7540897,-0.88816357
1747679459.543978,0.46145123,-0.086518295,1.4290161,3.2971241,1.7540897,-0.88816357
1747679459.5445225,0.46145123,-0.086518295,1.4290161,3.2971241,1.7540897,-0.88816357
1747679459.5450466,0.46145123,-0.086518295,1.4290161,3.2971241,1.7540897,-0.88816357
1747679459.5455656,0.46145123,-0.086518295,1.4290161,3.2971241,1.7540897,-0.88816357
1747679459.5460837,0.46145123,-0.086518295,1.4290161,3.2971241,1.7540897,-0.88816357
1747679459.5466018,0.46145123,-0.086518295,1.4290161,3.2971241,1.7540897,-0.88816357
1747679459.5471196,0.46145123,-0.086518295,1.4290161,3.2971241,1.7540897,-0.88816357
1747679459.5476403,0.46145123,-0.086518295,1.4290161,3.2971241,1.7540897,-0.88816357
1747679459.5481875,0.46145123,-0.086518295,1.4290161,3.2971241,1.7540897,-0.88816357
1747679459.5487328,0.46145123,-0.086518295,1.4290161,3.2971241,1.7540897,-0.88816357
1747679459.5492654,0.46145123,-0.086518295,1.4290161,3.2971241,1.7540897,-0.88816357
1747679459.5497851,0.46145123,-0.086518295,1.4290161,3.4004548,1.7540897,-0.87218463
1747679459.5503044,0.48390448,-0.08749452,1.3460368,3.4004548,1.7540897,-0.87218463
1747679459.5508235,0.48390448,-0.08749452,1.3460368,3.4004548,1.7540897,-0.87218463
1747679459.5513418,0.48390448,-0.08749452,1.3460368,3.4004548,1.7540897,-0.87218463
1747679459.5518606,0.48390448,-0.08749452,1.3460368,3.4004548,1.7540897,-0.87218463
1747679459.5523782,0.48390448,-0.08749452,1.3460368,3.4004548,1.7540897,-0.87218463
1747679459.5528965,0.48390448,-0.08749452,1.3460368,3.4004548,1.7540897,-0.87218463
1747679459.5534143,0.48390448,-0.08749452,1.3460368,3.4004548,1.7540897,-0.87218463
1747679459.5539324,0.48390448,-0.08749452,1.3460368,3.4004548,1.7540897,-0.87218463
1747679459.554468,0.48390448,-0.08749452,1.3460368,3.4004548,1.7540897,-0.87218463
1747679459.5549998,0.48390448,-0.08749452,1.3460368,3.4004548,1.7540897,-0.87218463
1747679459.55552,0.48390448,-0.08749452,1.3460368,3.4004548,1.7540897,-0.87218463
1747679459.5560384,0.48390448,-0.08749452,1.3460368,3.4004548,1.7540897,-0.87218463
1747679459.5565567,0.48390448,-0.08749452,1.3460368,3.4004548,1.7540897,-0.87218463
1747679459.557075,0.48390448,-0.08749452,1.3460368,3.4004548,1.7540897,-0.87218463
1747679459.557596,0.48390448,-0.08749452,1.3460368,3.4004548,1.7540897,-0.87218463
1747679459.5581167,0.48390448,-0.08749452,1.3460368,3.4004548,1.7540897,-0.87218463
1747679459.5586371,0.48390448,-0.08749452,1.3460368,3.4004548,1.7540897,-0.87218463
1747679459.5591722,0.48390448,-0.08749452,1.3460368,3.4004548,1.7540897,-0.87218463
1747679459.5597258,0.48390448,-0.08749452,1.3460368,3.4004548,1.7540897,-0.87218463
1747679459.5602684,0.48390448,-0.08749452,1.3460368,3.4004548,1.7540897,-0.87218463
1747679459.5608487,0.50050044,-0.07773223,1.270379,3.4963284,1.7370455,-0.90520775
1747679459.5618906,0.50050044,-0.07773223,1.270379,3.4963284,1.7370455,-0.90520775
1747679459.56245,0.50050044,-0.07773223,1.270379,3.4963284,1.7370455,-0.90520775
1747679459.5629854,0.50050044,-0.07773223,1.270379,3.4963284,1.7370455,-0.90520775
1747679459.563515,0.50050044,-0.07773223,1.270379,3.4963284,1.7370455,-0.90520775
1747679459.564062,0.50050044,-0.07773223,1.270379,3.4963284,1.7370455,-0.90520775
1747679459.5646098,0.50050044,-0.07773223,1.270379,3.4963284,1.7370455,-0.90520775
1747679459.5651455,0.50050044,-0.07773223,1.270379,3.4963284,1.7370455,-0.90520775
1747679459.5656676,0.50050044,-0.07773223,1.270379,3.4963284,1.7370455,-0.90520775
1747679459.5661883,0.50050044,-0.07773223,1.270379,3.4963284,1.7370455,-0.90520775
1747679459.5667095,0.50050044,-0.07773223,1.270379,3.4963284,1.7370455,-0.90520775
1747679459.567231,0.50050044,-0.07773223,1.270379,3.4963284,1.7370455,-0.90520775
1747679459.5677516,0.50050044,-0.07773223,1.270379,3.4963284,1.7370455,-0.90520775
1747679459.5682726,0.50050044,-0.07773223,1.270379,3.4963284,1.7370455,-0.90520775
1747679459.5687933,0.50050044,-0.07773223,1.270379,3.4963284,1.7370455,-0.90520775
1747679459.5693142,0.50050044,-0.07773223,1.270379,3.4963284,1.7370455,-0.90520775
1747679459.5698395,0.50050044,-0.07773223,1.270379,3.4963284,1.7370455,-0.90520775
1747679459.5703628,0.46535614,-0.068946175,1.1859351,3.4963284,1.7370455,-0.90520775
1747679459.5708835,0.46535614,-0.068946175,1.1859351,3.4963284,1.7370455,-0.90520775
1747679459.5714042,0.46535614,-0.068946175,1.1859351,3.4963284,1.7370455,-0.90520775
1747679459.571926,0.46535614,-0.068946175,1.1859351,3.5559833,1.7530245,-0.94355726
1747679459.5724497,0.46535614,-0.068946175,1.1859351,3.5559833,1.7530245,-0.94355726
1747679459.572958,0.46535614,-0.068946175,1.1859351,3.5559833,1.7530245,-0.94355726
1747679459.5734763,0.46535614,-0.068946175,1.1859351,3.5559833,1.7530245,-0.94355726
1747679459.5740097,0.46535614,-0.068946175,1.1859351,3.5559833,1.7530245,-0.94355726
1747679459.5745668,0.46535614,-0.068946175,1.1859351,3.5559833,1.7530245,-0.94355726
1747679459.5751193,0.46535614,-0.068946175,1.1859351,3.5559833,1.7530245,-0.94355726
1747679459.5756397,0.46535614,-0.068946175,1.1859351,3.5559833,1.7530245,-0.94355726
1747679459.5761583,0.46535614,-0.068946175,1.1859351,3.5559833,1.7530245,-0.94355726
1747679459.5766766,0.46535614,-0.068946175,1.1859351,3.5559833,1.7530245,-0.94355726
1747679459.5771947,0.46535614,-0.068946175,1.1859351,3.5559833,1.7530245,-0.94355726
1747679459.577713,0.46535614,-0.068946175,1.1859351,3.5559833,1.7530245,-0.94355726
1747679459.5782337,0.46535614,-0.068946175,1.1859351,3.5559833,1.7530245,-0.94355726
1747679459.5787542,0.46535614,-0.068946175,1.1859351,3.5559833,1.7530245,-0.94355726
1747679459.5792744,0.46535614,-0.068946175,1.1859351,3.5559833,1.7530245,-0.94355726
1747679459.5798185,0.46535614,-0.068946175,1.1859351,3.5559833,1.7530245,-0.94355726
1747679459.580353,0.46535614,-0.068946175,1.1859351,3.5559833,1.7530245,-0.94355726
1747679459.5808747,0.44436726,-0.049421594,1.1136942,3.5559833,1.7530245,-0.94355726
1747679459.5813937,0.44436726,-0.049421594,1.1136942,3.5559833,1.7530245,-0.94355726
1747679459.58193,0.44436726,-0.049421594,1.1136942,3.5559833,1.7530245,-0.94355726
1747679459.5824637,0.44436726,-0.049421594,1.1136942,3.5559833,1.7530245,-0.94355726
1747679459.5829833,0.44436726,-0.049421594,1.1136942,3.5666358,1.8201361,-0.9574057
1747679459.583501,0.44436726,-0.049421594,1.1136942,3.5666358,1.8201361,-0.9574057
1747679459.5840192,0.44436726,-0.049421594,1.1136942,3.5666358,1.8201361,-0.9574057
1747679459.5845487,0.44436726,-0.049421594,1.1136942,3.5666358,1.8201361,-0.9574057
1747679459.585084,0.44436726,-0.049421594,1.1136942,3.5666358,1.8201361,-0.9574057
1747679459.5856042,0.44436726,-0.049421594,1.1136942,3.5666358,1.8201361,-0.9574057
1747679459.5861225,0.44436726,-0.049421594,1.1136942,3.5666358,1.8201361,-0.9574057
1747679459.5866408,0.44436726,-0.049421594,1.1136942,3.5666358,1.8201361,-0.9574057
1747679459.5871592,0.44436726,-0.049421594,1.1136942,3.5666358,1.8201361,-0.9574057
1747679459.5876772,0.44436726,-0.049421594,1.1136942,3.5666358,1.8201361,-0.9574057
1747679459.5881958,0.44436726,-0.049421594,1.1136942,3.5666358,1.8201361,-0.9574057
1747679459.5887136,0.44436726,-0.049421594,1.1136942,3.5666358,1.8201361,-0.9574057
1747679459.589232,0.44436726,-0.049421594,1.1136942,3.5666358,1.8201361,-0.9574057
1747679459.5897887,0.44436726,-0.049421594,1.1136942,3.5666358,1.8201361,-0.9574057
1747679459.5903888,0.44436726,-0.049421594,1.1136942,3.5666358,1.8201361,-0.9574057
1747679459.5909383,0.41898528,-0.026968326,1.0517037,3.5666358,1.8201361,-0.9574057
1747679459.5914748,0.41898528,-0.026968326,1.0517037,3.5666358,1.8201361,-0.9574057
1747679459.5919976,0.41898528,-0.026968326,1.0517037,3.5666358,1.8201361,-0.9574057
1747679459.5925264,0.41898528,-0.026968326,1.0517037,3.5666358,1.8201361,-0.9574057
1747679459.5930762,0.41898528,-0.026968326,1.0517037,3.5410695,1.9873825,-0.9659278
1747679459.5936189,0.41898528,-0.026968326,1.0517037,3.5410695,1.9873825,-0.9659278
1747679459.594155,0.41898528,-0.026968326,1.0517037,3.5410695,1.9873825,-0.9659278
1747679459.5946875,0.41898528,-0.026968326,1.0517037,3.5410695,1.9873825,-0.9659278
1747679459.5952103,0.41898528,-0.026968326,1.0517037,3.5410695,1.9873825,-0.9659278
1747679459.5957625,0.41898528,-0.026968326,1.0517037,3.5410695,1.9873825,-0.9659278
1747679459.5963154,0.41898528,-0.026968326,1.0517037,3.5410695,1.9873825,-0.9659278
1747679459.596858,0.41898528,-0.026968326,1.0517037,3.5410695,1.9873825,-0.9659278
1747679459.5974052,0.41898528,-0.026968326,1.0517037,3.5410695,1.9873825,-0.9659278
1747679459.5979443,0.41898528,-0.026968326,1.0517037,3.5410695,1.9873825,-0.9659278
1747679459.5984738,0.41898528,-0.026968326,1.0517037,3.5410695,1.9873825,-0.9659278
1747679459.599,0.41898528,-0.026968326,1.0517037,3.5410695,1.9873825,-0.9659278
1747679459.599528,0.41898528,-0.026968326,1.0517037,3.5410695,1.9873825,-0.9659278
1747679459.6000779,0.41898528,-0.026968326,1.0517037,3.5410695,1.9873825,-0.9659278
1747679459.6006303,0.41898528,-0.026968326,1.0517037,3.5410695,1.9873825,-0.9659278
1747679459.6011689,0.41898528,-0.026968326,1.0517037,3.5410695,1.9873825,-0.9659278
1747679459.601702,0.41898528,-0.026968326,1.0517037,3.5410695,1.9873825,-0.9659278
1747679459.6022978,0.41898528,-0.026968326,1.0517037,3.5410695,1.9873825,-0.9659278
1747679459.6028318,0.39897257,-0.016717922,1.0082614,3.5133727,2.1578248,-0.96166676
1747679459.6033514,0.39897257,-0.016717922,1.0082614,3.5133727,2.1578248,-0.96166676
1747679459.60388,0.39897257,-0.016717922,1.0082614,3.5133727,2.1578248,-0.96166676
1747679459.60441,0.39897257,-0.016717922,1.0082614,3.5133727,2.1578248,-0.96166676
1747679459.604937,0.39897257,-0.016717922,1.0082614,3.5133727,2.1578248,-0.96166676
1747679459.6054673,0.39897257,-0.016717922,1.0082614,3.5133727,2.1578248,-0.96166676
1747679459.6059926,0.39897257,-0.016717922,1.0082614,3.5133727,2.1578248,-0.96166676
1747679459.6065109,0.39897257,-0.016717922,1.0082614,3.5133727,2.1578248,-0.96166676
1747679459.607029,0.39897257,-0.016717922,1.0082614,3.5133727,2.1578248,-0.96166676
1747679459.607547,0.39897257,-0.016717922,1.0082614,3.5133727,2.1578248,-0.96166676
1747679459.6080654,0.39897257,-0.016717922,1.0082614,3.5133727,2.1578248,-0.96166676
1747679459.6085835,0.39897257,-0.016717922,1.0082614,3.5133727,2.1578248,-0.96166676
1747679459.6091015,0.39897257,-0.016717922,1.0082614,3.5133727,2.1578248,-0.96166676
1747679459.6096196,0.39897257,-0.016717922,1.0082614,3.5133727,2.1578248,-0.96166676
1747679459.6101403,0.39897257,-0.016717922,1.0082614,3.5133727,2.1578248,-0.96166676
1747679459.6106923,0.39897257,-0.016717922,1.0082614,3.5133727,2.1578248,-0.96166676
1747679459.6112394,0.39897257,-0.016717922,1.0082614,3.5133727,2.1578248,-0.96166676
1747679459.6117737,0.39897257,-0.016717922,1.0082614,3.5133727,2.1578248,-0.96166676
1747679459.612294,0.39897257,-0.016717922,1.0082614,3.5133727,2.1578248,-0.96166676
1747679459.6128128,0.38140047,-0.0045150593,0.9526165,3.5133727,2.1578248,-0.96166676
1747679459.6133318,0.38140047,-0.0045150593,0.9526165,3.486741,2.3463764,-0.95634043
1747679459.6138506,0.38140047,-0.0045150593,0.9526165,3.486741,2.3463764,-0.95634043
1747679459.614389,0.38140047,-0.0045150593,0.9526165,3.486741,2.3463764,-0.95634043
1747679459.6149213,0.38140047,-0.0045150593,0.9526165,3.486741,2.3463764,-0.95634043
1747679459.6154408,0.38140047,-0.0045150593,0.9526165,3.486741,2.3463764,-0.95634043
1747679459.6159594,0.38140047,-0.0045150593,0.9526165,3.486741,2.3463764,-0.95634043
1747679459.6164777,0.38140047,-0.0045150593,0.9526165,3.486741,2.3463764,-0.95634043
1747679459.6169958,0.38140047,-0.0045150593,0.9526165,3.486741,2.3463764,-0.95634043
1747679459.6175134,0.38140047,-0.0045150593,0.9526165,3.486741,2.3463764,-0.95634043
1747679459.618031,0.38140047,-0.0045150593,0.9526165,3.486741,2.3463764,-0.95634043
1747679459.618549,0.38140047,-0.0045150593,0.9526165,3.486741,2.3463764,-0.95634043
1747679459.619067,0.38140047,-0.0045150593,0.9526165,3.486741,2.3463764,-0.95634043
1747679459.619585,0.38140047,-0.0045150593,0.9526165,3.486741,2.3463764,-0.95634043
1747679459.620118,0.38140047,-0.0045150593,0.9526165,3.486741,2.3463764,-0.95634043
1747679459.6206748,0.38140047,-0.0045150593,0.9526165,3.486741,2.3463764,-0.95634043
1747679459.6212285,0.38140047,-0.0045150593,0.9526165,3.486741,2.3463764,-0.95634043
1747679459.62177,0.38140047,-0.0045150593,0.9526165,3.486741,2.3463764,-0.95634043
1747679459.6223254,0.38140047,-0.0045150593,0.9526165,3.486741,2.3463764,-0.95634043
1747679459.6228704,0.38140047,-0.0045150593,0.9526165,3.486741,2.3463764,-0.95634043
1747679459.6234033,0.38140047,-0.0045150593,0.9526165,3.486741,2.3463764,-0.95634043
1747679459.623933,0.38140047,-0.0045150593,0.9526165,3.486741,2.3463764,-0.95634043
1747679459.6244664,0.38140047,-0.0045150593,0.9526165,3.486741,2.3463764,-0.95634043
1747679459.6250012,0.38140047,-0.0045150593,0.9526165,3.486741,2.3463764,-0.95634043
1747679459.6255343,0.35748285,0.015497635,0.9062455,3.486741,2.3463764,-0.95634043
1747679459.6261148,0.35748285,0.015497635,0.9062455,3.486741,2.3463764,-0.95634043
1747679459.6266694,0.35748285,0.015497635,0.9062455,3.4739578,2.4326627,-0.96805835
1747679459.6272006,0.35748285,0.015497635,0.9062455,3.4739578,2.4326627,-0.96805835
1747679459.6277199,0.35748285,0.015497635,0.9062455,3.4739578,2.4326627,-0.96805835
1747679459.6282394,0.35748285,0.015497635,0.9062455,3.4739578,2.4326627,-0.96805835
1747679459.628758,0.35748285,0.015497635,0.9062455,3.4739578,2.4326627,-0.96805835
1747679459.6292768,0.35748285,0.015497635,0.9062455,3.4739578,2.4326627,-0.96805835
1747679459.629795,0.35748285,0.015497635,0.9062455,3.4739578,2.4326627,-0.96805835
1747679459.6303127,0.35748285,0.015497635,0.9062455,3.4739578,2.4326627,-0.96805835
1747679459.630831,0.35748285,0.015497635,0.9062455,3.4739578,2.4326627,-0.96805835
1747679459.6313488,0.35748285,0.015497635,0.9062455,3.4739578,2.4326627,-0.96805835
1747679459.6318672,0.35748285,0.015497635,0.9062455,3.4739578,2.4326627,-0.96805835
1747679459.6323853,0.35748285,0.015497635,0.9062455,3.4739578,2.4326627,-0.96805835
1747679459.6329033,0.35748285,0.015497635,0.9062455,3.4739578,2.4326627,-0.96805835
1747679459.633421,0.35748285,0.015497635,0.9062455,3.4739578,2.4326627,-0.96805835
1747679459.633939,0.35748285,0.015497635,0.9062455,3.4739578,2.4326627,-0.96805835
1747679459.6344748,0.31599313,0.020866893,0.8891616,3.5165684,2.3474417,-0.982972
1747679459.6350057,0.31599313,0.020866893,0.8891616,3.5165684,2.3474417,-0.982972
1747679459.6355484,0.31599313,0.020866893,0.8891616,3.5165684,2.3474417,-0.982972
1747679459.6360915,0.31599313,0.020866893,0.8891616,3.5165684,2.3474417,-0.982972
1747679459.636616,0.31599313,0.020866893,0.8891616,3.5165684,2.3474417,-0.982972
1747679459.6371694,0.31599313,0.020866893,0.8891616,3.5165684,2.3474417,-0.982972
1747679459.6376915,0.31599313,0.020866893,0.8891616,3.5165684,2.3474417,-0.982972
1747679459.6382098,0.31599313,0.020866893,0.8891616,3.5165684,2.3474417,-0.982972
1747679459.6387281,0.31599313,0.020866893,0.8891616,3.5165684,2.3474417,-0.982972
1747679459.6392462,0.31599313,0.020866893,0.8891616,3.5165684,2.3474417,-0.982972
1747679459.6397643,0.31599313,0.020866893,0.8891616,3.5165684,2.3474417,-0.982972
1747679459.6402822,0.31599313,0.020866893,0.8891616,3.5165684,2.3474417,-0.982972
1747679459.6408,0.31599313,0.020866893,0.8891616,3.5165684,2.3474417,-0.982972
1747679459.641348,0.2549788,0.029652953,0.8735419,3.582615,2.1929784,-0.9776457
1747679459.6419036,0.2549788,0.029652953,0.8735419,3.582615,2.1929784,-0.9776457
1747679459.642474,0.2549788,0.029652953,0.8735419,3.582615,2.1929784,-0.9776457
1747679459.6430058,0.2549788,0.029652953,0.8735419,3.582615,2.1929784,-0.9776457
1747679459.6435392,0.2549788,0.029652953,0.8735419,3.582615,2.1929784,-0.9776457
1747679459.6440756,0.2549788,0.029652953,0.8735419,3.582615,2.1929784,-0.9776457
1747679459.6445956,0.2549788,0.029652953,0.8735419,3.582615,2.1929784,-0.9776457
1747679459.6451144,0.2549788,0.029652953,0.8735419,3.582615,2.1929784,-0.9776457
1747679459.6456325,0.2549788,0.029652953,0.8735419,3.582615,2.1929784,-0.9776457
1747679459.646152,0.2549788,0.029652953,0.8735419,3.582615,2.1929784,-0.9776457
1747679459.6466703,0.2549788,0.029652953,0.8735419,3.582615,2.1929784,-0.9776457
1747679459.6471884,0.2549788,0.029652953,0.8735419,3.582615,2.1929784,-0.9776457
1747679459.6477063,0.2549788,0.029652953,0.8735419,3.582615,2.1929784,-0.9776457
1747679459.6482246,0.2549788,0.029652953,0.8735419,3.582615,2.1929784,-0.9776457
1747679459.6487424,0.2549788,0.029652953,0.8735419,3.582615,2.1929784,-0.9776457
1747679459.6492608,0.2549788,0.029652953,0.8735419,3.582615,2.1929784,-0.9776457
1747679459.6497788,0.2549788,0.029652953,0.8735419,3.582615,2.1929784,-0.9776457
1747679459.6502998,0.21885833,0.047225077,0.82961154,3.582615,2.1929784,-0.9776457
1747679459.6508548,0.21885833,0.047225077,0.82961154,3.582615,2.1929784,-0.9776457
1747679459.6514077,0.21885833,0.047225077,0.82961154,3.6582484,1.9969698,-0.95314467
1747679459.6519432,0.21885833,0.047225077,0.82961154,3.6582484,1.9969698,-0.95314467
1747679459.652473,0.21885833,0.047225077,0.82961154,3.6582484,1.9969698,-0.95314467
1747679459.6530073,0.21885833,0.047225077,0.82961154,3.6582484,1.9969698,-0.95314467
1747679459.65354,0.21885833,0.047225077,0.82961154,3.6582484,1.9969698,-0.95314467
1747679459.654075,0.21885833,0.047225077,0.82961154,3.6582484,1.9969698,-0.95314467
1747679459.654612,0.21885833,0.047225077,0.82961154,3.6582484,1.9969698,-0.95314467
1747679459.655142,0.21885833,0.047225077,0.82961154,3.6582484,1.9969698,-0.95314467
1747679459.6556616,0.21885833,0.047225077,0.82961154,3.6582484,1.9969698,-0.95314467
1747679459.6561797,0.21885833,0.047225077,0.82961154,3.6582484,1.9969698,-0.95314467
1747679459.6566982,0.21885833,0.047225077,0.82961154,3.6582484,1.9969698,-0.95314467
1747679459.6572318,0.21885833,0.047225077,0.82961154,3.6582484,1.9969698,-0.95314467
1747679459.6577954,0.21885833,0.047225077,0.82961154,3.6582484,1.9969698,-0.95314467
1747679459.6583433,0.21885833,0.047225077,0.82961154,3.6582484,1.9969698,-0.95314467
1747679459.6588788,0.21885833,0.047225077,0.82961154,3.6582484,1.9969698,-0.95314467
1747679459.6594007,0.21885833,0.047225077,0.82961154,3.6582484,1.9969698,-0.95314467
1747679459.6599226,0.1871309,0.056987368,0.7861694,3.6582484,1.9969698,-0.95314467
1747679459.660444,0.1871309,0.056987368,0.7861694,3.6582484,1.9969698,-0.95314467
1747679459.660966,0.1871309,0.056987368,0.7861694,3.7115116,1.8744645,-0.91692567
1747679459.6614878,0.1871309,0.056987368,0.7861694,3.7115116,1.8744645,-0.91692567
1747679459.662009,0.1871309,0.056987368,0.7861694,3.7115116,1.8744645,-0.91692567
1747679459.6625295,0.1871309,0.056987368,0.7861694,3.7115116,1.8744645,-0.91692567
1747679459.6630516,0.1871309,0.056987368,0.7861694,3.7115116,1.8744645,-0.91692567
1747679459.6635725,0.1871309,0.056987368,0.7861694,3.7115116,1.8744645,-0.91692567
1747679459.664093,0.1871309,0.056987368,0.7861694,3.7115116,1.8744645,-0.91692567
1747679459.6646214,0.1871309,0.056987368,0.7861694,3.7115116,1.8744645,-0.91692567
1747679459.665154,0.1871309,0.056987368,0.7861694,3.7115116,1.8744645,-0.91692567
1747679459.665693,0.1871309,0.056987368,0.7861694,3.7115116,1.8744645,-0.91692567
1747679459.6662471,0.1871309,0.056987368,0.7861694,3.7115116,1.8744645,-0.91692567
1747679459.6667738,0.1871309,0.056987368,0.7861694,3.7115116,1.8744645,-0.91692567
1747679459.6672947,0.1871309,0.056987368,0.7861694,3.7115116,1.8744645,-0.91692567
1747679459.6678157,0.1871309,0.056987368,0.7861694,3.7115116,1.8744645,-0.91692567
1747679459.6683366,0.1871309,0.056987368,0.7861694,3.7115116,1.8744645,-0.91692567
1747679459.6688576,0.1871309,0.056987368,0.7861694,3.7115116,1.8744645,-0.91692567
1747679459.6693785,0.1871309,0.056987368,0.7861694,3.7115116,1.8744645,-0.91692567
1747679459.6699002,0.1871309,0.056987368,0.7861694,3.7115116,1.8744645,-0.91692567
1747679459.6704228,0.20323867,0.08529801,0.72906,3.744535,1.852094,-0.88283724
1747679459.6709445,0.20323867,0.08529801,0.72906,3.744535,1.852094,-0.88283724
1747679459.6714652,0.20323867,0.08529801,0.72906,3.744535,1.852094,-0.88283724
1747679459.6719983,0.20323867,0.08529801,0.72906,3.744535,1.852094,-0.88283724
1747679459.6725488,0.20323867,0.08529801,0.72906,3.744535,1.852094,-0.88283724
1747679459.6730685,0.20323867,0.08529801,0.72906,3.744535,1.852094,-0.88283724
1747679459.6736388,0.20323867,0.08529801,0.72906,3.744535,1.852094,-0.88283724
1747679459.6741884,0.20323867,0.08529801,0.72906,3.744535,1.852094,-0.88283724
1747679459.6747258,0.20323867,0.08529801,0.72906,3.744535,1.852094,-0.88283724
1747679459.675251,0.20323867,0.08529801,0.72906,3.744535,1.852094,-0.88283724
1747679459.6757693,0.20323867,0.08529801,0.72906,3.744535,1.852094,-0.88283724
1747679459.6762877,0.20323867,0.08529801,0.72906,3.744535,1.852094,-0.88283724
1747679459.676806,0.20323867,0.08529801,0.72906,3.744535,1.852094,-0.88283724
1747679459.6773238,0.20323867,0.08529801,0.72906,3.744535,1.852094,-0.88283724
1747679459.6778417,0.20323867,0.08529801,0.72906,3.744535,1.852094,-0.88283724
1747679459.6783597,0.20323867,0.08529801,0.72906,3.744535,1.852094,-0.88283724
1747679459.6788776,0.20323867,0.08529801,0.72906,3.744535,1.852094,-0.88283724
1747679459.6793957,0.20323867,0.08529801,0.72906,3.744535,1.852094,-0.88283724
1747679459.6799142,0.20275055,0.0916435,0.6504736,3.7349474,1.9479678,-0.8732499
1747679459.6804335,0.20275055,0.0916435,0.6504736,3.7349474,1.9479678,-0.8732499
1747679459.6810956,0.20275055,0.0916435,0.6504736,3.7349474,1.9479678,-0.8732499
1747679459.6816494,0.20275055,0.0916435,0.6504736,3.7349474,1.9479678,-0.8732499
1747679459.6821837,0.20275055,0.0916435,0.6504736,3.7349474,1.9479678,-0.8732499
1747679459.6827192,0.20275055,0.0916435,0.6504736,3.7349474,1.9479678,-0.8732499
1747679459.683267,0.20275055,0.0916435,0.6504736,3.7349474,1.9479678,-0.8732499
1747679459.6838067,0.20275055,0.0916435,0.6504736,3.7349474,1.9479678,-0.8732499
1747679459.6843276,0.20275055,0.0916435,0.6504736,3.7349474,1.9479678,-0.8732499
1747679459.6848457,0.20275055,0.0916435,0.6504736,3.7349474,1.9479678,-0.8732499
1747679459.6853638,0.20275055,0.0916435,0.6504736,3.7349474,1.9479678,-0.8732499
1747679459.6858819,0.20275055,0.0916435,0.6504736,3.7349474,1.9479678,-0.8732499
1747679459.6864,0.20275055,0.0916435,0.6504736,3.7349474,1.9479678,-0.8732499
1747679459.6869175,0.20275055,0.0916435,0.6504736,3.7349474,1.9479678,-0.8732499
1747679459.6874359,0.20275055,0.0916435,0.6504736,3.7349474,1.9479678,-0.8732499
1747679459.6879857,0.20275055,0.0916435,0.6504736,3.7349474,1.9479678,-0.8732499
1747679459.6885448,0.20275055,0.0916435,0.6504736,3.7349474,1.9479678,-0.8732499
1747679459.6891158,0.20275055,0.0916435,0.6504736,3.7349474,1.9479678,-0.8732499
1747679459.689654,0.20275055,0.0916435,0.6504736,3.7349474,1.9479678,-0.8732499
1747679459.690174,0.20275055,0.0916435,0.6504736,3.7349474,1.9479678,-0.8732499
1747679459.6906927,0.20275055,0.0916435,0.6504736,3.7349474,1.9479678,-0.8732499
1747679459.6912107,0.20275055,0.0916435,0.6504736,3.7349474,1.9479678,-0.8732499
1747679459.6917293,0.20275055,0.0916435,0.6504736,3.7349474,1.9479678,-0.8732499
1747679459.6922483,0.19445261,0.10238201,0.5836019,3.6997938,2.1237361,-0.8668583
1747679459.692767,0.19445261,0.10238201,0.5836019,3.6997938,2.1237361,-0.8668583
1747679459.6932855,0.19445261,0.10238201,0.5836019,3.6997938,2.1237361,-0.8668583
1747679459.6938148,0.19445261,0.10238201,0.5836019,3.6997938,2.1237361,-0.8668583
1747679459.6943488,0.19445261,0.10238201,0.5836019,3.6997938,2.1237361,-0.8668583
1747679459.6948686,0.19445261,0.10238201,0.5836019,3.6997938,2.1237361,-0.8668583
1747679459.6953871,0.19445261,0.10238201,0.5836019,3.6997938,2.1237361,-0.8668583
1747679459.6959052,0.19445261,0.10238201,0.5836019,3.6997938,2.1237361,-0.8668583
1747679459.6964457,0.19445261,0.10238201,0.5836019,3.6997938,2.1237361,-0.8668583
1747679459.6969922,0.19445261,0.10238201,0.5836019,3.6997938,2.1237361,-0.8668583
1747679459.6975176,0.19445261,0.10238201,0.5836019,3.6997938,2.1237361,-0.8668583
1747679459.6980362,0.19445261,0.10238201,0.5836019,3.6997938,2.1237361,-0.8668583
1747679459.6985543,0.19445261,0.10238201,0.5836019,3.6997938,2.1237361,-0.8668583
1747679459.6990726,0.19445261,0.10238201,0.5836019,3.6997938,2.1237361,-0.8668583
1747679459.6995904,0.19445261,0.10238201,0.5836019,3.6997938,2.1237361,-0.8668583
1747679459.7001088,0.19445261,0.10238201,0.5836019,3.6997938,2.1237361,-0.8668583
1747679459.7006266,0.19445261,0.10238201,0.5836019,3.6997938,2.1237361,-0.8668583
1747679459.701145,0.19445261,0.10238201,0.5836019,3.6997938,2.1237361,-0.8668583
1747679459.701663,0.19445261,0.10238201,0.5836019,3.6997938,2.1237361,-0.8668583
1747679459.702181,0.19445261,0.10238201,0.5836019,3.6997938,2.1237361,-0.8668583
1747679459.7026994,0.19445261,0.10238201,0.5836019,3.6997938,2.1237361,-0.8668583
1747679459.7032185,0.19445261,0.10238201,0.5836019,3.6997938,2.1237361,-0.8668583
1747679459.703748,0.1871309,0.11312053,0.5260044,3.676358,2.32081,-0.86579305
1747679459.7043054,0.1871309,0.11312053,0.5260044,3.676358,2.32081,-0.86579305
1747679459.704861,0.1871309,0.11312053,0.5260044,3.676358,2.32081,-0.86579305
1747679459.7054157,0.1871309,0.11312053,0.5260044,3.676358,2.32081,-0.86579305
1747679459.7059667,0.1871309,0.11312053,0.5260044,3.676358,2.32081,-0.86579305
1747679459.706499,0.1871309,0.11312053,0.5260044,3.676358,2.32081,-0.86579305
1747679459.707019,0.1871309,0.11312053,0.5260044,3.676358,2.32081,-0.86579305
1747679459.7075377,0.1871309,0.11312053,0.5260044,3.676358,2.32081,-0.86579305
1747679459.7080557,0.1871309,0.11312053,0.5260044,3.676358,2.32081,-0.86579305
1747679459.708574,0.1871309,0.11312053,0.5260044,3.676358,2.32081,-0.86579305
1747679459.7090921,0.1871309,0.11312053,0.5260044,3.676358,2.32081,-0.86579305
1747679459.70961,0.1871309,0.11312053,0.5260044,3.676358,2.32081,-0.86579305
1747679459.7101278,0.1871309,0.11312053,0.5260044,3.676358,2.32081,-0.86579305
1747679459.710646,0.1871309,0.11312053,0.5260044,3.676358,2.32081,-0.86579305
1747679459.7111642,0.1871309,0.11312053,0.5260044,3.676358,2.32081,-0.86579305
1747679459.7117128,0.1871309,0.11312053,0.5260044,3.676358,2.32081,-0.86579305
1747679459.7122788,0.1871309,0.11312053,0.5260044,3.676358,2.32081,-0.86579305
1747679459.7128315,0.15247476,0.12581152,0.43082207,3.676358,2.32081,-0.86579305
1747679459.7133756,0.15247476,0.12581152,0.43082207,3.6497264,2.5722122,-0.8668583
1747679459.7139223,0.15247476,0.12581152,0.43082207,3.6497264,2.5722122,-0.8668583
1747679459.7144845,0.15247476,0.12581152,0.43082207,3.6497264,2.5722122,-0.8668583
1747679459.715004,0.15247476,0.12581152,0.43082207,3.6497264,2.5722122,-0.8668583
1747679459.7155223,0.15247476,0.12581152,0.43082207,3.6497264,2.5722122,-0.8668583
1747679459.7160406,0.15247476,0.12581152,0.43082207,3.6497264,2.5722122,-0.8668583
1747679459.716559,0.15247476,0.12581152,0.43082207,3.6497264,2.5722122,-0.8668583
1747679459.717077,0.15247476,0.12581152,0.43082207,3.6497264,2.5722122,-0.8668583
1747679459.7175949,0.15247476,0.12581152,0.43082207,3.6497264,2.5722122,-0.8668583
1747679459.7181125,0.15247476,0.12581152,0.43082207,3.6497264,2.5722122,-0.8668583
1747679459.7186306,0.15247476,0.12581152,0.43082207,3.6497264,2.5722122,-0.8668583
1747679459.7191486,0.15247476,0.12581152,0.43082207,3.6497264,2.5722122,-0.8668583
1747679459.7196972,0.15247476,0.12581152,0.43082207,3.6497264,2.5722122,-0.8668583
1747679459.7202597,0.15247476,0.12581152,0.43082207,3.6497264,2.5722122,-0.8668583
1747679459.7208312,0.15247476,0.12581152,0.43082207,3.6497264,2.5722122,-0.8668583
1747679459.7213645,0.15247476,0.12581152,0.43082207,3.6497264,2.5722122,-0.8668583
1747679459.721885,0.15247476,0.12581152,0.43082207,3.6497264,2.5722122,-0.8668583
1747679459.7224033,0.15247476,0.12581152,0.43082207,3.6497264,2.5722122,-0.8668583
1747679459.7229216,0.15247476,0.12581152,0.43082207,3.6497264,2.5722122,-0.8668583
1747679459.7234538,0.15247476,0.12581152,0.43082207,3.571962,2.7394586,-0.8444877
1747679459.7239897,0.15247476,0.12581152,0.43082207,3.571962,2.7394586,-0.8444877
1747679459.7245097,0.15247476,0.12581152,0.43082207,3.571962,2.7394586,-0.8444877
1747679459.725031,0.10463954,0.15461026,0.31269833,3.571962,2.7394586,-0.8444877
1747679459.725549,0.10463954,0.15461026,0.31269833,3.571962,2.7394586,-0.8444877
1747679459.7260673,0.10463954,0.15461026,0.31269833,3.571962,2.7394586,-0.8444877
1747679459.7265851,0.10463954,0.15461026,0.31269833,3.571962,2.7394586,-0.8444877
1747679459.7271245,0.10463954,0.15461026,0.31269833,3.571962,2.7394586,-0.8444877
1747679459.7276738,0.10463954,0.15461026,0.31269833,3.571962,2.7394586,-0.8444877
1747679459.7282066,0.10463954,0.15461026,0.31269833,3.571962,2.7394586,-0.8444877
1747679459.728726,0.10463954,0.15461026,0.31269833,3.571962,2.7394586,-0.8444877
1747679459.7292442,0.10463954,0.15461026,0.31269833,3.571962,2.7394586,-0.8444877
1747679459.7297623,0.10463954,0.15461026,0.31269833,3.571962,2.7394586,-0.8444877
1747679459.7302804,0.10463954,0.15461026,0.31269833,3.571962,2.7394586,-0.8444877
1747679459.730798,0.10463954,0.15461026,0.31269833,3.571962,2.7394586,-0.8444877
1747679459.7313166,0.10463954,0.15461026,0.31269833,3.571962,2.7394586,-0.8444877
1747679459.7318344,0.10463954,0.15461026,0.31269833,3.571962,2.7394586,-0.8444877
1747679459.732352,0.10463954,0.15461026,0.31269833,3.571962,2.7394586,-0.8444877
1747679459.73287,0.10463954,0.15461026,0.31269833,3.571962,2.7394586,-0.8444877
1747679459.7333887,0.10463954,0.15461026,0.31269833,3.571962,2.7394586,-0.8444877
1747679459.7339911,0.06803096,0.18340902,0.23655249,3.4984589,2.733067,-0.8242477
1747679459.734514,0.06803096,0.18340902,0.23655249,3.4984589,2.733067,-0.8242477
1747679459.7350333,0.06803096,0.18340902,0.23655249,3.4984589,2.733067,-0.8242477
1747679459.7355804,0.06803096,0.18340902,0.23655249,3.4984589,2.733067,-0.8242477
1747679459.7361307,0.06803096,0.18340902,0.23655249,3.4984589,2.733067,-0.8242477
1747679459.7367077,0.06803096,0.18340902,0.23655249,3.4984589,2.733067,-0.8242477
1747679459.737241,0.06803096,0.18340902,0.23655249,3.4984589,2.733067,-0.8242477
1747679459.7377613,0.06803096,0.18340902,0.23655249,3.4984589,2.733067,-0.8242477
1747679459.7382803,0.06803096,0.18340902,0.23655249,3.4984589,2.733067,-0.8242477
1747679459.7387986,0.06803096,0.18340902,0.23655249,3.4984589,2.733067,-0.8242477
1747679459.7393196,0.06803096,0.18340902,0.23655249,3.4984589,2.733067,-0.8242477
1747679459.7398388,0.06803096,0.18340902,0.23655249,3.4984589,2.733067,-0.8242477
1747679459.7403576,0.06803096,0.18340902,0.23655249,3.4984589,2.733067,-0.8242477
1747679459.7408798,0.027517455,0.21416025,0.1799312,3.4984589,2.733067,-0.8242477
1747679459.7413993,0.027517455,0.21416025,0.1799312,3.4984589,2.733067,-0.8242477
1747679459.7419178,0.027517455,0.21416025,0.1799312,3.4292169,2.5359933,-0.8061383
1747679459.7424555,0.027517455,0.21416025,0.1799312,3.4292169,2.5359933,-0.8061383
1747679459.7430084,0.027517455,0.21416025,0.1799312,3.4292169,2.5359933,-0.8061383
1747679459.743542,0.027517455,0.21416025,0.1799312,3.4292169,2.5359933,-0.8061383
1747679459.744078,0.027517455,0.21416025,0.1799312,3.4292169,2.5359933,-0.8061383
1747679459.7446163,0.027517455,0.21416025,0.1799312,3.4292169,2.5359933,-0.8061383
1747679459.745136,0.027517455,0.21416025,0.1799312,3.4292169,2.5359933,-0.8061383
1747679459.7456543,0.027517455,0.21416025,0.1799312,3.4292169,2.5359933,-0.8061383
1747679459.7461722,0.027517455,0.21416025,0.1799312,3.4292169,2.5359933,-0.8061383
1747679459.7466903,0.027517455,0.21416025,0.1799312,3.4292169,2.5359933,-0.8061383
1747679459.7472084,0.027517455,0.21416025,0.1799312,3.4292169,2.5359933,-0.8061383
1747679459.7477267,0.027517455,0.21416025,0.1799312,3.4292169,2.5359933,-0.8061383
1747679459.7482448,0.027517455,0.21416025,0.1799312,3.4292169,2.5359933,-0.8061383
1747679459.7487628,0.027517455,0.21416025,0.1799312,3.4292169,2.5359933,-0.8061383
1747679459.7492826,0.027517455,0.21416025,0.1799312,3.4292169,2.5359933,-0.8061383
1747679459.7498026,0.007992875,0.25272128,0.1594304,3.4292169,2.5359933,-0.8061383
1747679459.7503211,0.007992875,0.25272128,0.1594304,3.4292169,2.5359933,-0.8061383
1747679459.7508411,0.007992875,0.25272128,0.1594304,3.4292169,2.5359933,-0.8061383
1747679459.751374,0.007992875,0.25272128,0.1594304,3.377019,2.2579594,-0.7997467
1747679459.7519279,0.007992875,0.25272128,0.1594304,3.377019,2.2579594,-0.7997467
1747679459.7524724,0.007992875,0.25272128,0.1594304,3.377019,2.2579594,-0.7997467
1747679459.7530053,0.007992875,0.25272128,0.1594304,3.377019,2.2579594,-0.7997467
1747679459.7535255,0.007992875,0.25272128,0.1594304,3.377019,2.2579594,-0.7997467
1747679459.754044,0.007992875,0.25272128,0.1594304,3.377019,2.2579594,-0.7997467
1747679459.7545762,0.007992875,0.25272128,0.1594304,3.377019,2.2579594,-0.7997467
1747679459.7551155,0.007992875,0.25272128,0.1594304,3.377019,2.2579594,-0.7997467
1747679459.7556355,0.007992875,0.25272128,0.1594304,3.377019,2.2579594,-0.7997467
1747679459.7561536,0.007992875,0.25272128,0.1594304,3.377019,2.2579594,-0.7997467
1747679459.7566717,0.007992875,0.25272128,0.1594304,3.377019,2.2579594,-0.7997467
1747679459.75719,0.007992875,0.25272128,0.1594304,3.377019,2.2579594,-0.7997467
1747679459.7577345,0.007992875,0.25272128,0.1594304,3.377019,2.2579594,-0.7997467
1747679459.7582834,0.007992875,0.25272128,0.1594304,3.377019,2.2579594,-0.7997467
1747679459.7588167,0.007992875,0.25272128,0.1594304,3.377019,2.2579594,-0.7997467
1747679459.7593396,-0.02959194,0.29616347,0.115011975,3.377019,2.2579594,-0.7997467
1747679459.759861,-0.02959194,0.29616347,0.115011975,3.377019,2.2579594,-0.7997467
1747679459.7603824,-0.02959194,0.29616347,0.115011975,3.3418653,1.8212013,-0.80081195
1747679459.7609034,-0.02959194,0.29616347,0.115011975,3.3418653,1.8212013,-0.80081195
1747679459.7614245,-0.02959194,0.29616347,0.115011975,3.3418653,1.8212013,-0.80081195
1747679459.7619455,-0.02959194,0.29616347,0.115011975,3.3418653,1.8212013,-0.80081195
1747679459.7624662,-0.02959194,0.29616347,0.115011975,3.3418653,1.8212013,-0.80081195
1747679459.762987,-0.02959194,0.29616347,0.115011975,3.3418653,1.8212013,-0.80081195
1747679459.7635076,-0.02959194,0.29616347,0.115011975,3.3418653,1.8212013,-0.80081195
1747679459.764036,-0.02959194,0.29616347,0.115011975,3.3418653,1.8212013,-0.80081195
1747679459.764569,-0.02959194,0.29616347,0.115011975,3.3418653,1.8212013,-0.80081195
1747679459.7650917,-0.02959194,0.29616347,0.115011975,3.3418653,1.8212013,-0.80081195
1747679459.7656126,-0.02959194,0.29616347,0.115011975,3.3418653,1.8212013,-0.80081195
1747679459.7661417,-0.02959194,0.29616347,0.115011975,3.3418653,1.8212013,-0.80081195
1747679459.7666945,-0.02959194,0.29616347,0.115011975,3.3418653,1.8212013,-0.80081195
1747679459.7672453,-0.02959194,0.29616347,0.115011975,3.3418653,1.8212013,-0.80081195
1747679459.7677794,-0.02959194,0.29616347,0.115011975,3.3418653,1.8212013,-0.80081195
1747679459.7683015,-0.02959194,0.29616347,0.115011975,3.3418653,1.8212013,-0.80081195
1747679459.7688224,-0.02959194,0.29616347,0.115011975,3.3418653,1.8212013,-0.80081195
1747679459.7693434,-0.02959194,0.29616347,0.115011975,3.3418653,1.8212013,-0.80081195
1747679459.769865,-0.02959194,0.29616347,0.115011975,3.3418653,1.8212013,-0.80081195
1747679459.7704096,-0.02959194,0.29616347,0.115011975,3.3418653,1.8212013,-0.80081195
1747679459.7709312,-0.02959194,0.29616347,0.115011975,3.3418653,1.8212013,-0.80081195
1747679459.7714522,-0.02959194,0.29616347,0.115011975,3.3418653,1.8212013,-0.80081195
1747679459.7719734,-0.04228292,0.32300976,0.07010544,3.281145,1.5197318,-0.80081195
1747679459.7724974,-0.04228292,0.32300976,0.07010544,3.281145,1.5197318,-0.80081195
1747679459.7730572,-0.04228292,0.32300976,0.07010544,3.281145,1.5197318,-0.80081195
1747679459.7736166,-0.04228292,0.32300976,0.07010544,3.281145,1.5197318,-0.80081195
1747679459.7741807,-0.04228292,0.32300976,0.07010544,3.281145,1.5197318,-0.80081195
1747679459.7747316,-0.04228292,0.32300976,0.07010544,3.281145,1.5197318,-0.80081195
1747679459.7752643,-0.04228292,0.32300976,0.07010544,3.281145,1.5197318,-0.80081195
1747679459.7757843,-0.04228292,0.32300976,0.07010544,3.281145,1.5197318,-0.80081195
1747679459.7763028,-0.04228292,0.32300976,0.07010544,3.281145,1.5197318,-0.80081195
1747679459.776821,-0.04228292,0.32300976,0.07010544,3.281145,1.5197318,-0.80081195
1747679459.7773397,-0.04228292,0.32300976,0.07010544,3.281145,1.5197318,-0.80081195
1747679459.7778578,-0.04228292,0.32300976,0.07010544,3.281145,1.5197318,-0.80081195
1747679459.7783759,-0.04228292,0.32300976,0.07010544,3.281145,1.5197318,-0.80081195
1747679459.7788937,-0.04228292,0.32300976,0.07010544,3.281145,1.5197318,-0.80081195
1747679459.779412,-0.04228292,0.32300976,0.07010544,3.281145,1.5197318,-0.80081195
1747679459.77993,-0.04228292,0.32300976,0.07010544,3.281145,1.5197318,-0.80081195
1747679459.7804482,-0.04228292,0.32300976,0.07010544,3.281145,1.5197318,-0.80081195
1747679459.7809663,-0.04228292,0.32300976,0.07010544,3.281145,1.5197318,-0.80081195
1747679459.7814844,-0.04228292,0.32300976,0.07010544,3.281145,1.5197318,-0.80081195
1747679459.782034,-0.04228292,0.32300976,0.07010544,3.281145,1.5197318,-0.80081195
1747679459.7825804,-0.04228292,0.32300976,0.07010544,3.281145,1.5197318,-0.80081195
1747679459.783137,-0.04228292,0.32300976,0.07010544,3.281145,1.5197318,-0.80081195
1747679459.7836876,-0.04228292,0.32300976,0.07010544,3.281145,1.5197318,-0.80081195
1747679459.7842698,-0.04228292,0.32300976,0.07010544,3.1767492,1.3919001,-0.8018772
1747679459.7847993,-0.04228292,0.32300976,0.07010544,3.1767492,1.3919001,-0.8018772
1747679459.7853186,-0.04228292,0.32300976,0.07010544,3.1767492,1.3919001,-0.8018772
1747679459.7858374,-0.04228292,0.32300976,0.07010544,3.1767492,1.3919001,-0.8018772
1747679459.7863557,-0.04228292,0.32300976,0.07010544,3.1767492,1.3919001,-0.8018772
1747679459.7868738,-0.04228292,0.32300976,0.07010544,3.1767492,1.3919001,-0.8018772
1747679459.787392,-0.04228292,0.32300976,0.07010544,3.1767492,1.3919001,-0.8018772
1747679459.7879097,-0.04228292,0.32300976,0.07010544,3.1767492,1.3919001,-0.8018772
1747679459.7884486,-0.04228292,0.32300976,0.07010544,3.1767492,1.3919001,-0.8018772
1747679459.7889838,-0.04228292,0.32300976,0.07010544,3.1767492,1.3919001,-0.8018772
1747679459.789504,-0.04228292,0.32300976,0.07010544,3.1767492,1.3919001,-0.8018772
1747679459.7900229,-0.04228292,0.32300976,0.07010544,3.1767492,1.3919001,-0.8018772
1747679459.7905414,-0.04228292,0.32300976,0.07010544,3.1767492,1.3919001,-0.8018772
1747679459.7910597,-0.04228292,0.32300976,0.07010544,3.1767492,1.3919001,-0.8018772
1747679459.7915776,-0.04228292,0.32300976,0.07010544,3.1767492,1.3919001,-0.8018772
1747679459.7920957,-0.04228292,0.32300976,0.07010544,3.1767492,1.3919001,-0.8018772
1747679459.792614,-0.04228292,0.32300976,0.07010544,3.1767492,1.3919001,-0.8018772
1747679459.7931318,-0.04228292,0.32300976,0.07010544,3.1767492,1.3919001,-0.8018772
1747679459.7936502,-0.04228292,0.32300976,0.07010544,3.1767492,1.3919001,-0.8018772
1747679459.7941864,-0.04228292,0.32300976,0.07010544,3.1767492,1.3919001,-0.8018772
1747679459.794724,-0.053509556,0.358154,-0.020683851,3.0957892,1.4291843,-0.80720353
1747679459.7952437,-0.053509556,0.358154,-0.020683851,3.0957892,1.4291843,-0.80720353
1747679459.7957618,-0.053509556,0.358154,-0.020683851,3.0957892,1.4291843,-0.80720353
1747679459.7962801,-0.053509556,0.358154,-0.020683851,3.0957892,1.4291843,-0.80720353
1747679459.7967978,-0.053509556,0.358154,-0.020683851,3.0957892,1.4291843,-0.80720353
1747679459.7973156,-0.053509556,0.358154,-0.020683851,3.0957892,1.4291843,-0.80720353
1747679459.797845,-0.053509556,0.358154,-0.020683851,3.0957892,1.4291843,-0.80720353
1747679459.7983994,-0.053509556,0.358154,-0.020683851,3.0957892,1.4291843,-0.80720353
1747679459.7989478,-0.053509556,0.358154,-0.020683851,3.0957892,1.4291843,-0.80720353
1747679459.7994807,-0.053509556,0.358154,-0.020683851,3.0957892,1.4291843,-0.80720353
1747679459.8000002,-0.053509556,0.358154,-0.020683851,3.0957892,1.4291843,-0.80720353
1747679459.800519,-0.053509556,0.358154,-0.020683851,3.0957892,1.4291843,-0.80720353
1747679459.8010373,-0.053509556,0.358154,-0.020683851,3.0957892,1.4291843,-0.80720353
1747679459.8015554,-0.053509556,0.358154,-0.020683851,3.0957892,1.4291843,-0.80720353
1747679459.8020732,-0.053509556,0.358154,-0.020683851,3.0957892,1.4291843,-0.80720353
1747679459.802591,-0.053509556,0.358154,-0.020683851,3.0957892,1.4291843,-0.80720353
1747679459.8031092,-0.053509556,0.358154,-0.020683851,3.0957892,1.4291843,-0.80720353
1747679459.8036585,-0.053509556,0.358154,-0.020683851,3.0957892,1.4291843,-0.80720353
1747679459.8042228,-0.053509556,0.358154,-0.020683851,3.0957892,1.4291843,-0.80720353
1747679459.8047733,-0.053509556,0.358154,-0.020683851,3.0957892,1.4291843,-0.80720353
1747679459.805315,-0.053509556,0.358154,-0.020683851,3.0957892,1.4291843,-0.80720353
1747679459.8058476,-0.053509556,0.358154,-0.020683851,3.0957892,1.4291843,-0.80720353
1747679459.8063672,-0.053509556,0.358154,-0.020683851,3.0957892,1.4291843,-0.80720353
1747679459.806886,-0.053509556,0.358154,-0.020683851,3.0957892,1.4291843,-0.80720353
1747679459.807404,-0.053509556,0.358154,-0.020683851,3.0957892,1.4291843,-0.80720353
1747679459.8079221,-0.053509556,0.358154,-0.020683851,3.0957892,1.4291843,-0.80720353
1747679459.8084402,-0.053509556,0.358154,-0.020683851,3.0957892,1.4291843,-0.80720353
1747679459.8089585,-0.053509556,0.358154,-0.020683851,3.0957892,1.4291843,-0.80720353
1747679459.8094766,-0.053509556,0.358154,-0.020683851,3.0957892,1.4291843,-0.80720353
1747679459.8099945,-0.053509556,0.358154,-0.020683851,3.0957892,1.4291843,-0.80720353
1747679459.8105123,-0.053509556,0.358154,-0.020683851,3.0957892,1.4291843,-0.80720353
1747679459.8110306,-0.053509556,0.358154,-0.020683851,3.0957892,1.4291843,-0.80720353
1747679459.8115485,-0.053509556,0.358154,-0.020683851,3.0957892,1.4291843,-0.80720353
1747679459.8120663,-0.053509556,0.358154,-0.020683851,3.0957892,1.4291843,-0.80720353
1747679459.8125844,-0.053509556,0.358154,-0.020683851,3.0957892,1.4291843,-0.80720353
1747679459.8131022,-0.053509556,0.358154,-0.020683851,3.0957892,1.4291843,-0.80720353
1747679459.8136358,-0.053509556,0.358154,-0.020683851,3.0957892,1.4291843,-0.80720353
1747679459.814207,-0.053509556,0.358154,-0.020683851,3.0957892,1.4291843,-0.80720353
1747679459.8147583,-0.053509556,0.358154,-0.020683851,3.0957892,1.4291843,-0.80720353
1747679459.815291,-0.053509556,0.358154,-0.020683851,3.0957892,1.4291843,-0.80720353
1747679459.815811,-0.053509556,0.358154,-0.020683851,3.0957892,1.4291843,-0.80720353
1747679459.8163295,-0.053509556,0.358154,-0.020683851,3.0957892,1.4291843,-0.80720353
1747679459.8168478,-0.053509556,0.358154,-0.020683851,3.0957892,1.4291843,-0.80720353
1747679459.8173666,-0.053509556,0.358154,-0.020683851,3.0957892,1.4291843,-0.80720353
1747679459.817885,-0.053509556,0.358154,-0.020683851,3.0957892,1.4291843,-0.80720353
1747679459.818403,-0.053509556,0.358154,-0.020683851,3.0957892,1.4291843,-0.80720353
1747679459.8189552,-0.053509556,0.358154,-0.020683851,3.0957892,1.4291843,-0.80720353
1747679459.8195245,-0.053509556,0.358154,-0.020683851,3.0957892,1.4291843,-0.80720353
1747679459.8200536,-0.053509556,0.358154,-0.020683851,3.0957892,1.4291843,-0.80720353
1747679459.8205729,-0.053509556,0.358154,-0.020683851,3.0957892,1.4291843,-0.80720353
1747679459.8210917,-0.053509556,0.358154,-0.020683851,3.0957892,1.4291843,-0.80720353
1747679459.8216097,-0.053509556,0.358154,-0.020683851,3.0957892,1.4291843,-0.80720353
1747679459.8221276,-0.053509556,0.358154,-0.020683851,3.0957892,1.4291843,-0.80720353
1747679459.8226454,-0.053509556,0.358154,-0.020683851,3.0957892,1.4291843,-0.80720353
1747679459.8231637,-0.053509556,0.358154,-0.020683851,3.0957892,1.4291843,-0.80720353
1747679459.8236887,-0.053509556,0.358154,-0.020683851,3.0957892,1.4291843,-0.80720353
1747679459.8242161,-0.053509556,0.358154,-0.020683851,3.0957892,1.4291843,-0.80720353
1747679459.8247366,-0.053509556,0.358154,-0.020683851,3.0957892,1.4291843,-0.80720353
1747679459.825255,-0.053509556,0.358154,-0.020683851,3.0957892,1.4291843,-0.80720353
1747679459.825773,-0.053509556,0.358154,-0.020683851,3.0957892,1.4291843,-0.80720353
1747679459.8262918,-0.053509556,0.358154,-0.020683851,3.0957892,1.4291843,-0.80720353
1747679459.8268101,-0.053509556,0.358154,-0.020683851,3.0957892,1.4291843,-0.80720353
1747679459.827328,-0.053509556,0.358154,-0.020683851,3.0957892,1.4291843,-0.80720353
1747679459.8278458,-0.053509556,0.358154,-0.020683851,3.0957892,1.4291843,-0.80720353
1747679459.8283908,-0.053509556,0.358154,-0.020683851,3.0957892,1.4291843,-0.80720353
1747679459.8289397,-0.053509556,0.358154,-0.020683851,3.0957892,1.4291843,-0.80720353
1747679459.829515,-0.053509556,0.358154,-0.020683851,3.0957892,1.4291843,-0.80720353
1747679459.8300483,-0.053509556,0.358154,-0.020683851,3.0957892,1.4291843,-0.80720353
1747679459.8305678,-0.053509556,0.358154,-0.020683851,3.0957892,1.4291843,-0.80720353
1747679459.8310866,-0.053509556,0.358154,-0.020683851,3.0957892,1.4291843,-0.80720353
1747679459.8316047,-0.053509556,0.358154,-0.020683851,3.0957892,1.4291843,-0.80720353
1747679459.832123,-0.053509556,0.358154,-0.020683851,3.0957892,1.4291843,-0.80720353
1747679459.8326416,-0.053509556,0.358154,-0.020683851,3.0957892,1.4291843,-0.80720353
1747679459.83316,-0.053509556,0.358154,-0.020683851,3.0957892,1.4291843,-0.80720353
1747679459.8336778,-0.053509556,0.358154,-0.020683851,3.0957892,1.4291843,-0.80720353
1747679459.8342404,-0.053509556,0.358154,-0.020683851,3.0957892,1.4291843,-0.80720353
1747679459.8348022,-0.053509556,0.358154,-0.020683851,3.0957892,1.4291843,-0.80720353
1747679459.8353455,-0.053509556,0.358154,-0.020683851,3.0957892,1.4291843,-0.80720353
1747679459.8358703,-0.053509556,0.358154,-0.020683851,3.0957892,1.4291843,-0.80720353
1747679459.8363888,-0.053509556,0.358154,-0.020683851,3.0957892,1.4291843,-0.80720353
1747679459.8369071,-0.053509556,0.358154,-0.020683851,3.0957892,1.4291843,-0.80720353
1747679459.8374703,-0.053509556,0.358154,-0.020683851,3.0957892,1.4291843,-0.80720353
1747679459.8379896,-0.053509556,0.358154,-0.020683851,3.0957892,1.4291843,-0.80720353
1747679459.838508,-0.053509556,0.358154,-0.020683851,3.0957892,1.4291843,-0.80720353
1747679459.8390257,-0.053509556,0.358154,-0.020683851,3.0957892,1.4291843,-0.80720353
1747679459.8395436,-0.053509556,0.358154,-0.020683851,3.0957892,1.4291843,-0.80720353
1747679459.8400612,-0.053509556,0.358154,-0.020683851,3.0957892,1.4291843,-0.80720353
1747679459.840579,-0.053509556,0.358154,-0.020683851,3.0957892,1.4291843,-0.80720353
1747679459.8410969,-0.053509556,0.358154,-0.020683851,3.0957892,1.4291843,-0.80720353
1747679459.841615,-0.053509556,0.358154,-0.020683851,3.0957892,1.4291843,-0.80720353
1747679459.8421326,-0.053509556,0.358154,-0.020683851,3.0957892,1.4291843,-0.80720353
1747679459.8426504,-0.053509556,0.358154,-0.020683851,3.0957892,1.4291843,-0.80720353
1747679459.843168,-0.053509556,0.358154,-0.020683851,3.0957892,1.4291843,-0.80720353
1747679459.8436937,-0.053509556,0.358154,-0.020683851,3.0957892,1.4291843,-0.80720353
1747679459.844231,-0.053509556,0.358154,-0.020683851,3.0957892,1.4291843,-0.80720353
1747679459.8447897,-0.053509556,0.358154,-0.020683851,2.6355953,1.6102792,-0.62504345
1747679459.8453474,-0.053509556,0.358154,-0.020683851,2.6355953,1.6102792,-0.62504345
1747679459.8458898,-0.053509556,0.358154,-0.020683851,2.6355953,1.6102792,-0.62504345
1747679459.8464222,-0.053509556,0.358154,-0.020683851,2.6355953,1.6102792,-0.62504345
1747679459.8469417,-0.053509556,0.358154,-0.020683851,2.6355953,1.6102792,-0.62504345
1747679459.8474605,-0.053509556,0.358154,-0.020683851,2.6355953,1.6102792,-0.62504345
1747679459.8479793,-0.19506276,0.51386255,-0.32380295,2.6355953,1.6102792,-0.62504345
1747679459.848498,-0.19506276,0.51386255,-0.32380295,2.6355953,1.6102792,-0.62504345
1747679459.849021,-0.19506276,0.51386255,-0.32380295,2.6355953,1.6102792,-0.62504345
1747679459.8495588,-0.19506276,0.51386255,-0.32380295,2.6355953,1.6102792,-0.62504345
1747679459.8501124,-0.19506276,0.51386255,-0.32380295,2.6355953,1.6102792,-0.62504345
1747679459.850638,-0.19506276,0.51386255,-0.32380295,2.4960458,1.3460938,-0.58669394
1747679459.8511574,-0.19506276,0.51386255,-0.32380295,2.4960458,1.3460938,-0.58669394
1747679459.8516762,-0.19506276,0.51386255,-0.32380295,2.4960458,1.3460938,-0.58669394
1747679459.8521948,-0.21117054,0.5690195,-0.39506766,2.4960458,1.3460938,-0.58669394
1747679459.852713,-0.21117054,0.5690195,-0.39506766,2.4960458,1.3460938,-0.58669394
1747679459.8532314,-0.21117054,0.5690195,-0.39506766,2.4960458,1.3460938,-0.58669394
1747679459.8537576,-0.21117054,0.5690195,-0.39506766,2.4960458,1.3460938,-0.58669394
1747679459.8542845,-0.21117054,0.5690195,-0.39506766,2.4960458,1.3460938,-0.58669394
1747679459.854804,-0.21117054,0.5690195,-0.39506766,2.4960458,1.3460938,-0.58669394
1747679459.8553224,-0.21117054,0.5690195,-0.39506766,2.4960458,1.3460938,-0.58669394
1747679459.8558404,-0.21117054,0.5690195,-0.39506766,2.4960458,1.3460938,-0.58669394
1747679459.8563583,-0.21117054,0.5690195,-0.39506766,2.4960458,1.3460938,-0.58669394
1747679459.8568764,-0.21117054,0.5690195,-0.39506766,2.4960458,1.3460938,-0.58669394
1747679459.857397,-0.21117054,0.5690195,-0.39506766,2.4960458,1.3460938,-0.58669394
1747679459.8579183,-0.21117054,0.5690195,-0.39506766,2.4960458,1.3460938,-0.58669394
1747679459.8584392,-0.21117054,0.5690195,-0.39506766,2.4960458,1.3460938,-0.58669394
1747679459.85896,-0.21117054,0.5690195,-0.39506766,2.4960458,1.3460938,-0.58669394
1747679459.8594952,-0.21117054,0.5690195,-0.39506766,2.4960458,1.3460938,-0.58669394
1747679459.8600302,-0.21117054,0.5690195,-0.39506766,2.4960458,1.3460938,-0.58669394
1747679459.860561,-0.21117054,0.5690195,-0.39506766,2.4960458,1.3460938,-0.58669394
1747679459.8611188,-0.21117054,0.5690195,-0.39506766,2.4960458,1.3460938,-0.58669394
1747679459.8616748,-0.21507545,0.6017232,-0.43509305,2.3501048,1.0350368,-0.5653887
1747679459.8622227,-0.21507545,0.6017232,-0.43509305,2.3501048,1.0350368,-0.5653887
1747679459.8627584,-0.21507545,0.6017232,-0.43509305,2.3501048,1.0350368,-0.5653887
1747679459.86328,-0.21507545,0.6017232,-0.43509305,2.3501048,1.0350368,-0.5653887
1747679459.8638058,-0.21507545,0.6017232,-0.43509305,2.3501048,1.0350368,-0.5653887
1747679459.864335,-0.21507545,0.6017232,-0.43509305,2.3501048,1.0350368,-0.5653887
1747679459.8649225,-0.21507545,0.6017232,-0.43509305,2.3501048,1.0350368,-0.5653887
1747679459.8654807,-0.21507545,0.6017232,-0.43509305,2.3501048,1.0350368,-0.5653887
1747679459.8660333,-0.21507545,0.6017232,-0.43509305,2.3501048,1.0350368,-0.5653887
1747679459.8665903,-0.21507545,0.6017232,-0.43509305,2.3501048,1.0350368,-0.5653887
1747679459.8671613,-0.21507545,0.6017232,-0.43509305,2.3501048,1.0350368,-0.5653887
1747679459.867697,-0.21507545,0.6017232,-0.43509305,2.3501048,1.0350368,-0.5653887
1747679459.868219,-0.21507545,0.6017232,-0.43509305,2.3501048,1.0350368,-0.5653887
1747679459.8687398,-0.21507545,0.6017232,-0.43509305,2.3501048,1.0350368,-0.5653887
1747679459.8692605,-0.21507545,0.6017232,-0.43509305,2.3501048,1.0350368,-0.5653887
1747679459.8697815,-0.21507545,0.6017232,-0.43509305,2.3501048,1.0350368,-0.5653887
1747679459.8703024,-0.21507545,0.6017232,-0.43509305,2.3501048,1.0350368,-0.5653887
1747679459.8708236,-0.20531316,0.62612885,-0.456082,2.3501048,1.0350368,-0.5653887
1747679459.8713481,-0.20531316,0.62612885,-0.456082,2.3501048,1.0350368,-0.5653887
1747679459.8718717,-0.20531316,0.62612885,-0.456082,2.3501048,1.0350368,-0.5653887
1747679459.8723955,-0.20531316,0.62612885,-0.456082,2.3501048,1.0350368,-0.5653887
1747679459.8729029,-0.20531316,0.62612885,-0.456082,2.3501048,1.0350368,-0.5653887
1747679459.8734221,-0.20531316,0.62612885,-0.456082,2.218012,0.7708514,-0.5526055
1747679459.8739505,-0.20531316,0.62612885,-0.456082,2.218012,0.7708514,-0.5526055
1747679459.8744786,-0.20531316,0.62612885,-0.456082,2.218012,0.7708514,-0.5526055
1747679459.8749983,-0.20531316,0.62612885,-0.456082,2.218012,0.7708514,-0.5526055
1747679459.8755167,-0.20531316,0.62612885,-0.456082,2.218012,0.7708514,-0.5526055
1747679459.8760672,-0.20531316,0.62612885,-0.456082,2.218012,0.7708514,-0.5526055
1747679459.8766215,-0.20531316,0.62612885,-0.456082,2.218012,0.7708514,-0.5526055
1747679459.877193,-0.20531316,0.62612885,-0.456082,2.218012,0.7708514,-0.5526055
1747679459.8777263,-0.20531316,0.62612885,-0.456082,2.218012,0.7708514,-0.5526055
1747679459.8782458,-0.20531316,0.62612885,-0.456082,2.218012,0.7708514,-0.5526055
1747679459.8787644,-0.20531316,0.62612885,-0.456082,2.218012,0.7708514,-0.5526055
1747679459.8792827,-0.20531316,0.62612885,-0.456082,2.218012,0.7708514,-0.5526055
1747679459.879801,-0.20531316,0.62612885,-0.456082,2.218012,0.7708514,-0.5526055
1747679459.8803399,-0.20531316,0.62612885,-0.456082,2.218012,0.7708514,-0.5526055
1747679459.880883,-0.20531316,0.62612885,-0.456082,2.218012,0.7708514,-0.5526055
1747679459.8814082,-0.20531316,0.62612885,-0.456082,2.218012,0.7708514,-0.5526055
1747679459.8819273,-0.20531316,0.62612885,-0.456082,2.218012,0.7708514,-0.5526055
1747679459.8824453,-0.20531316,0.62612885,-0.456082,2.218012,0.7708514,-0.5526055
1747679459.882964,-0.19311029,0.63345057,-0.48780945,2.121073,0.6685861,-0.55580133
1747679459.883483,-0.19311029,0.63345057,-0.48780945,2.121073,0.6685861,-0.55580133
1747679459.8840094,-0.19311029,0.63345057,-0.48780945,2.121073,0.6685861,-0.55580133
1747679459.8845375,-0.19311029,0.63345057,-0.48780945,2.121073,0.6685861,-0.55580133
1747679459.885057,-0.19311029,0.63345057,-0.48780945,2.121073,0.6685861,-0.55580133
1747679459.8855755,-0.19311029,0.63345057,-0.48780945,2.121073,0.6685861,-0.55580133
1747679459.8860936,-0.19311029,0.63345057,-0.48780945,2.121073,0.6685861,-0.55580133
1747679459.886612,-0.19311029,0.63345057,-0.48780945,2.121073,0.6685861,-0.55580133
1747679459.8871295,-0.19311029,0.63345057,-0.48780945,2.121073,0.6685861,-0.55580133
1747679459.8876474,-0.19311029,0.63345057,-0.48780945,2.121073,0.6685861,-0.55580133
1747679459.8881655,-0.19311029,0.63345057,-0.48780945,2.121073,0.6685861,-0.55580133
1747679459.8886836,-0.19311029,0.63345057,-0.48780945,2.121073,0.6685861,-0.55580133
1747679459.8892038,-0.19311029,0.63345057,-0.48780945,2.121073,0.6685861,-0.55580133
1747679459.8897243,-0.18139556,0.65834445,-0.55272865,1.9367825,0.5844303,-0.574976
1747679459.8902428,-0.18139556,0.65834445,-0.55272865,1.9367825,0.5844303,-0.574976
1747679459.890761,-0.18139556,0.65834445,-0.55272865,1.9367825,0.5844303,-0.574976
1747679459.8912785,-0.18139556,0.65834445,-0.55272865,1.9367825,0.5844303,-0.574976
1747679459.8918235,-0.18139556,0.65834445,-0.55272865,1.9367825,0.5844303,-0.574976
1747679459.8923717,-0.18139556,0.65834445,-0.55272865,1.9367825,0.5844303,-0.574976
1747679459.892946,-0.18139556,0.65834445,-0.55272865,1.9367825,0.5844303,-0.574976
1747679459.8934789,-0.18139556,0.65834445,-0.55272865,1.9367825,0.5844303,-0.574976
1747679459.8939989,-0.18139556,0.65834445,-0.55272865,1.9367825,0.5844303,-0.574976
1747679459.8945308,-0.18139556,0.65834445,-0.55272865,1.9367825,0.5844303,-0.574976
1747679459.8950691,-0.18139556,0.65834445,-0.55272865,1.9367825,0.5844303,-0.574976
1747679459.8956122,-0.18139556,0.65834445,-0.55272865,1.9367825,0.5844303,-0.574976
1747679459.896166,-0.18139556,0.65834445,-0.55272865,1.9367825,0.5844303,-0.574976
1747679459.896704,-0.18139556,0.65834445,-0.55272865,1.9367825,0.5844303,-0.574976
1747679459.8972516,-0.18139556,0.65834445,-0.55272865,1.9367825,0.5844303,-0.574976
1747679459.8977911,-0.18139556,0.65834445,-0.55272865,1.9367825,0.5844303,-0.574976
1747679459.8983243,-0.18139556,0.65834445,-0.55272865,1.9367825,0.5844303,-0.574976
1747679459.898844,-0.18139556,0.65834445,-0.55272865,1.9367825,0.5844303,-0.574976
1747679459.8993647,-0.18139556,0.65834445,-0.55272865,1.9367825,0.5844303,-0.574976
1747679459.8998854,-0.17797874,0.6881194,-0.5873848,1.7769929,0.5450155,-0.6079992
1747679459.9004042,-0.17797874,0.6881194,-0.5873848,1.7769929,0.5450155,-0.6079992
1747679459.9009225,-0.17797874,0.6881194,-0.5873848,1.7769929,0.5450155,-0.6079992
1747679459.901441,-0.17797874,0.6881194,-0.5873848,1.7769929,0.5450155,-0.6079992
1747679459.9019594,-0.17797874,0.6881194,-0.5873848,1.7769929,0.5450155,-0.6079992
1747679459.9024777,-0.17797874,0.6881194,-0.5873848,1.7769929,0.5450155,-0.6079992
1747679459.902996,-0.17797874,0.6881194,-0.5873848,1.7769929,0.5450155,-0.6079992
1747679459.9035144,-0.17797874,0.6881194,-0.5873848,1.7769929,0.5450155,-0.6079992
1747679459.9040415,-0.17797874,0.6881194,-0.5873848,1.7769929,0.5450155,-0.6079992
1747679459.904569,-0.17797874,0.6881194,-0.5873848,1.7769929,0.5450155,-0.6079992
1747679459.9050887,-0.17797874,0.6881194,-0.5873848,1.7769929,0.5450155,-0.6079992
1747679459.9056072,-0.17797874,0.6881194,-0.5873848,1.7769929,0.5450155,-0.6079992
1747679459.9061253,-0.17797874,0.6881194,-0.5873848,1.7769929,0.5450155,-0.6079992
1747679459.9066434,-0.17797874,0.6881194,-0.5873848,1.7769929,0.5450155,-0.6079992
1747679459.907162,-0.17797874,0.6881194,-0.5873848,1.7769929,0.5450155,-0.6079992
1747679459.9076974,-0.17797874,0.6881194,-0.5873848,1.7769929,0.5450155,-0.6079992
1747679459.9082618,-0.17797874,0.6881194,-0.5873848,1.7769929,0.5450155,-0.6079992
1747679459.9088116,-0.21409921,0.7071559,-0.6088618,1.7769929,0.5450155,-0.6079992
1747679459.9093447,-0.21409921,0.7071559,-0.6088618,1.6225296,0.5364934,-0.63143504
1747679459.9098647,-0.21409921,0.7071559,-0.6088618,1.6225296,0.5364934,-0.63143504
1747679459.910383,-0.21409921,0.7071559,-0.6088618,1.6225296,0.5364934,-0.63143504
1747679459.9109275,-0.21409921,0.7071559,-0.6088618,1.6225296,0.5364934,-0.63143504
1747679459.911473,-0.21409921,0.7071559,-0.6088618,1.6225296,0.5364934,-0.63143504
1747679459.9119987,-0.21409921,0.7071559,-0.6088618,1.6225296,0.5364934,-0.63143504
1747679459.9125175,-0.21409921,0.7071559,-0.6088618,1.6225296,0.5364934,-0.63143504
1747679459.9130359,-0.21409921,0.7071559,-0.6088618,1.6225296,0.5364934,-0.63143504
1747679459.913554,-0.21409921,0.7071559,-0.6088618,1.6225296,0.5364934,-0.63143504
1747679459.9140868,-0.21409921,0.7071559,-0.6088618,1.6225296,0.5364934,-0.63143504
1747679459.9146233,-0.21409921,0.7071559,-0.6088618,1.6225296,0.5364934,-0.63143504
1747679459.915143,-0.21409921,0.7071559,-0.6088618,1.6225296,0.5364934,-0.63143504
1747679459.9156613,-0.21409921,0.7071559,-0.6088618,1.6225296,0.5364934,-0.63143504
1747679459.9161792,-0.21409921,0.7071559,-0.6088618,1.6225296,0.5364934,-0.63143504
1747679459.916697,-0.21409921,0.7071559,-0.6088618,1.6225296,0.5364934,-0.63143504
1747679459.9172153,-0.21409921,0.7071559,-0.6088618,1.6225296,0.5364934,-0.63143504
1747679459.9177334,-0.21409921,0.7071559,-0.6088618,1.6225296,0.5364934,-0.63143504
1747679459.9182513,-0.21409921,0.7071559,-0.6088618,1.6225296,0.5364934,-0.63143504
1747679459.9187694,-0.21409921,0.7071559,-0.6088618,1.6225296,0.5364934,-0.63143504
1747679459.9192867,-0.21409921,0.7071559,-0.6088618,1.6225296,0.5364934,-0.63143504
1747679459.9198048,-0.21409921,0.7071559,-0.6088618,1.6225296,0.5364934,-0.63143504
1747679459.920323,-0.21409921,0.7071559,-0.6088618,1.6225296,0.5364934,-0.63143504
1747679459.9208407,-0.21409921,0.7071559,-0.6088618,1.6225296,0.5364934,-0.63143504
1747679459.9213583,-0.21409921,0.7071559,-0.6088618,1.6225296,0.5364934,-0.63143504
1747679459.9218786,-0.21409921,0.7071559,-0.6088618,1.6225296,0.5364934,-0.63143504
1747679459.9224317,-0.24143364,0.7135014,-0.6044688,1.5170686,0.55886394,-0.6346308
1747679459.9229958,-0.24143364,0.7135014,-0.6044688,1.5170686,0.55886394,-0.6346308
1747679459.9235456,-0.24143364,0.7135014,-0.6044688,1.5170686,0.55886394,-0.6346308
1747679459.9240954,-0.24143364,0.7135014,-0.6044688,1.5170686,0.55886394,-0.6346308
1747679459.9246588,-0.24143364,0.7135014,-0.6044688,1.5170686,0.55886394,-0.6346308
1747679459.925209,-0.24143364,0.7135014,-0.6044688,1.5170686,0.55886394,-0.6346308
1747679459.9257462,-0.24143364,0.7135014,-0.6044688,1.5170686,0.55886394,-0.6346308
1747679459.926303,-0.24143364,0.7135014,-0.6044688,1.5170686,0.55886394,-0.6346308
1747679459.9268663,-0.24143364,0.7135014,-0.6044688,1.5170686,0.55886394,-0.6346308
1747679459.9274228,-0.24143364,0.7135014,-0.6044688,1.5170686,0.55886394,-0.6346308
1747679459.9279697,-0.24143364,0.7135014,-0.6044688,1.5170686,0.55886394,-0.6346308
1747679459.9285085,-0.24143364,0.7135014,-0.6044688,1.5170686,0.55886394,-0.6346308
1747679459.929046,-0.24143364,0.7135014,-0.6044688,1.5170686,0.55886394,-0.6346308
1747679459.929583,-0.24143364,0.7135014,-0.6044688,1.5170686,0.55886394,-0.6346308
1747679459.9301195,-0.24143364,0.7135014,-0.6044688,1.5170686,0.55886394,-0.6346308
1747679459.9306564,-0.24143364,0.7135014,-0.6044688,1.5170686,0.55886394,-0.6346308
1747679459.931197,-0.24143364,0.7135014,-0.6044688,1.5170686,0.55886394,-0.6346308
1747679459.9317327,-0.24143364,0.7135014,-0.6044688,1.5170686,0.55886394,-0.6346308
1747679459.9322689,-0.24143364,0.7135014,-0.6044688,1.5170686,0.55886394,-0.6346308
1747679459.9328046,-0.24143364,0.7135014,-0.6044688,1.5170686,0.55886394,-0.6346308
1747679459.9333408,-0.26876804,0.712037,-0.59665895,1.4286517,0.55886394,-0.6207824
1747679459.9338944,-0.26876804,0.712037,-0.59665895,1.4286517,0.55886394,-0.6207824
1747679459.9344494,-0.26876804,0.712037,-0.59665895,1.4286517,0.55886394,-0.6207824
1747679459.934994,-0.26876804,0.712037,-0.59665895,1.4286517,0.55886394,-0.6207824
1747679459.935531,-0.26876804,0.712037,-0.59665895,1.4286517,0.55886394,-0.6207824
1747679459.936067,-0.26876804,0.712037,-0.59665895,1.4286517,0.55886394,-0.6207824
1747679459.9366028,-0.26876804,0.712037,-0.59665895,1.4286517,0.55886394,-0.6207824
1747679459.9371355,-0.26876804,0.712037,-0.59665895,1.4286517,0.55886394,-0.6207824
1747679459.937667,-0.26876804,0.712037,-0.59665895,1.4286517,0.55886394,-0.6207824
1747679459.9382026,-0.26876804,0.712037,-0.59665895,1.4286517,0.55886394,-0.6207824
1747679459.938759,-0.26876804,0.712037,-0.59665895,1.4286517,0.55886394,-0.6207824
1747679459.9393375,-0.26876804,0.712037,-0.59665895,1.4286517,0.55886394,-0.6207824
1747679459.9398708,-0.26876804,0.712037,-0.59665895,1.4286517,0.55886394,-0.6207824
1747679459.9403906,-0.26876804,0.712037,-0.59665895,1.4286517,0.55886394,-0.6207824
1747679459.9409094,-0.26876804,0.712037,-0.59665895,1.4286517,0.55886394,-0.6207824
1747679459.9414604,-0.26876804,0.712037,-0.59665895,1.4286517,0.55886394,-0.6207824
1747679459.942021,-0.26876804,0.712037,-0.59665895,1.4286517,0.55886394,-0.6207824
1747679459.9425504,-0.26876804,0.712037,-0.59665895,1.4286517,0.55886394,-0.6207824
1747679459.9430702,-0.26876804,0.712037,-0.59665895,1.4286517,0.55886394,-0.6207824
1747679459.9435909,-0.26876804,0.712037,-0.59665895,1.4286517,0.55886394,-0.6207824
1747679459.9441211,-0.29903114,0.71935874,-0.6332675,1.3647358,0.5844303,-0.57178026
1747679459.9446495,-0.29903114,0.71935874,-0.6332675,1.3647358,0.5844303,-0.57178026
1747679459.9451694,-0.29903114,0.71935874,-0.6332675,1.3647358,0.5844303,-0.57178026
1747679459.9456875,-0.29903114,0.71935874,-0.6332675,1.3647358,0.5844303,-0.57178026
1747679459.9462054,-0.29903114,0.71935874,-0.6332675,1.3647358,0.5844303,-0.57178026
1747679459.9467237,-0.29903114,0.71935874,-0.6332675,1.3647358,0.5844303,-0.57178026
1747679459.9472418,-0.29903114,0.71935874,-0.6332675,1.3647358,0.5844303,-0.57178026
1747679459.9477599,-0.29903114,0.71935874,-0.6332675,1.3647358,0.5844303,-0.57178026
1747679459.9482777,-0.29903114,0.71935874,-0.6332675,1.3647358,0.5844303,-0.57178026
1747679459.9487953,-0.29903114,0.71935874,-0.6332675,1.3647358,0.5844303,-0.57178026
1747679459.9493132,-0.29903114,0.71935874,-0.6332675,1.3647358,0.5844303,-0.57178026
1747679459.949831,-0.29903114,0.71935874,-0.6332675,1.3647358,0.5844303,-0.57178026
1747679459.9503486,-0.29903114,0.71935874,-0.6332675,1.3647358,0.5844303,-0.57178026
1747679459.9508665,-0.29903114,0.71935874,-0.6332675,1.3647358,0.5844303,-0.57178026
1747679459.9513845,-0.29903114,0.71935874,-0.6332675,1.3647358,0.5844303,-0.57178026
1747679459.9519024,-0.29903114,0.71935874,-0.6332675,1.3647358,0.5844303,-0.57178026
1747679459.95242,-0.29903114,0.71935874,-0.6332675,1.3647358,0.5844303,-0.57178026
1747679459.9529383,-0.29903114,0.71935874,-0.6332675,1.3647358,0.5844303,-0.57178026
1747679459.9534562,-0.29903114,0.71935874,-0.6332675,1.3647358,0.5844303,-0.57178026
1747679459.953987,-0.28731638,0.7237518,-0.68988883,1.3189296,0.6451503,-0.5408876
1747679459.9545572,-0.28731638,0.7237518,-0.68988883,1.3189296,0.6451503,-0.5408876
1747679459.9551032,-0.28731638,0.7237518,-0.68988883,1.3189296,0.6451503,-0.5408876
1747679459.9556296,-0.28731638,0.7237518,-0.68988883,1.3189296,0.6451503,-0.5408876
1747679459.9561481,-0.28731638,0.7237518,-0.68988883,1.3189296,0.6451503,-0.5408876
1747679459.956693,-0.28731638,0.7237518,-0.68988883,1.3189296,0.6451503,-0.5408876
1747679459.9572456,-0.28731638,0.7237518,-0.68988883,1.3189296,0.6451503,-0.5408876
1747679459.9577916,-0.28731638,0.7237518,-0.68988883,1.3189296,0.6451503,-0.5408876
1747679459.958378,-0.28731638,0.7237518,-0.68988883,1.3189296,0.6451503,-0.5408876
1747679459.9589458,-0.28731638,0.7237518,-0.68988883,1.3189296,0.6451503,-0.5408876
1747679459.9594705,-0.28585204,0.7242399,-0.76554656,1.3189296,0.6451503,-0.5408876
1747679459.9599934,-0.28585204,0.7242399,-0.76554656,1.3189296,0.6451503,-0.5408876
1747679459.9605145,-0.28585204,0.7242399,-0.76554656,1.3189296,0.6451503,-0.5408876
1747679459.9610355,-0.28585204,0.7242399,-0.76554656,1.3189296,0.6451503,-0.5408876
1747679459.9615571,-0.28585204,0.7242399,-0.76554656,1.2656664,0.67497766,-0.54195285
1747679459.9620788,-0.28585204,0.7242399,-0.76554656,1.2656664,0.67497766,-0.54195285
1747679459.9626,-0.28585204,0.7242399,-0.76554656,1.2656664,0.67497766,-0.54195285
1747679459.963121,-0.28585204,0.7242399,-0.76554656,1.2656664,0.67497766,-0.54195285
1747679459.9636486,-0.28585204,0.7242399,-0.76554656,1.2656664,0.67497766,-0.54195285
1747679459.964181,-0.28585204,0.7242399,-0.76554656,1.2656664,0.67497766,-0.54195285
1747679459.9647033,-0.28585204,0.7242399,-0.76554656,1.2656664,0.67497766,-0.54195285
1747679459.9652243,-0.28585204,0.7242399,-0.76554656,1.2656664,0.67497766,-0.54195285
1747679459.9657454,-0.28585204,0.7242399,-0.76554656,1.2656664,0.67497766,-0.54195285
1747679459.9662664,-0.28585204,0.7242399,-0.76554656,1.2656664,0.67497766,-0.54195285
1747679459.966787,-0.28585204,0.7242399,-0.76554656,1.2656664,0.67497766,-0.54195285
1747679459.967308,-0.28585204,0.7242399,-0.76554656,1.2656664,0.67497766,-0.54195285
1747679459.9678288,-0.28585204,0.7242399,-0.76554656,1.2656664,0.67497766,-0.54195285
1747679459.9683495,-0.28585204,0.7242399,-0.76554656,1.2656664,0.67497766,-0.54195285
1747679459.96887,-0.28585204,0.7242399,-0.76554656,1.2656664,0.67497766,-0.54195285
1747679459.9693942,-0.28585204,0.7242399,-0.76554656,1.2656664,0.67497766,-0.54195285
1747679459.9699268,-0.3073291,0.7149657,-0.8460854,1.1772494,0.68136925,-0.55793184
1747679459.970482,-0.3073291,0.7149657,-0.8460854,1.1772494,0.68136925,-0.55793184
1747679459.9710302,-0.3073291,0.7149657,-0.8460854,1.1772494,0.68136925,-0.55793184
1747679459.9715657,-0.3073291,0.7149657,-0.8460854,1.1772494,0.68136925,-0.55793184
1747679459.972112,-0.3073291,0.7149657,-0.8460854,1.1772494,0.68136925,-0.55793184
1747679459.9726608,-0.3073291,0.7149657,-0.8460854,1.1772494,0.68136925,-0.55793184
1747679459.9731643,-0.3073291,0.7149657,-0.8460854,1.1772494,0.68136925,-0.55793184
1747679459.9736984,-0.3073291,0.7149657,-0.8460854,1.1772494,0.68136925,-0.55793184
1747679459.9742365,-0.3073291,0.7149657,-0.8460854,1.1772494,0.68136925,-0.55793184
1747679459.9747562,-0.3073291,0.7149657,-0.8460854,1.1772494,0.68136925,-0.55793184
1747679459.975275,-0.3073291,0.7149657,-0.8460854,1.1772494,0.68136925,-0.55793184
1747679459.9757931,-0.3073291,0.7149657,-0.8460854,1.1772494,0.68136925,-0.55793184
1747679459.9763112,-0.3073291,0.7149657,-0.8460854,1.1772494,0.68136925,-0.55793184
1747679459.9768295,-0.3073291,0.7149657,-0.8460854,1.1772494,0.68136925,-0.55793184
1747679459.9773476,-0.3073291,0.7149657,-0.8460854,1.1772494,0.68136925,-0.55793184
1747679459.9778655,-0.3073291,0.7149657,-0.8460854,1.1772494,0.68136925,-0.55793184
1747679459.9783838,-0.3073291,0.7149657,-0.8460854,1.1772494,0.68136925,-0.55793184
1747679459.9789095,-0.35955733,0.7003223,-0.8875752,1.066462,0.6089313,-0.574976
1747679459.9794283,-0.35955733,0.7003223,-0.8875752,1.066462,0.6089313,-0.574976
1747679459.9799466,-0.35955733,0.7003223,-0.8875752,1.066462,0.6089313,-0.574976
1747679459.9804647,-0.35955733,0.7003223,-0.8875752,1.066462,0.6089313,-0.574976
1747679459.9809825,-0.35955733,0.7003223,-0.8875752,1.066462,0.6089313,-0.574976
1747679459.9815006,-0.35955733,0.7003223,-0.8875752,1.066462,0.6089313,-0.574976
1747679459.9820187,-0.35955733,0.7003223,-0.8875752,1.066462,0.6089313,-0.574976
1747679459.982537,-0.35955733,0.7003223,-0.8875752,1.066462,0.6089313,-0.574976
1747679459.9830546,-0.35955733,0.7003223,-0.8875752,1.066462,0.6089313,-0.574976
1747679459.9835727,-0.35955733,0.7003223,-0.8875752,1.066462,0.6089313,-0.574976
1747679459.9841008,-0.35955733,0.7003223,-0.8875752,1.066462,0.6089313,-0.574976
1747679459.9846587,-0.35955733,0.7003223,-0.8875752,1.066462,0.6089313,-0.574976
1747679459.9852085,-0.35955733,0.7003223,-0.8875752,1.066462,0.6089313,-0.574976
1747679459.9857843,-0.35955733,0.7003223,-0.8875752,1.066462,0.6089313,-0.574976
1747679459.9863176,-0.35955733,0.7003223,-0.8875752,1.066462,0.6089313,-0.574976
1747679459.9868667,-0.35955733,0.7003223,-0.8875752,1.066462,0.6089313,-0.574976
1747679459.987449,-0.35955733,0.7003223,-0.8875752,1.066462,0.6089313,-0.574976
1747679459.987998,-0.35955733,0.7003223,-0.8875752,1.066462,0.6089313,-0.574976
1747679459.988541,-0.35955733,0.7003223,-0.8875752,1.066462,0.6089313,-0.574976
1747679459.9890747,-0.4469298,0.7042272,-0.9173502,0.9599357,0.43742388,-0.5675192
1747679459.989595,-0.4469298,0.7042272,-0.9173502,0.9599357,0.43742388,-0.5675192
1747679459.9901133,-0.4469298,0.7042272,-0.9173502,0.9599357,0.43742388,-0.5675192
1747679459.9906316,-0.4469298,0.7042272,-0.9173502,0.9599357,0.43742388,-0.5675192
1747679459.9911504,-0.4469298,0.7042272,-0.9173502,0.9599357,0.43742388,-0.5675192
1747679459.9916685,-0.4469298,0.7042272,-0.9173502,0.9599357,0.43742388,-0.5675192
1747679459.9921868,-0.4469298,0.7042272,-0.9173502,0.9599357,0.43742388,-0.5675192
1747679459.992705,-0.4469298,0.7042272,-0.9173502,0.9599357,0.43742388,-0.5675192
1747679459.9932232,-0.4469298,0.7042272,-0.9173502,0.9599357,0.43742388,-0.5675192
1747679459.9937413,-0.4469298,0.7042272,-0.9173502,0.9599357,0.43742388,-0.5675192
1747679459.9942727,-0.4469298,0.7042272,-0.9173502,0.9599357,0.43742388,-0.5675192
1747679459.9948072,-0.4469298,0.7042272,-0.9173502,0.9599357,0.43742388,-0.5675192
1747679459.9953268,-0.4469298,0.7042272,-0.9173502,0.9599357,0.43742388,-0.5675192
1747679459.995845,-0.4469298,0.7042272,-0.9173502,0.9599357,0.43742388,-0.5675192
1747679459.996363,-0.4469298,0.7042272,-0.9173502,0.9599357,0.43742388,-0.5675192
1747679459.996881,-0.4469298,0.7042272,-0.9173502,0.9599357,0.43742388,-0.5675192
1747679459.9973993,-0.4469298,0.7042272,-0.9173502,0.9599357,0.43742388,-0.5675192
1747679459.9979174,-0.4469298,0.7042272,-0.9173502,0.9599357,0.43742388,-0.5675192
1747679459.9984355,-0.4469298,0.7042272,-0.9173502,0.9599357,0.43742388,-0.5675192
1747679459.9989536,-0.4469298,0.7042272,-0.9173502,0.9599357,0.43742388,-0.5675192
1747679459.9994721,-0.51868266,0.70178664,-0.9729953,0.8310388,0.26591644,-0.50679916
1747679459.9999907,-0.51868266,0.70178664,-0.9729953,0.8310388,0.26591644,-0.50679916
1747679460.000538,-0.51868266,0.70178664,-0.9729953,0.8310388,0.26591644,-0.50679916
1747679460.0010922,-0.51868266,0.70178664,-0.9729953,0.8310388,0.26591644,-0.50679916
1747679460.0016506,-0.51868266,0.70178664,-0.9729953,0.8310388,0.26591644,-0.50679916
1747679460.0022154,-0.51868266,0.70178664,-0.9729953,0.8310388,0.26591644,-0.50679916
1747679460.0029788,-0.51868266,0.70178664,-0.9729953,0.8310388,0.26591644,-0.50679916
1747679460.0035737,-0.51868266,0.70178664,-0.9729953,0.8310388,0.26591644,-0.50679916
1747679460.0041356,-0.51868266,0.70178664,-0.9729953,0.8310388,0.26591644,-0.50679916
1747679460.0046923,-0.51868266,0.70178664,-0.9729953,0.8310388,0.26591644,-0.50679916
1747679460.0052423,-0.51868266,0.70178664,-0.9729953,0.8310388,0.26591644,-0.50679916
1747679460.0057898,-0.51868266,0.70178664,-0.9729953,0.8310388,0.26591644,-0.50679916
1747679460.006317,-0.51868266,0.70178664,-0.9729953,0.8310388,0.26591644,-0.50679916
1747679460.00684,-0.51868266,0.70178664,-0.9729953,0.8310388,0.26591644,-0.50679916
1747679460.0073812,-0.51868266,0.70178664,-0.9729953,0.8310388,0.26591644,-0.50679916
1747679460.0079331,-0.51868266,0.70178664,-0.9729953,0.8310388,0.26591644,-0.50679916
1747679460.0084662,-0.51868266,0.70178664,-0.9729953,0.8310388,0.26591644,-0.50679916
1747679460.008994,-0.51868266,0.70178664,-0.9729953,0.8310388,0.26591644,-0.50679916
1747679460.0095236,-0.51868266,0.70178664,-0.9729953,0.8310388,0.26591644,-0.50679916
1747679460.0101643,-0.51868266,0.70178664,-0.9729953,0.8310388,0.26591644,-0.50679916
1747679460.010692,-0.51868266,0.70178664,-0.9729953,0.8310388,0.26591644,-0.50679916
1747679460.0112226,-0.51868266,0.70178664,-0.9729953,0.8310388,0.26591644,-0.50679916
1747679460.0117545,-0.51868266,0.70178664,-0.9729953,0.8310388,0.26591644,-0.50679916
1747679460.0122857,-0.55236256,0.67591655,-1.0208304,0.68829346,0.13595428,-0.4364918
1747679460.0128148,-0.55236256,0.67591655,-1.0208304,0.68829346,0.13595428,-0.4364918
1747679460.0133429,-0.55236256,0.67591655,-1.0208304,0.68829346,0.13595428,-0.4364918
1747679460.0138867,-0.55236256,0.67591655,-1.0208304,0.68829346,0.13595428,-0.4364918
1747679460.014432,-0.55236256,0.67591655,-1.0208304,0.68829346,0.13595428,-0.4364918
1747679460.014973,-0.55236256,0.67591655,-1.0208304,0.68829346,0.13595428,-0.4364918
1747679460.0155122,-0.55236256,0.67591655,-1.0208304,0.68829346,0.13595428,-0.4364918
1747679460.0160635,-0.55236256,0.67591655,-1.0208304,0.68829346,0.13595428,-0.4364918
1747679460.016619,-0.55236256,0.67591655,-1.0208304,0.68829346,0.13595428,-0.4364918
1747679460.01751,-0.55236256,0.67591655,-1.0208304,0.68829346,0.13595428,-0.4364918
1747679460.0180714,-0.55236256,0.67591655,-1.0208304,0.68829346,0.13595428,-0.4364918
1747679460.0186155,-0.55236256,0.67591655,-1.0208304,0.68829346,0.13595428,-0.4364918
1747679460.0191734,-0.55236256,0.67591655,-1.0208304,0.68829346,0.13595428,-0.4364918
1747679460.0197031,-0.55236256,0.67591655,-1.0208304,0.68829346,0.13595428,-0.4364918
1747679460.0202224,-0.55236256,0.67591655,-1.0208304,0.68829346,0.13595428,-0.4364918
1747679460.0207431,-0.55236256,0.67591655,-1.0208304,0.68829346,0.13595428,-0.4364918
1747679460.0212653,-0.57872075,0.6476059,-1.0647608,0.68829346,0.13595428,-0.4364918
1747679460.0217865,-0.57872075,0.6476059,-1.0647608,0.68829346,0.13595428,-0.4364918
1747679460.022307,-0.57872075,0.6476059,-1.0647608,0.42730388,-0.0259658,-0.31824753
1747679460.0228255,-0.57872075,0.6476059,-1.0647608,0.42730388,-0.0259658,-0.31824753
1747679460.0233438,-0.57872075,0.6476059,-1.0647608,0.42730388,-0.0259658,-0.31824753
1747679460.0238621,-0.57872075,0.6476059,-1.0647608,0.42730388,-0.0259658,-0.31824753
1747679460.024389,-0.57872075,0.6476059,-1.0647608,0.42730388,-0.0259658,-0.31824753
1747679460.0249162,-0.57872075,0.6476059,-1.0647608,0.42730388,-0.0259658,-0.31824753
1747679460.0254354,-0.57872075,0.6476059,-1.0647608,0.42730388,-0.0259658,-0.31824753
1747679460.0259535,-0.57872075,0.6476059,-1.0647608,0.42730388,-0.0259658,-0.31824753
1747679460.0264719,-0.57872075,0.6476059,-1.0647608,0.42730388,-0.0259658,-0.31824753
1747679460.0269902,-0.57872075,0.6476059,-1.0647608,0.42730388,-0.0259658,-0.31824753
1747679460.0275083,-0.57872075,0.6476059,-1.0647608,0.42730388,-0.0259658,-0.31824753
1747679460.0280266,-0.57872075,0.6476059,-1.0647608,0.42730388,-0.0259658,-0.31824753
1747679460.0285447,-0.57872075,0.6476059,-1.0647608,0.42730388,-0.0259658,-0.31824753
1747679460.029063,-0.57872075,0.6476059,-1.0647608,0.42730388,-0.0259658,-0.31824753
1747679460.0295813,-0.57872075,0.6476059,-1.0647608,0.42730388,-0.0259658,-0.31824753
1747679460.0300992,-0.57872075,0.6476059,-1.0647608,0.42730388,-0.0259658,-0.31824753
1747679460.0306172,-0.57872075,0.6476059,-1.0647608,0.42730388,-0.0259658,-0.31824753
1747679460.0311356,-0.57872075,0.6476059,-1.0647608,0.42730388,-0.0259658,-0.31824753
1747679460.0316648,-0.57872075,0.6476059,-1.0647608,0.42730388,-0.0259658,-0.31824753
1747679460.032221,-0.59970963,0.63198626,-1.0715944,0.2334259,-0.09840373,-0.23622221
1747679460.0327775,-0.59970963,0.63198626,-1.0715944,0.2334259,-0.09840373,-0.23622221
1747679460.0333242,-0.59970963,0.63198626,-1.0715944,0.2334259,-0.09840373,-0.23622221
1747679460.0338664,-0.59970963,0.63198626,-1.0715944,0.2334259,-0.09840373,-0.23622221
1747679460.0343952,-0.59970963,0.63198626,-1.0715944,0.2334259,-0.09840373,-0.23622221
1747679460.034916,-0.59970963,0.63198626,-1.0715944,0.2334259,-0.09840373,-0.23622221
1747679460.0354345,-0.59970963,0.63198626,-1.0715944,0.2334259,-0.09840373,-0.23622221
1747679460.0359526,-0.59970963,0.63198626,-1.0715944,0.2334259,-0.09840373,-0.23622221
1747679460.0364711,-0.59970963,0.63198626,-1.0715944,0.2334259,-0.09840373,-0.23622221
1747679460.0369895,-0.59970963,0.63198626,-1.0715944,0.2334259,-0.09840373,-0.23622221
1747679460.0375543,-0.59970963,0.63198626,-1.0715944,0.2334259,-0.09840373,-0.23622221
1747679460.0380743,-0.59970963,0.63198626,-1.0715944,0.2334259,-0.09840373,-0.23622221
1747679460.0385928,-0.59970963,0.63198626,-1.0715944,0.2334259,-0.09840373,-0.23622221
1747679460.039111,-0.59970963,0.63198626,-1.0715944,0.2334259,-0.09840373,-0.23622221
1747679460.0396285,-0.59970963,0.63198626,-1.0715944,0.2334259,-0.09840373,-0.23622221
1747679460.0401466,-0.59970963,0.63198626,-1.0715944,0.2334259,-0.09840373,-0.23622221
1747679460.040665,-0.59970963,0.63198626,-1.0715944,0.2334259,-0.09840373,-0.23622221
1747679460.0411828,-0.59970963,0.63198626,-1.0715944,0.2334259,-0.09840373,-0.23622221
1747679460.0417027,-0.59970963,0.63198626,-1.0715944,0.2334259,-0.09840373,-0.23622221
1747679460.042225,-0.59970963,0.63198626,-1.0715944,-0.0041278964,-0.1580585,-0.12650006
1747679460.0427456,-0.6080076,0.61441416,-1.0559746,-0.0041278964,-0.1580585,-0.12650006
1747679460.0432642,-0.6080076,0.61441416,-1.0559746,-0.0041278964,-0.1580585,-0.12650006
1747679460.0437827,-0.6080076,0.61441416,-1.0559746,-0.0041278964,-0.1580585,-0.12650006
1747679460.0443115,-0.6080076,0.61441416,-1.0559746,-0.0041278964,-0.1580585,-0.12650006
1747679460.0448458,-0.6080076,0.61441416,-1.0559746,-0.0041278964,-0.1580585,-0.12650006
1747679460.0453658,-0.6080076,0.61441416,-1.0559746,-0.0041278964,-0.1580585,-0.12650006
1747679460.0458844,-0.6080076,0.61441416,-1.0559746,-0.0041278964,-0.1580585,-0.12650006
1747679460.046403,-0.6080076,0.61441416,-1.0559746,-0.0041278964,-0.1580585,-0.12650006
1747679460.046921,-0.6080076,0.61441416,-1.0559746,-0.0041278964,-0.1580585,-0.12650006
1747679460.0475054,-0.6080076,0.61441416,-1.0559746,-0.0041278964,-0.1580585,-0.12650006
1747679460.048078,-0.6080076,0.61441416,-1.0559746,-0.0041278964,-0.1580585,-0.12650006
1747679460.0486417,-0.6080076,0.61441416,-1.0559746,-0.0041278964,-0.1580585,-0.12650006
1747679460.0491896,-0.6080076,0.61441416,-1.0559746,-0.0041278964,-0.1580585,-0.12650006
1747679460.0497224,-0.6080076,0.61441416,-1.0559746,-0.0041278964,-0.1580585,-0.12650006
1747679460.0502417,-0.6080076,0.61441416,-1.0559746,-0.0041278964,-0.1580585,-0.12650006
1747679460.0507605,-0.6080076,0.61441416,-1.0559746,-0.0041278964,-0.1580585,-0.12650006
1747679460.0512788,-0.6080076,0.61441416,-1.0559746,-0.0041278964,-0.1580585,-0.12650006
1747679460.0517974,-0.6080076,0.61441416,-1.0559746,-0.0041278964,-0.1580585,-0.12650006
1747679460.052316,-0.6080076,0.61441416,-1.0559746,-0.0041278964,-0.1580585,-0.12650006
1747679460.0528347,-0.5918998,0.6026994,-1.014485,-0.267248,-0.25286695,-0.010386321
1747679460.053363,-0.5918998,0.6026994,-1.014485,-0.267248,-0.25286695,-0.010386321
1747679460.0538921,-0.5918998,0.6026994,-1.014485,-0.267248,-0.25286695,-0.010386321
1747679460.0544128,-0.5918998,0.6026994,-1.014485,-0.267248,-0.25286695,-0.010386321
1747679460.0549312,-0.5918998,0.6026994,-1.014485,-0.267248,-0.25286695,-0.010386321
1747679460.0554492,-0.5918998,0.6026994,-1.014485,-0.267248,-0.25286695,-0.010386321
1747679460.0559673,-0.5918998,0.6026994,-1.014485,-0.267248,-0.25286695,-0.010386321
1747679460.0564854,-0.5918998,0.6026994,-1.014485,-0.267248,-0.25286695,-0.010386321
1747679460.0570035,-0.5918998,0.6026994,-1.014485,-0.267248,-0.25286695,-0.010386321
1747679460.057524,-0.5918998,0.6026994,-1.014485,-0.267248,-0.25286695,-0.010386321
1747679460.0580451,-0.5918998,0.6026994,-1.014485,-0.267248,-0.25286695,-0.010386321
1747679460.0585659,-0.5918998,0.6026994,-1.014485,-0.267248,-0.25286695,-0.010386321
1747679460.0590866,-0.5918998,0.6026994,-1.014485,-0.267248,-0.25286695,-0.010386321
1747679460.0596075,-0.5918998,0.6026994,-1.014485,-0.267248,-0.25286695,-0.010386321
1747679460.0601287,-0.57139903,0.5890322,-0.97690016,-0.45686495,-0.33489224,0.069508456
1747679460.0606499,-0.57139903,0.5890322,-0.97690016,-0.45686495,-0.33489224,0.069508456
1747679460.0611706,-0.57139903,0.5890322,-0.97690016,-0.45686495,-0.33489224,0.069508456
1747679460.0616913,-0.57139903,0.5890322,-0.97690016,-0.45686495,-0.33489224,0.069508456
1747679460.062212,-0.57139903,0.5890322,-0.97690016,-0.45686495,-0.33489224,0.069508456
1747679460.0627587,-0.57139903,0.5890322,-0.97690016,-0.45686495,-0.33489224,0.069508456
1747679460.0633104,-0.57139903,0.5890322,-0.97690016,-0.45686495,-0.33489224,0.069508456
1747679460.0638835,-0.57139903,0.5890322,-0.97690016,-0.45686495,-0.33489224,0.069508456
1747679460.064433,-0.57139903,0.5890322,-0.97690016,-0.45686495,-0.33489224,0.069508456
1747679460.06496,-0.57139903,0.5890322,-0.97690016,-0.45686495,-0.33489224,0.069508456
1747679460.0654814,-0.57139903,0.5890322,-0.97690016,-0.45686495,-0.33489224,0.069508456
1747679460.0660024,-0.57139903,0.5890322,-0.97690016,-0.45686495,-0.33489224,0.069508456
1747679460.0665233,-0.57139903,0.5890322,-0.97690016,-0.45686495,-0.33489224,0.069508456
1747679460.067044,-0.57139903,0.5890322,-0.97690016,-0.45686495,-0.33489224,0.069508456
1747679460.067565,-0.57139903,0.5890322,-0.97690016,-0.45686495,-0.33489224,0.069508456
1747679460.068086,-0.57139903,0.5890322,-0.97690016,-0.45686495,-0.33489224,0.069508456
1747679460.0686097,-0.57139903,0.5890322,-0.97690016,-0.45686495,-0.33489224,0.069508456
1747679460.0691338,-0.57139903,0.5890322,-0.97690016,-0.45686495,-0.33489224,0.069508456
1747679460.0696547,-0.57139903,0.5890322,-0.97690016,-0.45686495,-0.33489224,0.069508456
1747679460.0701756,-0.57139903,0.5890322,-0.97690016,-0.45686495,-0.33489224,0.069508456
1747679460.0706973,-0.5494339,0.5690195,-0.94712514,-0.63476396,-0.41904807,0.1355548
1747679460.0712183,-0.5494339,0.5690195,-0.94712514,-0.63476396,-0.41904807,0.1355548
1747679460.0717392,-0.5494339,0.5690195,-0.94712514,-0.63476396,-0.41904807,0.1355548
1747679460.0722601,-0.5494339,0.5690195,-0.94712514,-0.63476396,-0.41904807,0.1355548
1747679460.072783,-0.5494339,0.5690195,-0.94712514,-0.63476396,-0.41904807,0.1355548
1747679460.0732903,-0.5494339,0.5690195,-0.94712514,-0.63476396,-0.41904807,0.1355548
1747679460.073809,-0.5494339,0.5690195,-0.94712514,-0.63476396,-0.41904807,0.1355548
1747679460.0743363,-0.5494339,0.5690195,-0.94712514,-0.63476396,-0.41904807,0.1355548
1747679460.0748694,-0.5494339,0.5690195,-0.94712514,-0.63476396,-0.41904807,0.1355548
1747679460.0753896,-0.5494339,0.5690195,-0.94712514,-0.63476396,-0.41904807,0.1355548
1747679460.0759082,-0.5494339,0.5690195,-0.94712514,-0.63476396,-0.41904807,0.1355548
1747679460.0764258,-0.5494339,0.5690195,-0.94712514,-0.63476396,-0.41904807,0.1355548
1747679460.0769439,-0.5494339,0.5690195,-0.94712514,-0.63476396,-0.41904807,0.1355548
1747679460.0774617,-0.5494339,0.5690195,-0.94712514,-0.63476396,-0.41904807,0.1355548
1747679460.0780642,-0.5494339,0.5690195,-0.94712514,-0.63476396,-0.41904807,0.1355548
1747679460.078614,-0.5494339,0.5690195,-0.94712514,-0.63476396,-0.41904807,0.1355548
1747679460.0791636,-0.5494339,0.5690195,-0.94712514,-0.63476396,-0.41904807,0.1355548
1747679460.0797286,-0.5479695,0.5602334,-0.9046592,-0.8030756,-0.5095955,0.19627483
1747679460.0802772,-0.5479695,0.5602334,-0.9046592,-0.8030756,-0.5095955,0.19627483
1747679460.0808094,-0.5479695,0.5602334,-0.9046592,-0.8030756,-0.5095955,0.19627483
1747679460.0813293,-0.5479695,0.5602334,-0.9046592,-0.8030756,-0.5095955,0.19627483
1747679460.081848,-0.5479695,0.5602334,-0.9046592,-0.8030756,-0.5095955,0.19627483
1747679460.0823662,-0.5479695,0.5602334,-0.9046592,-0.8030756,-0.5095955,0.19627483
1747679460.0828846,-0.5479695,0.5602334,-0.9046592,-0.8030756,-0.5095955,0.19627483
1747679460.0834172,-0.5479695,0.5602334,-0.9046592,-0.8030756,-0.5095955,0.19627483
1747679460.0839553,-0.5479695,0.5602334,-0.9046592,-0.8030756,-0.5095955,0.19627483
1747679460.084475,-0.5479695,0.5602334,-0.9046592,-0.8030756,-0.5095955,0.19627483
1747679460.0849936,-0.5479695,0.5602334,-0.9046592,-0.8030756,-0.5095955,0.19627483
1747679460.0855117,-0.5479695,0.5602334,-0.9046592,-0.8030756,-0.5095955,0.19627483
1747679460.0860298,-0.5479695,0.5602334,-0.9046592,-0.8030756,-0.5095955,0.19627483
1747679460.0865474,-0.5479695,0.5602334,-0.9046592,-0.8030756,-0.5095955,0.19627483
1747679460.0870655,-0.5479695,0.5602334,-0.9046592,-0.8030756,-0.5095955,0.19627483
1747679460.0875835,-0.5479695,0.5602334,-0.9046592,-0.8030756,-0.5095955,0.19627483
1747679460.0881014,-0.5479695,0.5602334,-0.9046592,-0.8030756,-0.5095955,0.19627483
1747679460.0886202,-0.55382687,0.5602334,-0.8626814,-0.8030756,-0.5095955,0.19627483
1747679460.0891385,-0.55382687,0.5602334,-0.8626814,-0.8030756,-0.5095955,0.19627483
1747679460.0896566,-0.55382687,0.5602334,-0.8626814,-0.8030756,-0.5095955,0.19627483
1747679460.0901752,-0.55382687,0.5602334,-0.8626814,-0.95753884,-0.61292607,0.27403906
1747679460.0906932,-0.55382687,0.5602334,-0.8626814,-0.95753884,-0.61292607,0.27403906
1747679460.091211,-0.55382687,0.5602334,-0.8626814,-0.95753884,-0.61292607,0.27403906
1747679460.091729,-0.55382687,0.5602334,-0.8626814,-0.95753884,-0.61292607,0.27403906
1747679460.0922472,-0.55382687,0.5602334,-0.8626814,-0.95753884,-0.61292607,0.27403906
1747679460.092765,-0.55382687,0.5602334,-0.8626814,-0.95753884,-0.61292607,0.27403906
1747679460.0933092,-0.55382687,0.5602334,-0.8626814,-0.95753884,-0.61292607,0.27403906
1747679460.093887,-0.55382687,0.5602334,-0.8626814,-0.95753884,-0.61292607,0.27403906
1747679460.0944347,-0.55382687,0.5602334,-0.8626814,-0.95753884,-0.61292607,0.27403906
1747679460.0949807,-0.55382687,0.5602334,-0.8626814,-0.95753884,-0.61292607,0.27403906
1747679460.09554,-0.55382687,0.5602334,-0.8626814,-0.95753884,-0.61292607,0.27403906
1747679460.0960884,-0.55382687,0.5602334,-0.8626814,-0.95753884,-0.61292607,0.27403906
1747679460.0966213,-0.55382687,0.5602334,-0.8626814,-0.95753884,-0.61292607,0.27403906
1747679460.097141,-0.55382687,0.5602334,-0.8626814,-0.95753884,-0.61292607,0.27403906
1747679460.0976593,-0.55382687,0.5602334,-0.8626814,-0.95753884,-0.61292607,0.27403906
1747679460.098178,-0.55382687,0.5602334,-0.8626814,-0.95753884,-0.61292607,0.27403906
1747679460.0986965,-0.55382687,0.5602334,-0.8626814,-0.95753884,-0.61292607,0.27403906
1747679460.099215,-0.55529124,0.5592572,-0.82509655,-1.0970883,-0.7556714,0.366717
1747679460.0997338,-0.55529124,0.5592572,-0.82509655,-1.0970883,-0.7556714,0.366717
1747679460.100252,-0.55529124,0.5592572,-0.82509655,-1.0970883,-0.7556714,0.366717
1747679460.1007702,-0.55529124,0.5592572,-0.82509655,-1.0970883,-0.7556714,0.366717
1747679460.1012886,-0.55529124,0.5592572,-0.82509655,-1.0970883,-0.7556714,0.366717
1747679460.101807,-0.55529124,0.5592572,-0.82509655,-1.0970883,-0.7556714,0.366717
1747679460.1023252,-0.55529124,0.5592572,-0.82509655,-1.0970883,-0.7556714,0.366717
1747679460.1028433,-0.55529124,0.5592572,-0.82509655,-1.0970883,-0.7556714,0.366717
1747679460.1033614,-0.55529124,0.5592572,-0.82509655,-1.0970883,-0.7556714,0.366717
1747679460.1038795,-0.55529124,0.5592572,-0.82509655,-1.0970883,-0.7556714,0.366717
1747679460.1044073,-0.55529124,0.5592572,-0.82509655,-1.0970883,-0.7556714,0.366717
1747679460.104942,-0.55529124,0.5592572,-0.82509655,-1.0970883,-0.7556714,0.366717
1747679460.105462,-0.55529124,0.5592572,-0.82509655,-1.0970883,-0.7556714,0.366717
1747679460.1059804,-0.55529124,0.5592572,-0.82509655,-1.0970883,-0.7556714,0.366717
1747679460.1064985,-0.55529124,0.5592572,-0.82509655,-1.0970883,-0.7556714,0.366717
1747679460.1070168,-0.55529124,0.5592572,-0.82509655,-1.0970883,-0.7556714,0.366717
1747679460.107535,-0.55529124,0.5592572,-0.82509655,-1.0970883,-0.7556714,0.366717
1747679460.108053,-0.55529124,0.5592572,-0.82509655,-1.0970883,-0.7556714,0.366717
1747679460.10864,-0.55529124,0.5592572,-0.82509655,-1.0970883,-0.7556714,0.366717
1747679460.1092434,-0.55529124,0.5592572,-0.82509655,-1.0970883,-0.7556714,0.366717
1747679460.109799,-0.5567556,0.5665789,-0.78555924,-1.2281158,-0.9463536,0.4700476
1747679460.1103692,-0.5567556,0.5665789,-0.78555924,-1.2281158,-0.9463536,0.4700476
1747679460.1109154,-0.5567556,0.5665789,-0.78555924,-1.2281158,-0.9463536,0.4700476
1747679460.1114478,-0.5567556,0.5665789,-0.78555924,-1.2281158,-0.9463536,0.4700476
1747679460.1119673,-0.5567556,0.5665789,-0.78555924,-1.2281158,-0.9463536,0.4700476
1747679460.1124854,-0.5567556,0.5665789,-0.78555924,-1.2281158,-0.9463536,0.4700476
1747679460.1130047,-0.5567556,0.5665789,-0.78555924,-1.2281158,-0.9463536,0.4700476
1747679460.113533,-0.5567556,0.5665789,-0.78555924,-1.2281158,-0.9463536,0.4700476
1747679460.11406,-0.5567556,0.5665789,-0.78555924,-1.2281158,-0.9463536,0.4700476
1747679460.11458,-0.5567556,0.5665789,-0.78555924,-1.2281158,-0.9463536,0.4700476
1747679460.115098,-0.5567556,0.5665789,-0.78555924,-1.2281158,-0.9463536,0.4700476
1747679460.1156166,-0.5567556,0.5665789,-0.78555924,-1.2281158,-0.9463536,0.4700476
1747679460.1161354,-0.5567556,0.5665789,-0.78555924,-1.2281158,-0.9463536,0.4700476
1747679460.1166532,-0.5567556,0.5665789,-0.78555924,-1.2281158,-0.9463536,0.4700476
1747679460.1171713,-0.5567556,0.5665789,-0.78555924,-1.2281158,-0.9463536,0.4700476
1747679460.1176887,-0.5567556,0.5665789,-0.78555924,-1.2281158,-0.9463536,0.4700476
1747679460.1182065,-0.5567556,0.5665789,-0.78555924,-1.2281158,-0.9463536,0.4700476
1747679460.118724,-0.5567556,0.5665789,-0.78555924,-1.2281158,-0.9463536,0.4700476
1747679460.1192417,-0.5567556,0.5665789,-0.78555924,-1.2281158,-0.9463536,0.4700476
1747679460.1197596,-0.5567556,0.5665789,-0.78555924,-1.2281158,-0.9463536,0.4700476
1747679460.1202772,-0.5567556,0.5665789,-0.78555924,-1.2281158,-0.9463536,0.4700476
1747679460.1207983,-0.532838,0.57487684,-0.7221044,-1.3484906,-1.1231873,0.58190024
1747679460.121319,-0.532838,0.57487684,-0.7221044,-1.3484906,-1.1231873,0.58190024
1747679460.1218374,-0.532838,0.57487684,-0.7221044,-1.3484906,-1.1231873,0.58190024
1747679460.122356,-0.532838,0.57487684,-0.7221044,-1.3484906,-1.1231873,0.58190024
1747679460.1228735,-0.532838,0.57487684,-0.7221044,-1.3484906,-1.1231873,0.58190024
1747679460.1233914,-0.532838,0.57487684,-0.7221044,-1.3484906,-1.1231873,0.58190024
1747679460.1239498,-0.532838,0.57487684,-0.7221044,-1.3484906,-1.1231873,0.58190024
1747679460.1244946,-0.532838,0.57487684,-0.7221044,-1.3484906,-1.1231873,0.58190024
1747679460.1250322,-0.532838,0.57487684,-0.7221044,-1.3484906,-1.1231873,0.58190024
1747679460.1255777,-0.532838,0.57487684,-0.7221044,-1.3484906,-1.1231873,0.58190024
1747679460.1261349,-0.532838,0.57487684,-0.7221044,-1.3484906,-1.1231873,0.58190024
1747679460.1266778,-0.532838,0.57487684,-0.7221044,-1.3484906,-1.1231873,0.58190024
1747679460.1272109,-0.532838,0.57487684,-0.7221044,-1.3484906,-1.1231873,0.58190024
1747679460.1277301,-0.532838,0.57487684,-0.7221044,-1.3484906,-1.1231873,0.58190024
1747679460.128249,-0.532838,0.57487684,-0.7221044,-1.3484906,-1.1231873,0.58190024
1747679460.1287673,-0.532838,0.57487684,-0.7221044,-1.3484906,-1.1231873,0.58190024
1747679460.1292853,-0.532838,0.57487684,-0.7221044,-1.3484906,-1.1231873,0.58190024
1747679460.1298046,-0.532838,0.57487684,-0.7221044,-1.3484906,-1.1231873,0.58190024
1747679460.130323,-0.532838,0.57487684,-0.7221044,-1.3484906,-1.1231873,0.58190024
1747679460.130841,-0.532838,0.57487684,-0.7221044,-1.3484906,-1.1231873,0.58190024
1747679460.1313593,-0.532838,0.57487684,-0.7221044,-1.3484906,-1.1231873,0.58190024
1747679460.1318774,-0.532838,0.57487684,-0.7221044,-1.3484906,-1.1231873,0.58190024
1747679460.132395,-0.532838,0.57487684,-0.7221044,-1.3484906,-1.1231873,0.58190024
1747679460.1329136,-0.5035511,0.57487684,-0.68256706,-1.4422338,-1.2446274,0.6745782
1747679460.1334321,-0.5035511,0.57487684,-0.68256706,-1.4422338,-1.2446274,0.6745782
1747679460.1339502,-0.5035511,0.57487684,-0.68256706,-1.4422338,-1.2446274,0.6745782
1747679460.1344814,-0.5035511,0.57487684,-0.68256706,-1.4422338,-1.2446274,0.6745782
1747679460.1350188,-0.5035511,0.57487684,-0.68256706,-1.4422338,-1.2446274,0.6745782
1747679460.1355386,-0.5035511,0.57487684,-0.68256706,-1.4422338,-1.2446274,0.6745782
1747679460.1360571,-0.5035511,0.57487684,-0.68256706,-1.4422338,-1.2446274,0.6745782
1747679460.136576,-0.5035511,0.57487684,-0.68256706,-1.4422338,-1.2446274,0.6745782
1747679460.137095,-0.5035511,0.57487684,-0.68256706,-1.4422338,-1.2446274,0.6745782
1747679460.137613,-0.5035511,0.57487684,-0.68256706,-1.4422338,-1.2446274,0.6745782
1747679460.1381311,-0.5035511,0.57487684,-0.68256706,-1.4422338,-1.2446274,0.6745782
1747679460.1386492,-0.5035511,0.57487684,-0.68256706,-1.4422338,-1.2446274,0.6745782
1747679460.1391957,-0.5035511,0.57487684,-0.68256706,-1.4422338,-1.2446274,0.6745782
1747679460.1397502,-0.5035511,0.57487684,-0.68256706,-1.4422338,-1.2446274,0.6745782
1747679460.1402953,-0.5035511,0.57487684,-0.68256706,-1.4422338,-1.2446274,0.6745782
1747679460.140836,-0.5035511,0.57487684,-0.68256706,-1.4422338,-1.2446274,0.6745782
1747679460.1413846,-0.5035511,0.57487684,-0.68256706,-1.4422338,-1.2446274,0.6745782
1747679460.1419466,-0.5035511,0.57487684,-0.68256706,-1.5636739,-1.3426317,0.7768435
1747679460.1424882,-0.46157324,0.5773174,-0.63131505,-1.5636739,-1.3426317,0.7768435
1747679460.1430213,-0.46157324,0.5773174,-0.63131505,-1.5636739,-1.3426317,0.7768435
1747679460.1435533,-0.46157324,0.5773174,-0.63131505,-1.5636739,-1.3426317,0.7768435
1747679460.144084,-0.46157324,0.5773174,-0.63131505,-1.5636739,-1.3426317,0.7768435
1747679460.1446044,-0.46157324,0.5773174,-0.63131505,-1.5636739,-1.3426317,0.7768435
1747679460.1451228,-0.46157324,0.5773174,-0.63131505,-1.5636739,-1.3426317,0.7768435
1747679460.1456409,-0.46157324,0.5773174,-0.63131505,-1.5636739,-1.3426317,0.7768435
1747679460.1461592,-0.46157324,0.5773174,-0.63131505,-1.5636739,-1.3426317,0.7768435
1747679460.1466775,-0.46157324,0.5773174,-0.63131505,-1.5636739,-1.3426317,0.7768435
1747679460.1471953,-0.46157324,0.5773174,-0.63131505,-1.5636739,-1.3426317,0.7768435
1747679460.1477134,-0.46157324,0.5773174,-0.63131505,-1.5636739,-1.3426317,0.7768435
1747679460.1482317,-0.46157324,0.5773174,-0.63131505,-1.5636739,-1.3426317,0.7768435
1747679460.1487577,-0.46157324,0.5773174,-0.63131505,-1.5636739,-1.3426317,0.7768435
1747679460.149276,-0.46157324,0.5773174,-0.63131505,-1.5636739,-1.3426317,0.7768435
1747679460.1497939,-0.46157324,0.5773174,-0.63131505,-1.5636739,-1.3426317,0.7768435
1747679460.1503117,-0.46157324,0.5773174,-0.63131505,-1.5636739,-1.3426317,0.7768435
1747679460.15083,-0.46157324,0.5773174,-0.63131505,-1.5636739,-1.3426317,0.7768435
1747679460.1513476,-0.46157324,0.5773174,-0.63131505,-1.5636739,-1.3426317,0.7768435
1747679460.1518655,-0.46157324,0.5773174,-0.63131505,-1.5636739,-1.3426317,0.7768435
1747679460.1523836,-0.46157324,0.5773174,-0.63131505,-1.5636739,-1.3426317,0.7768435
1747679460.1529012,-0.46157324,0.5773174,-0.63131505,-1.5636739,-1.3426317,0.7768435
1747679460.1534214,-0.46157324,0.5773174,-0.63131505,-1.5636739,-1.3426317,0.7768435
1747679460.1539526,-0.39030856,0.5704838,-0.56981266,-1.6797876,-1.3426317,0.8663257
1747679460.1545062,-0.39030856,0.5704838,-0.56981266,-1.6797876,-1.3426317,0.8663257
1747679460.1550488,-0.39030856,0.5704838,-0.56981266,-1.6797876,-1.3426317,0.8663257
1747679460.1555746,-0.39030856,0.5704838,-0.56981266,-1.6797876,-1.3426317,0.8663257
1747679460.156095,-0.39030856,0.5704838,-0.56981266,-1.6797876,-1.3426317,0.8663257
1747679460.1566133,-0.39030856,0.5704838,-0.56981266,-1.6797876,-1.3426317,0.8663257
1747679460.1571643,-0.39030856,0.5704838,-0.56981266,-1.6797876,-1.3426317,0.8663257
1747679460.1577275,-0.39030856,0.5704838,-0.56981266,-1.6797876,-1.3426317,0.8663257
1747679460.1582875,-0.39030856,0.5704838,-0.56981266,-1.6797876,-1.3426317,0.8663257
1747679460.1588407,-0.39030856,0.5704838,-0.56981266,-1.6797876,-1.3426317,0.8663257
1747679460.1593785,-0.3380803,0.5602334,-0.52929914,-1.8299898,-1.2435621,0.93663305
1747679460.159908,-0.3380803,0.5602334,-0.52929914,-1.8299898,-1.2435621,0.93663305
1747679460.160437,-0.3380803,0.5602334,-0.52929914,-1.8299898,-1.2435621,0.93663305
1747679460.1609666,-0.3380803,0.5602334,-0.52929914,-1.8299898,-1.2435621,0.93663305
1747679460.1614954,-0.3380803,0.5602334,-0.52929914,-1.8299898,-1.2435621,0.93663305
1747679460.1620245,-0.3380803,0.5602334,-0.52929914,-1.8299898,-1.2435621,0.93663305
1747679460.162553,-0.3380803,0.5602334,-0.52929914,-1.8299898,-1.2435621,0.93663305
1747679460.1630816,-0.3380803,0.5602334,-0.52929914,-1.8299898,-1.2435621,0.93663305
1747679460.1636105,-0.3380803,0.5602334,-0.52929914,-1.8299898,-1.2435621,0.93663305
1747679460.1641467,-0.3380803,0.5602334,-0.52929914,-1.8299898,-1.2435621,0.93663305
1747679460.164683,-0.3380803,0.5602334,-0.52929914,-1.8299898,-1.2435621,0.93663305
1747679460.1652133,-0.3380803,0.5602334,-0.52929914,-1.8299898,-1.2435621,0.93663305
1747679460.1657424,-0.3380803,0.5602334,-0.52929914,-1.8299898,-1.2435621,0.93663305
1747679460.1662714,-0.3380803,0.5602334,-0.52929914,-1.8299898,-1.2435621,0.93663305
1747679460.1668,-0.3380803,0.5602334,-0.52929914,-1.8299898,-1.2435621,0.93663305
1747679460.167329,-0.3380803,0.5602334,-0.52929914,-1.8299898,-1.2435621,0.93663305
1747679460.1678574,-0.3380803,0.5602334,-0.52929914,-1.8299898,-1.2435621,0.93663305
1747679460.1683867,-0.3380803,0.5602334,-0.52929914,-1.8299898,-1.2435621,0.93663305
1747679460.1689153,-0.3380803,0.5602334,-0.52929914,-1.8299898,-1.2435621,0.93663305
1747679460.1694622,-0.2404574,0.5441256,-0.44534346,-1.8299898,-1.2435621,0.93663305
1747679460.1700094,-0.2404574,0.5441256,-0.44534346,-1.8299898,-1.2435621,0.93663305
1747679460.170562,-0.2404574,0.5441256,-0.44534346,-1.9450382,-1.1189263,0.9515467
1747679460.1711047,-0.2404574,0.5441256,-0.44534346,-1.9450382,-1.1189263,0.9515467
1747679460.1716344,-0.2404574,0.5441256,-0.44534346,-1.9450382,-1.1189263,0.9515467
1747679460.172163,-0.2404574,0.5441256,-0.44534346,-1.9450382,-1.1189263,0.9515467
1747679460.1726923,-0.2404574,0.5441256,-0.44534346,-1.9450382,-1.1189263,0.9515467
1747679460.1732178,-0.2404574,0.5441256,-0.44534346,-1.9450382,-1.1189263,0.9515467
1747679460.1737826,-0.2404574,0.5441256,-0.44534346,-1.9450382,-1.1189263,0.9515467
1747679460.1743386,-0.2404574,0.5441256,-0.44534346,-1.9450382,-1.1189263,0.9515467
1747679460.1748998,-0.2404574,0.5441256,-0.44534346,-1.9450382,-1.1189263,0.9515467
1747679460.1754267,-0.2404574,0.5441256,-0.44534346,-1.9450382,-1.1189263,0.9515467
1747679460.175946,-0.2404574,0.5441256,-0.44534346,-1.9450382,-1.1189263,0.9515467
1747679460.1764643,-0.2404574,0.5441256,-0.44534346,-1.9450382,-1.1189263,0.9515467
1747679460.176982,-0.2404574,0.5441256,-0.44534346,-1.9450382,-1.1189263,0.9515467
1747679460.1775002,-0.2404574,0.5441256,-0.44534346,-1.9450382,-1.1189263,0.9515467
1747679460.1780183,-0.2404574,0.5441256,-0.44534346,-1.9450382,-1.1189263,0.9515467
1747679460.1785362,-0.2404574,0.5441256,-0.44534346,-1.9450382,-1.1189263,0.9515467
1747679460.1790545,-0.2404574,0.5441256,-0.44534346,-1.9450382,-1.1189263,0.9515467
1747679460.179573,-0.2404574,0.5441256,-0.44534346,-1.9450382,-1.1189263,0.9515467
1747679460.1800995,-0.2404574,0.5441256,-0.44534346,-1.9450382,-1.1189263,0.9515467
1747679460.1806202,-0.2404574,0.5441256,-0.44534346,-1.9450382,-1.1189263,0.9515467
1747679460.181139,-0.2404574,0.5441256,-0.44534346,-1.9450382,-1.1189263,0.9515467
1747679460.181657,-0.2404574,0.5441256,-0.44534346,-1.9450382,-1.1189263,0.9515467
1747679460.1821752,-0.2404574,0.5441256,-0.44534346,-1.9450382,-1.1189263,0.9515467
1747679460.182693,-0.2404574,0.5441256,-0.44534346,-1.9450382,-1.1189263,0.9515467
1747679460.1832113,-0.2404574,0.5441256,-0.44534346,-1.9450382,-1.1189263,0.9515467
1747679460.1837375,-0.2404574,0.5441256,-0.44534346,-1.9450382,-1.1189263,0.9515467
1747679460.1842716,-0.2404574,0.5441256,-0.44534346,-1.9450382,-1.1189263,0.9515467
1747679460.1848145,-0.2404574,0.5441256,-0.44534346,-1.9450382,-1.1189263,0.9515467
1747679460.1853619,-0.2404574,0.5441256,-0.44534346,-1.9450382,-1.1189263,0.9515467
1747679460.185888,-0.2404574,0.5441256,-0.44534346,-1.9450382,-1.1189263,0.9515467
1747679460.1864069,-0.2404574,0.5441256,-0.44534346,-1.9450382,-1.1189263,0.9515467
1747679460.1869247,-0.2404574,0.5441256,-0.44534346,-1.9450382,-1.1189263,0.9515467
1747679460.1874428,-0.2404574,0.5441256,-0.44534346,-1.9450382,-1.1189263,0.9515467
1747679460.1879928,-0.2404574,0.5441256,-0.44534346,-1.9450382,-1.1189263,0.9515467
1747679460.1885555,-0.2404574,0.5441256,-0.44534346,-1.9450382,-1.1189263,0.9515467
1747679460.1891081,-0.2404574,0.5441256,-0.44534346,-1.9450382,-1.1189263,0.9515467
1747679460.18967,-0.2404574,0.5441256,-0.44534346,-1.9450382,-1.1189263,0.9515467
1747679460.1901925,-0.2404574,0.5441256,-0.44534346,-1.9450382,-1.1189263,0.9515467
1747679460.190712,-0.2404574,0.5441256,-0.44534346,-1.9450382,-1.1189263,0.9515467
1747679460.1912303,-0.2404574,0.5441256,-0.44534346,-1.9450382,-1.1189263,0.9515467
1747679460.1917486,-0.2404574,0.5441256,-0.44534346,-1.9450382,-1.1189263,0.9515467
1747679460.19227,-0.2404574,0.5441256,-0.44534346,-1.9450382,-1.1189263,0.9515467
1747679460.1927881,-0.2404574,0.5441256,-0.44534346,-1.9450382,-1.1189263,0.9515467
1747679460.1933067,-0.2404574,0.5441256,-0.44534346,-1.9450382,-1.1189263,0.9515467
1747679460.1938355,-0.2404574,0.5441256,-0.44534346,-1.9450382,-1.1189263,0.9515467
1747679460.1943717,-0.2404574,0.5441256,-0.44534346,-1.9450382,-1.1189263,0.9515467
1747679460.1948924,-0.2404574,0.5441256,-0.44534346,-1.9450382,-1.1189263,0.9515467
1747679460.1954107,-0.2404574,0.5441256,-0.44534346,-1.9450382,-1.1189263,0.9515467
1747679460.1959288,-0.2404574,0.5441256,-0.44534346,-1.9450382,-1.1189263,0.9515467
1747679460.1964467,-0.2404574,0.5441256,-0.44534346,-1.9450382,-1.1189263,0.9515467
1747679460.1969645,-0.2404574,0.5441256,-0.44534346,-1.9450382,-1.1189263,0.9515467
1747679460.1974828,-0.2404574,0.5441256,-0.44534346,-1.9450382,-1.1189263,0.9515467
1747679460.1980007,-0.2404574,0.5441256,-0.44534346,-1.9450382,-1.1189263,0.9515467
1747679460.1985183,-0.2404574,0.5441256,-0.44534346,-1.9450382,-1.1189263,0.9515467
1747679460.1990364,-0.2404574,0.5441256,-0.44534346,-1.9450382,-1.1189263,0.9515467
1747679460.1995544,-0.2404574,0.5441256,-0.44534346,-1.9450382,-1.1189263,0.9515467
1747679460.2001038,-0.2404574,0.5441256,-0.44534346,-1.9450382,-1.1189263,0.9515467
1747679460.2006652,0.0070166457,0.57438874,-0.26327676,-1.9929751,-1.3607411,0.57550865
1747679460.2012143,0.0070166457,0.57438874,-0.26327676,-1.9929751,-1.3607411,0.57550865
1747679460.2017543,0.0070166457,0.57438874,-0.26327676,-1.9929751,-1.3607411,0.57550865
1747679460.2022874,0.0070166457,0.57438874,-0.26327676,-1.9929751,-1.3607411,0.57550865
1747679460.202807,0.0070166457,0.57438874,-0.26327676,-1.9929751,-1.3607411,0.57550865
1747679460.203326,0.0070166457,0.57438874,-0.26327676,-1.9929751,-1.3607411,0.57550865
1747679460.2038617,0.0070166457,0.57438874,-0.26327676,-1.9929751,-1.3607411,0.57550865
1747679460.204433,0.0070166457,0.57438874,-0.26327676,-1.9929751,-1.3607411,0.57550865
1747679460.204986,0.0070166457,0.57438874,-0.26327676,-1.9929751,-1.3607411,0.57550865
1747679460.205527,0.0070166457,0.57438874,-0.26327676,-1.9929751,-1.3607411,0.57550865
1747679460.2060592,0.0070166457,0.57438874,-0.26327676,-1.9929751,-1.3607411,0.57550865
1747679460.2065792,0.0070166457,0.57438874,-0.26327676,-1.9929751,-1.3607411,0.57550865
1747679460.2070978,0.0070166457,0.57438874,-0.26327676,-1.9929751,-1.3607411,0.57550865
1747679460.2076163,0.0070166457,0.57438874,-0.26327676,-1.9929751,-1.3607411,0.57550865
1747679460.2081347,0.0070166457,0.57438874,-0.26327676,-1.9929751,-1.3607411,0.57550865
1747679460.2086582,-0.040330462,0.59977067,-0.2720628,-1.9929751,-1.3607411,0.57550865
1747679460.2091808,-0.040330462,0.59977067,-0.2720628,-1.9961709,-1.4896381,0.43063283
1747679460.2096996,-0.040330462,0.59977067,-0.2720628,-1.9961709,-1.4896381,0.43063283
1747679460.2102182,-0.040330462,0.59977067,-0.2720628,-1.9961709,-1.4896381,0.43063283
1747679460.2107363,-0.040330462,0.59977067,-0.2720628,-1.9961709,-1.4896381,0.43063283
1747679460.2112546,-0.040330462,0.59977067,-0.2720628,-1.9961709,-1.4896381,0.43063283
1747679460.2117724,-0.040330462,0.59977067,-0.2720628,-1.9961709,-1.4896381,0.43063283
1747679460.2122903,-0.040330462,0.59977067,-0.2720628,-1.9961709,-1.4896381,0.43063283
1747679460.2128084,-0.040330462,0.59977067,-0.2720628,-1.9961709,-1.4896381,0.43063283
1747679460.2133267,-0.040330462,0.59977067,-0.2720628,-1.9961709,-1.4896381,0.43063283
1747679460.2138548,-0.040330462,0.59977067,-0.2720628,-1.9961709,-1.4896381,0.43063283
1747679460.214389,-0.040330462,0.59977067,-0.2720628,-1.9961709,-1.4896381,0.43063283
1747679460.2149348,-0.040330462,0.59977067,-0.2720628,-1.9961709,-1.4896381,0.43063283
1747679460.2154803,-0.040330462,0.59977067,-0.2720628,-1.9961709,-1.4896381,0.43063283
1747679460.2160046,-0.040330462,0.59977067,-0.2720628,-1.9961709,-1.4896381,0.43063283
1747679460.2165234,-0.040330462,0.59977067,-0.2720628,-1.9961709,-1.4896381,0.43063283
1747679460.2170422,-0.040330462,0.59977067,-0.2720628,-1.9961709,-1.4896381,0.43063283
1747679460.2175605,-0.040330462,0.59977067,-0.2720628,-1.9961709,-1.4896381,0.43063283
1747679460.2180786,-0.040330462,0.59977067,-0.2720628,-1.9961709,-1.4896381,0.43063283
1747679460.218597,-0.040330462,0.59977067,-0.2720628,-1.9961709,-1.4896381,0.43063283
1747679460.219126,-0.040330462,0.59977067,-0.2720628,-1.9961709,-1.4896381,0.43063283
1747679460.2197137,-0.040330462,0.59977067,-0.2720628,-1.9961709,-1.4896381,0.43063283
1747679460.2202606,-0.040330462,0.59977067,-0.2720628,-1.9961709,-1.4896381,0.43063283
1747679460.220787,-0.040330462,0.59977067,-0.2720628,-1.9961709,-1.4896381,0.43063283
1747679460.221308,-0.11452386,0.62661695,-0.2945161,-2.0845878,-1.6057518,0.36139068
1747679460.2218268,-0.11452386,0.62661695,-0.2945161,-2.0845878,-1.6057518,0.36139068
1747679460.2223449,-0.11452386,0.62661695,-0.2945161,-2.0845878,-1.6057518,0.36139068
1747679460.222863,-0.11452386,0.62661695,-0.2945161,-2.0845878,-1.6057518,0.36139068
1747679460.223381,-0.11452386,0.62661695,-0.2945161,-2.0845878,-1.6057518,0.36139068
1747679460.2239082,-0.11452386,0.62661695,-0.2945161,-2.0845878,-1.6057518,0.36139068
1747679460.224436,-0.11452386,0.62661695,-0.2945161,-2.0845878,-1.6057518,0.36139068
1747679460.2249556,-0.11452386,0.62661695,-0.2945161,-2.0845878,-1.6057518,0.36139068
1747679460.2254739,-0.11452386,0.62661695,-0.2945161,-2.0845878,-1.6057518,0.36139068
1747679460.225992,-0.11452386,0.62661695,-0.2945161,-2.0845878,-1.6057518,0.36139068
1747679460.2265098,-0.11452386,0.62661695,-0.2945161,-2.0845878,-1.6057518,0.36139068
1747679460.2270277,-0.11452386,0.62661695,-0.2945161,-2.0845878,-1.6057518,0.36139068
1747679460.2275455,-0.11452386,0.62661695,-0.2945161,-2.0845878,-1.6057518,0.36139068
1747679460.2280633,-0.11452386,0.62661695,-0.2945161,-2.0845878,-1.6057518,0.36139068
1747679460.2285812,-0.11452386,0.62661695,-0.2945161,-2.0845878,-1.6057518,0.36139068
1747679460.229099,-0.11452386,0.62661695,-0.2945161,-2.0845878,-1.6057518,0.36139068
1747679460.229617,-0.11452386,0.62661695,-0.2945161,-2.0845878,-1.6057518,0.36139068
1747679460.2302234,-0.11452386,0.62661695,-0.2945161,-2.0845878,-1.6057518,0.36139068
1747679460.2307804,-0.16772833,0.6397961,-0.2950042,-2.1911142,-1.6377097,0.366717
1747679460.231327,-0.16772833,0.6397961,-0.2950042,-2.1911142,-1.6377097,0.366717
1747679460.2318676,-0.16772833,0.6397961,-0.2950042,-2.1911142,-1.6377097,0.366717
1747679460.2324004,-0.16772833,0.6397961,-0.2950042,-2.1911142,-1.6377097,0.366717
1747679460.2329204,-0.16772833,0.6397961,-0.2950042,-2.1911142,-1.6377097,0.366717
1747679460.233439,-0.16772833,0.6397961,-0.2950042,-2.1911142,-1.6377097,0.366717
1747679460.2339702,-0.16772833,0.6397961,-0.2950042,-2.1911142,-1.6377097,0.366717
1747679460.234508,-0.16772833,0.6397961,-0.2950042,-2.1911142,-1.6377097,0.366717
1747679460.2350593,-0.16772833,0.6397961,-0.2950042,-2.1911142,-1.6377097,0.366717
1747679460.2356198,-0.16772833,0.6397961,-0.2950042,-2.1911142,-1.6377097,0.366717
1747679460.2361908,-0.16772833,0.6397961,-0.2950042,-2.1911142,-1.6377097,0.366717
1747679460.2367234,-0.16772833,0.6397961,-0.2950042,-2.1911142,-1.6377097,0.366717
1747679460.2372892,-0.16772833,0.6397961,-0.2950042,-2.1911142,-1.6377097,0.366717
1747679460.2378094,-0.16772833,0.6397961,-0.2950042,-2.1911142,-1.6377097,0.366717
1747679460.2383277,-0.16772833,0.6397961,-0.2950042,-2.1911142,-1.6377097,0.366717
1747679460.2388463,-0.16772833,0.6397961,-0.2950042,-2.1911142,-1.6377097,0.366717
1747679460.2393646,-0.16772833,0.6397961,-0.2950042,-2.1911142,-1.6377097,0.366717
1747679460.2398825,-0.16772833,0.6397961,-0.2950042,-2.1911142,-1.6377097,0.366717
1747679460.2404003,-0.16772833,0.6397961,-0.2950042,-2.1911142,-1.6377097,0.366717
1747679460.2409186,-0.16772833,0.6397961,-0.2950042,-2.1911142,-1.6377097,0.366717
1747679460.2414365,-0.16772833,0.6397961,-0.2950042,-2.1911142,-1.6377097,0.366717
1747679460.241955,-0.16772833,0.6397961,-0.2950042,-2.4744742,-1.5567497,0.4753739
1747679460.2424734,-0.16772833,0.6397961,-0.2950042,-2.4744742,-1.5567497,0.4753739
1747679460.2429948,-0.23167135,0.6378436,-0.24082349,-2.4744742,-1.5567497,0.4753739
1747679460.2435157,-0.23167135,0.6378436,-0.24082349,-2.4744742,-1.5567497,0.4753739
1747679460.2440443,-0.23167135,0.6378436,-0.24082349,-2.4744742,-1.5567497,0.4753739
1747679460.2445788,-0.23167135,0.6378436,-0.24082349,-2.4744742,-1.5567497,0.4753739
1747679460.245127,-0.23167135,0.6378436,-0.24082349,-2.4744742,-1.5567497,0.4753739
1747679460.2456732,-0.23167135,0.6378436,-0.24082349,-2.4744742,-1.5567497,0.4753739
1747679460.2461984,-0.23167135,0.6378436,-0.24082349,-2.4744742,-1.5567497,0.4753739
1747679460.2467172,-0.23167135,0.6378436,-0.24082349,-2.4744742,-1.5567497,0.4753739
1747679460.247235,-0.23167135,0.6378436,-0.24082349,-2.4744742,-1.5567497,0.4753739
1747679460.2477536,-0.23167135,0.6378436,-0.24082349,-2.4744742,-1.5567497,0.4753739
1747679460.2482717,-0.23167135,0.6378436,-0.24082349,-2.4744742,-1.5567497,0.4753739
1747679460.2487898,-0.23167135,0.6378436,-0.24082349,-2.4744742,-1.5567497,0.4753739
1747679460.2493076,-0.23167135,0.6378436,-0.24082349,-2.4744742,-1.5567497,0.4753739
1747679460.2498257,-0.23167135,0.6378436,-0.24082349,-2.4744742,-1.5567497,0.4753739
1747679460.2503436,-0.23167135,0.6378436,-0.24082349,-2.4744742,-1.5567497,0.4753739
1747679460.250893,-0.23167135,0.6378436,-0.24082349,-2.4744742,-1.5567497,0.4753739
1747679460.251446,-0.23167135,0.6378436,-0.24082349,-2.4744742,-1.5567497,0.4753739
1747679460.2520106,-0.23167135,0.6378436,-0.24082349,-2.4744742,-1.5567497,0.4753739
1747679460.2525437,-0.23167135,0.6378436,-0.24082349,-2.4744742,-1.5567497,0.4753739
1747679460.2530637,-0.23167135,0.6378436,-0.24082349,-2.716289,-1.4108086,0.6074666
1747679460.253583,-0.25510085,0.6105092,-0.13929567,-2.716289,-1.4108086,0.6074666
1747679460.25411,-0.25510085,0.6105092,-0.13929567,-2.716289,-1.4108086,0.6074666
1747679460.2546387,-0.25510085,0.6105092,-0.13929567,-2.716289,-1.4108086,0.6074666
1747679460.2551594,-0.25510085,0.6105092,-0.13929567,-2.716289,-1.4108086,0.6074666
1747679460.2556868,-0.25510085,0.6105092,-0.13929567,-2.716289,-1.4108086,0.6074666
1747679460.2562046,-0.25510085,0.6105092,-0.13929567,-2.716289,-1.4108086,0.6074666
1747679460.2567225,-0.25510085,0.6105092,-0.13929567,-2.716289,-1.4108086,0.6074666
1747679460.2572403,-0.25510085,0.6105092,-0.13929567,-2.716289,-1.4108086,0.6074666
1747679460.2577612,-0.25510085,0.6105092,-0.13929567,-2.716289,-1.4108086,0.6074666
1747679460.2582822,-0.25510085,0.6105092,-0.13929567,-2.716289,-1.4108086,0.6074666
1747679460.2588031,-0.25510085,0.6105092,-0.13929567,-2.716289,-1.4108086,0.6074666
1747679460.2593236,-0.25510085,0.6105092,-0.13929567,-2.716289,-1.4108086,0.6074666
1747679460.2598445,-0.25510085,0.6105092,-0.13929567,-2.716289,-1.4108086,0.6074666
1747679460.2604105,-0.25510085,0.6105092,-0.13929567,-2.716289,-1.4108086,0.6074666
1747679460.2609687,-0.25510085,0.6105092,-0.13929567,-2.716289,-1.4108086,0.6074666
1747679460.2615006,-0.25510085,0.6105092,-0.13929567,-2.716289,-1.4108086,0.6074666
1747679460.262036,-0.25510085,0.6105092,-0.13929567,-2.716289,-1.4108086,0.6074666
1747679460.2625713,-0.25510085,0.6105092,-0.13929567,-2.716289,-1.4108086,0.6074666
1747679460.2630928,-0.25510085,0.6105092,-0.13929567,-2.716289,-1.4108086,0.6074666
1747679460.263614,-0.25510085,0.6105092,-0.13929567,-2.716289,-1.4108086,0.6074666
1747679460.2641459,-0.2902451,0.5836629,0.0349612,-2.9314723,-1.2744548,0.7800393
1747679460.264679,-0.2902451,0.5836629,0.0349612,-2.9314723,-1.2744548,0.7800393
1747679460.2652016,-0.2902451,0.5836629,0.0349612,-2.9314723,-1.2744548,0.7800393
1747679460.2657225,-0.2902451,0.5836629,0.0349612,-2.9314723,-1.2744548,0.7800393
1747679460.2662432,-0.2902451,0.5836629,0.0349612,-2.9314723,-1.2744548,0.7800393
1747679460.2667775,-0.2902451,0.5836629,0.0349612,-2.9314723,-1.2744548,0.7800393
1747679460.2673528,-0.2902451,0.5836629,0.0349612,-2.9314723,-1.2744548,0.7800393
1747679460.267906,-0.2902451,0.5836629,0.0349612,-2.9314723,-1.2744548,0.7800393
1747679460.2684414,-0.2902451,0.5836629,0.0349612,-2.9314723,-1.2744548,0.7800393
1747679460.2689636,-0.2902451,0.5836629,0.0349612,-2.9314723,-1.2744548,0.7800393
1747679460.2694848,-0.2902451,0.5836629,0.0349612,-2.9314723,-1.2744548,0.7800393
1747679460.2700057,-0.2902451,0.5836629,0.0349612,-2.9314723,-1.2744548,0.7800393
1747679460.270527,-0.2902451,0.5836629,0.0349612,-2.9314723,-1.2744548,0.7800393
1747679460.2710476,-0.2902451,0.5836629,0.0349612,-2.9314723,-1.2744548,0.7800393
1747679460.2715683,-0.2902451,0.5836629,0.0349612,-2.9314723,-1.2744548,0.7800393
1747679460.2720933,-0.2902451,0.5836629,0.0349612,-2.9314723,-1.2744548,0.7800393
1747679460.2726192,-0.3009836,0.55486417,0.1828599,-3.0220199,-1.1807116,0.9600689
1747679460.2731268,-0.3009836,0.55486417,0.1828599,-3.0220199,-1.1807116,0.9600689
1747679460.2736456,-0.3009836,0.55486417,0.1828599,-3.0220199,-1.1807116,0.9600689
1747679460.2741637,-0.3009836,0.55486417,0.1828599,-3.0220199,-1.1807116,0.9600689
1747679460.2746913,-0.3009836,0.55486417,0.1828599,-3.0220199,-1.1807116,0.9600689
1747679460.2752256,-0.3009836,0.55486417,0.1828599,-3.0220199,-1.1807116,0.9600689
1747679460.2757697,-0.3009836,0.55486417,0.1828599,-3.0220199,-1.1807116,0.9600689
1747679460.2763147,-0.3009836,0.55486417,0.1828599,-3.0220199,-1.1807116,0.9600689
1747679460.2768395,-0.3009836,0.55486417,0.1828599,-3.0220199,-1.1807116,0.9600689
1747679460.277358,-0.3009836,0.55486417,0.1828599,-3.0220199,-1.1807116,0.9600689
1747679460.2778764,-0.3009836,0.55486417,0.1828599,-3.0220199,-1.1807116,0.9600689
1747679460.2783945,-0.3009836,0.55486417,0.1828599,-3.0220199,-1.1807116,0.9600689
1747679460.2789166,-0.3009836,0.55486417,0.1828599,-3.0316072,-1.1668632,1.1081405
1747679460.2794375,-0.3009836,0.55486417,0.1828599,-3.0316072,-1.1668632,1.1081405
1747679460.2799585,-0.3009836,0.55486417,0.1828599,-3.0316072,-1.1668632,1.1081405
1747679460.2804775,-0.21263488,0.53533953,0.32343686,-3.0316072,-1.1668632,1.1081405
1747679460.2809956,-0.21263488,0.53533953,0.32343686,-3.0316072,-1.1668632,1.1081405
1747679460.2815413,-0.21263488,0.53533953,0.32343686,-3.0316072,-1.1668632,1.1081405
1747679460.2820835,-0.21263488,0.53533953,0.32343686,-3.0316072,-1.1668632,1.1081405
1747679460.282646,-0.21263488,0.53533953,0.32343686,-3.0316072,-1.1668632,1.1081405
1747679460.2831793,-0.21263488,0.53533953,0.32343686,-3.0316072,-1.1668632,1.1081405
1747679460.2836988,-0.21263488,0.53533953,0.32343686,-3.0316072,-1.1668632,1.1081405
1747679460.2842255,-0.21263488,0.53533953,0.32343686,-3.0316072,-1.1668632,1.1081405
1747679460.2847526,-0.21263488,0.53533953,0.32343686,-3.0316072,-1.1668632,1.1081405
1747679460.2852728,-0.21263488,0.53533953,0.32343686,-3.0316072,-1.1668632,1.1081405
1747679460.2857912,-0.21263488,0.53533953,0.32343686,-3.0316072,-1.1668632,1.1081405
1747679460.28631,-0.21263488,0.53533953,0.32343686,-3.0316072,-1.1668632,1.1081405
1747679460.2868283,-0.21263488,0.53533953,0.32343686,-3.0316072,-1.1668632,1.1081405
1747679460.2873464,-0.21263488,0.53533953,0.32343686,-3.0316072,-1.1668632,1.1081405
1747679460.287865,-0.21263488,0.53533953,0.32343686,-3.0316072,-1.1668632,1.1081405
1747679460.288383,-0.21263488,0.53533953,0.32343686,-3.0316072,-1.1668632,1.1081405
1747679460.2889016,-0.21263488,0.53533953,0.32343686,-2.930407,-1.3021517,1.137968
1747679460.2894206,-0.001769415,0.5519355,0.44448924,-2.930407,-1.3021517,1.137968
1747679460.289939,-0.001769415,0.5519355,0.44448924,-2.930407,-1.3021517,1.137968
1747679460.290457,-0.001769415,0.5519355,0.44448924,-2.930407,-1.3021517,1.137968
1747679460.2910225,-0.001769415,0.5519355,0.44448924,-2.930407,-1.3021517,1.137968
1747679460.291598,-0.001769415,0.5519355,0.44448924,-2.930407,-1.3021517,1.137968
1747679460.2921364,-0.001769415,0.5519355,0.44448924,-2.930407,-1.3021517,1.137968
1747679460.2926693,-0.001769415,0.5519355,0.44448924,-2.930407,-1.3021517,1.137968
1747679460.2931886,-0.001769415,0.5519355,0.44448924,-2.930407,-1.3021517,1.137968
1747679460.2937148,-0.001769415,0.5519355,0.44448924,-2.930407,-1.3021517,1.137968
1747679460.2942412,-0.001769415,0.5519355,0.44448924,-2.930407,-1.3021517,1.137968
1747679460.2947612,-0.001769415,0.5519355,0.44448924,-2.930407,-1.3021517,1.137968
1747679460.2952795,-0.001769415,0.5519355,0.44448924,-2.930407,-1.3021517,1.137968
1747679460.2957976,-0.001769415,0.5519355,0.44448924,-2.930407,-1.3021517,1.137968
1747679460.2963154,-0.001769415,0.5519355,0.44448924,-2.930407,-1.3021517,1.137968
1747679460.2968335,-0.001769415,0.5519355,0.44448924,-2.930407,-1.3021517,1.137968
1747679460.2973783,-0.001769415,0.5519355,0.44448924,-2.930407,-1.3021517,1.137968
1747679460.297926,-0.001769415,0.5519355,0.44448924,-2.930407,-1.3021517,1.137968
1747679460.2985058,0.09487725,0.5709719,0.5128253,-2.8004448,-1.521596,1.0431594
1747679460.2990372,0.09487725,0.5709719,0.5128253,-2.8004448,-1.521596,1.0431594
1747679460.2995565,0.09487725,0.5709719,0.5128253,-2.8004448,-1.521596,1.0431594
1747679460.300075,0.09487725,0.5709719,0.5128253,-2.8004448,-1.521596,1.0431594
1747679460.3005936,0.09487725,0.5709719,0.5128253,-2.8004448,-1.521596,1.0431594
1747679460.3011117,0.09487725,0.5709719,0.5128253,-2.8004448,-1.521596,1.0431594
1747679460.3016303,0.09487725,0.5709719,0.5128253,-2.8004448,-1.521596,1.0431594
1747679460.3021486,0.09487725,0.5709719,0.5128253,-2.8004448,-1.521596,1.0431594
1747679460.302667,0.09487725,0.5709719,0.5128253,-2.8004448,-1.521596,1.0431594
1747679460.303185,0.09487725,0.5709719,0.5128253,-2.8004448,-1.521596,1.0431594
1747679460.3037038,0.09487725,0.5709719,0.5128253,-2.8004448,-1.521596,1.0431594
1747679460.3042326,0.09487725,0.5709719,0.5128253,-2.8004448,-1.521596,1.0431594
1747679460.304767,0.09487725,0.5709719,0.5128253,-2.8004448,-1.521596,1.0431594
1747679460.305287,0.09487725,0.5709719,0.5128253,-2.8004448,-1.521596,1.0431594
1747679460.3058047,0.09487725,0.5709719,0.5128253,-2.8004448,-1.521596,1.0431594
1747679460.3063385,0.09487725,0.5709719,0.5128253,-2.8004448,-1.521596,1.0431594
1747679460.306881,0.09487725,0.5709719,0.5128253,-2.8004448,-1.521596,1.0431594
1747679460.307413,0.09487725,0.5709719,0.5128253,-2.8004448,-1.521596,1.0431594
1747679460.3079324,0.09487725,0.5709719,0.5128253,-2.8004448,-1.521596,1.0431594
1747679460.3084512,0.09487725,0.5709719,0.5128253,-2.8004448,-1.521596,1.0431594
1747679460.3089695,0.10073463,0.6036756,0.5367429,-2.6193502,-1.8347834,0.8705867
1747679460.3094952,0.10073463,0.6036756,0.5367429,-2.6193502,-1.8347834,0.8705867
1747679460.310016,0.10073463,0.6036756,0.5367429,-2.6193502,-1.8347834,0.8705867
1747679460.3105345,0.10073463,0.6036756,0.5367429,-2.6193502,-1.8347834,0.8705867
1747679460.3110523,0.10073463,0.6036756,0.5367429,-2.6193502,-1.8347834,0.8705867
1747679460.3115704,0.10073463,0.6036756,0.5367429,-2.6193502,-1.8347834,0.8705867
1747679460.3120883,0.10073463,0.6036756,0.5367429,-2.6193502,-1.8347834,0.8705867
1747679460.312606,0.10073463,0.6036756,0.5367429,-2.6193502,-1.8347834,0.8705867
1747679460.3131347,0.10073463,0.6036756,0.5367429,-2.6193502,-1.8347834,0.8705867
1747679460.3137043,0.10073463,0.6036756,0.5367429,-2.6193502,-1.8347834,0.8705867
1747679460.3142514,0.10073463,0.6036756,0.5367429,-2.6193502,-1.8347834,0.8705867
1747679460.3147764,0.10073463,0.6036756,0.5367429,-2.6193502,-1.8347834,0.8705867
1747679460.3152947,0.10073463,0.6036756,0.5367429,-2.6193502,-1.8347834,0.8705867
1747679460.3158133,0.10073463,0.6036756,0.5367429,-2.6193502,-1.8347834,0.8705867
1747679460.3163316,0.10073463,0.6036756,0.5367429,-2.6193502,-1.8347834,0.8705867
1747679460.3168492,0.10073463,0.6036756,0.5367429,-2.6193502,-1.8347834,0.8705867
1747679460.3173678,0.10073463,0.6036756,0.5367429,-2.6193502,-1.8347834,0.8705867
1747679460.3178859,0.10073463,0.6036756,0.5367429,-2.6193502,-1.8347834,0.8705867
1747679460.3184035,0.10073463,0.6036756,0.5367429,-2.6193502,-1.8347834,0.8705867
1747679460.3189223,-0.0061624455,0.579758,0.57091093,-2.5234764,-1.7921729,0.81412774
1747679460.3194408,-0.0061624455,0.579758,0.57091093,-2.5234764,-1.7921729,0.81412774
1747679460.3199594,-0.0061624455,0.579758,0.57091093,-2.5234764,-1.7921729,0.81412774
1747679460.3204772,-0.0061624455,0.579758,0.57091093,-2.5234764,-1.7921729,0.81412774
1747679460.3209953,-0.0061624455,0.579758,0.57091093,-2.5234764,-1.7921729,0.81412774
1747679460.321537,-0.0061624455,0.579758,0.57091093,-2.5234764,-1.7921729,0.81412774
1747679460.322094,-0.0061624455,0.579758,0.57091093,-2.5234764,-1.7921729,0.81412774
1747679460.3226564,-0.0061624455,0.579758,0.57091093,-2.5234764,-1.7921729,0.81412774
1747679460.323199,-0.0061624455,0.579758,0.57091093,-2.5234764,-1.7921729,0.81412774
1747679460.3237317,-0.0061624455,0.579758,0.57091093,-2.5234764,-1.7921729,0.81412774
1747679460.3242652,-0.0061624455,0.579758,0.57091093,-2.5234764,-1.7921729,0.81412774
1747679460.324804,-0.0061624455,0.579758,0.57091093,-2.5234764,-1.7921729,0.81412774
1747679460.3253245,-0.0061624455,0.579758,0.57091093,-2.5234764,-1.7921729,0.81412774
1747679460.3258429,-0.0061624455,0.579758,0.57091093,-2.5234764,-1.7921729,0.81412774
1747679460.326361,-0.0061624455,0.579758,0.57091093,-2.5234764,-1.7921729,0.81412774
1747679460.326879,-0.0061624455,0.579758,0.57091093,-2.5234764,-1.7921729,0.81412774
1747679460.3273969,-0.0061624455,0.579758,0.57091093,-2.5234764,-1.7921729,0.81412774
1747679460.327915,-0.0061624455,0.579758,0.57091093,-2.5234764,-1.7921729,0.81412774
1747679460.328433,-0.0061624455,0.579758,0.57091093,-2.5234764,-1.7921729,0.81412774
1747679460.3289824,-0.0061624455,0.579758,0.57091093,-2.5234764,-1.7921729,0.81412774
1747679460.3295343,-0.0061624455,0.579758,0.57091093,-2.5234764,-1.7921729,0.81412774
1747679460.3301125,-0.0061624455,0.579758,0.57091093,-2.5234764,-1.7921729,0.81412774
1747679460.3306441,-0.111107066,0.5289941,0.6080076,-2.4435816,-1.4811159,0.87165195
1747679460.3311641,-0.111107066,0.5289941,0.6080076,-2.4435816,-1.4811159,0.87165195
1747679460.331683,-0.111107066,0.5289941,0.6080076,-2.4435816,-1.4811159,0.87165195
1747679460.3322015,-0.111107066,0.5289941,0.6080076,-2.4435816,-1.4811159,0.87165195
1747679460.33272,-0.111107066,0.5289941,0.6080076,-2.4435816,-1.4811159,0.87165195
1747679460.3332388,-0.111107066,0.5289941,0.6080076,-2.4435816,-1.4811159,0.87165195
1747679460.3337672,-0.111107066,0.5289941,0.6080076,-2.4435816,-1.4811159,0.87165195
1747679460.334302,-0.111107066,0.5289941,0.6080076,-2.4435816,-1.4811159,0.87165195
1747679460.334822,-0.111107066,0.5289941,0.6080076,-2.4435816,-1.4811159,0.87165195
1747679460.3353403,-0.111107066,0.5289941,0.6080076,-2.4435816,-1.4811159,0.87165195
1747679460.335858,-0.111107066,0.5289941,0.6080076,-2.4435816,-1.4811159,0.87165195
1747679460.3363764,-0.111107066,0.5289941,0.6080076,-2.4435816,-1.4811159,0.87165195
1747679460.3369164,-0.111107066,0.5289941,0.6080076,-2.4435816,-1.4811159,0.87165195
1747679460.3374639,-0.111107066,0.5289941,0.6080076,-2.4435816,-1.4811159,0.87165195
1747679460.3379962,-0.111107066,0.5289941,0.6080076,-2.4435816,-1.4811159,0.87165195
1747679460.3385158,-0.111107066,0.5289941,0.6080076,-2.4435816,-1.4811159,0.87165195
1747679460.3390343,-0.111107066,0.5289941,0.6080076,-2.4435816,-1.4811159,0.87165195
1747679460.3395524,-0.111107066,0.5289941,0.6080076,-2.4435816,-1.4811159,0.87165195
1747679460.3400714,-0.111107066,0.5289941,0.6080076,-2.3572953,-1.0603368,1.0143973
1747679460.3405898,-0.21849224,0.5109339,0.6104482,-2.3572953,-1.0603368,1.0143973
1747679460.3411083,-0.21849224,0.5109339,0.6104482,-2.3572953,-1.0603368,1.0143973
1747679460.3416264,-0.21849224,0.5109339,0.6104482,-2.3572953,-1.0603368,1.0143973
1747679460.3421443,-0.21849224,0.5109339,0.6104482,-2.3572953,-1.0603368,1.0143973
1747679460.3426619,-0.21849224,0.5109339,0.6104482,-2.3572953,-1.0603368,1.0143973
1747679460.34318,-0.21849224,0.5109339,0.6104482,-2.3572953,-1.0603368,1.0143973
1747679460.343698,-0.21849224,0.5109339,0.6104482,-2.3572953,-1.0603368,1.0143973
1747679460.344226,-0.21849224,0.5109339,0.6104482,-2.3572953,-1.0603368,1.0143973
1747679460.3447835,-0.21849224,0.5109339,0.6104482,-2.3572953,-1.0603368,1.0143973
1747679460.3453307,-0.21849224,0.5109339,0.6104482,-2.3572953,-1.0603368,1.0143973
1747679460.3458931,-0.21849224,0.5109339,0.6104482,-2.3572953,-1.0603368,1.0143973
1747679460.346426,-0.21849224,0.5109339,0.6104482,-2.3572953,-1.0603368,1.0143973
1747679460.3469455,-0.21849224,0.5109339,0.6104482,-2.3572953,-1.0603368,1.0143973
1747679460.347464,-0.21849224,0.5109339,0.6104482,-2.3572953,-1.0603368,1.0143973
1747679460.3479824,-0.21849224,0.5109339,0.6104482,-2.3572953,-1.0603368,1.0143973
1747679460.3485005,-0.21849224,0.5109339,0.6104482,-2.3572953,-1.0603368,1.0143973
1747679460.3490186,-0.21849224,0.5109339,0.6104482,-2.3572953,-1.0603368,1.0143973
1747679460.3495364,-0.21849224,0.5109339,0.6104482,-2.3572953,-1.0603368,1.0143973
1747679460.350055,-0.21849224,0.5109339,0.6104482,-2.3572953,-1.0603368,1.0143973
1747679460.350573,-0.21849224,0.5109339,0.6104482,-2.3572953,-1.0603368,1.0143973
1747679460.3510911,-0.21849224,0.5109339,0.6104482,-2.3572953,-1.0603368,1.0143973
1747679460.351609,-0.21849224,0.5109339,0.6104482,-2.3572953,-1.0603368,1.0143973
1747679460.3521445,-0.21849224,0.5109339,0.6104482,-2.3572953,-1.0603368,1.0143973
1747679460.3527026,-0.27560166,0.52313673,0.5806732,-2.3061626,-0.82171774,1.1699258
1747679460.3532655,-0.27560166,0.52313673,0.5806732,-2.3061626,-0.82171774,1.1699258
1747679460.353811,-0.27560166,0.52313673,0.5806732,-2.3061626,-0.82171774,1.1699258
1747679460.3543515,-0.27560166,0.52313673,0.5806732,-2.3061626,-0.82171774,1.1699258
1747679460.3548758,-0.27560166,0.52313673,0.5806732,-2.3061626,-0.82171774,1.1699258
1747679460.3553946,-0.27560166,0.52313673,0.5806732,-2.3061626,-0.82171774,1.1699258
1747679460.3559127,-0.27560166,0.52313673,0.5806732,-2.3061626,-0.82171774,1.1699258
1747679460.356431,-0.27560166,0.52313673,0.5806732,-2.3061626,-0.82171774,1.1699258
1747679460.3569496,-0.27560166,0.52313673,0.5806732,-2.3061626,-0.82171774,1.1699258
1747679460.3574703,-0.27560166,0.52313673,0.5806732,-2.3061626,-0.82171774,1.1699258
1747679460.3579915,-0.27560166,0.52313673,0.5806732,-2.3061626,-0.82171774,1.1699258
1747679460.3585124,-0.27560166,0.52313673,0.5806732,-2.3061626,-0.82171774,1.1699258
1747679460.3590333,-0.27560166,0.52313673,0.5806732,-2.3061626,-0.82171774,1.1699258
1747679460.3595543,-0.27560166,0.52313673,0.5806732,-2.3061626,-0.82171774,1.1699258
1747679460.360075,-0.27560166,0.52313673,0.5806732,-2.3061626,-0.82171774,1.1699258
1747679460.3606093,-0.27560166,0.52313673,0.5806732,-2.3061626,-0.82171774,1.1699258
1747679460.361183,-0.27560166,0.52313673,0.5806732,-2.3061626,-0.82171774,1.1699258
1747679460.361734,-0.27560166,0.52313673,0.5806732,-2.3061626,-0.82171774,1.1699258
1747679460.362268,-0.27560166,0.52313673,0.5806732,-2.3061626,-0.82171774,1.1699258
1747679460.3627896,-0.27560166,0.52313673,0.5806732,-2.3061626,-0.82171774,1.1699258
1747679460.3633106,-0.27560166,0.52313673,0.5806732,-2.3061626,-0.82171774,1.1699258
1747679460.3638315,-0.27560166,0.52313673,0.5806732,-2.3061626,-0.82171774,1.1699258
1747679460.3643632,-0.27560166,0.52313673,0.5806732,-2.3061626,-0.82171774,1.1699258
1747679460.3649004,-0.27560166,0.52313673,0.5806732,-2.3061626,-0.82171774,1.1699258
1747679460.365423,-0.27560166,0.52313673,0.5806732,-2.3061626,-0.82171774,1.1699258
1747679460.3659432,-0.27560166,0.52313673,0.5806732,-2.3061626,-0.82171774,1.1699258
1747679460.3664637,-0.27560166,0.52313673,0.5806732,-2.3061626,-0.82171774,1.1699258
1747679460.3669841,-0.27560166,0.52313673,0.5806732,-2.3061626,-0.82171774,1.1699258
1747679460.3675294,-0.27560166,0.52313673,0.5806732,-2.3061626,-0.82171774,1.1699258
1747679460.36808,-0.27560166,0.52313673,0.5806732,-2.3061626,-0.82171774,1.1699258
1747679460.3686068,-0.27560166,0.52313673,0.5806732,-2.3061626,-0.82171774,1.1699258
1747679460.3691278,-0.27560166,0.52313673,0.5806732,-2.3061626,-0.82171774,1.1699258
1747679460.3696487,-0.27560166,0.52313673,0.5806732,-2.3061626,-0.82171774,1.1699258
1747679460.3701696,-0.27560166,0.52313673,0.5806732,-2.3061626,-0.82171774,1.1699258
1747679460.37069,-0.27560166,0.52313673,0.5806732,-2.3061626,-0.82171774,1.1699258
1747679460.3712106,-0.27560166,0.52313673,0.5806732,-2.3061626,-0.82171774,1.1699258
1747679460.3717308,-0.27560166,0.52313673,0.5806732,-2.3061626,-0.82171774,1.1699258
1747679460.372251,-0.27560166,0.52313673,0.5806732,-2.3061626,-0.82171774,1.1699258
1747679460.3727741,-0.27560166,0.52313673,0.5806732,-2.3061626,-0.82171774,1.1699258
1747679460.3732822,-0.27560166,0.52313673,0.5806732,-2.3061626,-0.82171774,1.1699258
1747679460.3738222,-0.15210868,0.50507647,0.49427694,-2.3061626,-0.82171774,1.1699258
1747679460.3743773,-0.15210868,0.50507647,0.49427694,-2.3200111,-0.72797453,1.5480944
1747679460.374916,-0.15210868,0.50507647,0.49427694,-2.3200111,-0.72797453,1.5480944
1747679460.3754473,-0.15210868,0.50507647,0.49427694,-2.3200111,-0.72797453,1.5480944
1747679460.3759968,-0.15210868,0.50507647,0.49427694,-2.3200111,-0.72797453,1.5480944
1747679460.376542,-0.15210868,0.50507647,0.49427694,-2.3200111,-0.72797453,1.5480944
1747679460.3770885,-0.15210868,0.50507647,0.49427694,-2.3200111,-0.72797453,1.5480944
1747679460.3776212,-0.15210868,0.50507647,0.49427694,-2.3200111,-0.72797453,1.5480944
1747679460.3781407,-0.15210868,0.50507647,0.49427694,-2.3200111,-0.72797453,1.5480944
1747679460.3786614,-0.15210868,0.50507647,0.49427694,-2.3200111,-0.72797453,1.5480944
1747679460.379182,-0.0071386746,0.52118427,0.4723118,-2.3200111,-0.72797453,1.5480944
1747679460.3797016,-0.0071386746,0.52118427,0.4723118,-2.3349247,-1.0379663,1.5683343
1747679460.3802197,-0.0071386746,0.52118427,0.4723118,-2.3349247,-1.0379663,1.5683343
1747679460.3807373,-0.0071386746,0.52118427,0.4723118,-2.3349247,-1.0379663,1.5683343
1747679460.3812554,-0.0071386746,0.52118427,0.4723118,-2.3349247,-1.0379663,1.5683343
1747679460.3817732,-0.0071386746,0.52118427,0.4723118,-2.3349247,-1.0379663,1.5683343
1747679460.3822916,-0.0071386746,0.52118427,0.4723118,-2.3349247,-1.0379663,1.5683343
1747679460.3828387,-0.0071386746,0.52118427,0.4723118,-2.3349247,-1.0379663,1.5683343
1747679460.3833907,-0.0071386746,0.52118427,0.4723118,-2.3349247,-1.0379663,1.5683343
1747679460.3839374,-0.0071386746,0.52118427,0.4723118,-2.3349247,-1.0379663,1.5683343
1747679460.3844855,-0.0071386746,0.52118427,0.4723118,-2.3349247,-1.0379663,1.5683343
1747679460.385018,-0.0071386746,0.52118427,0.4723118,-2.3349247,-1.0379663,1.5683343
1747679460.3855379,-0.0071386746,0.52118427,0.4723118,-2.3349247,-1.0379663,1.5683343
1747679460.386056,-0.0071386746,0.52118427,0.4723118,-2.3349247,-1.0379663,1.5683343
1747679460.3865743,-0.0071386746,0.52118427,0.4723118,-2.3349247,-1.0379663,1.5683343
1747679460.3870926,-0.0071386746,0.52118427,0.4723118,-2.3349247,-1.0379663,1.5683343
1747679460.3876107,-0.0071386746,0.52118427,0.4723118,-2.3349247,-1.0379663,1.5683343
1747679460.3881288,-0.0071386746,0.52118427,0.4723118,-2.3349247,-1.0379663,1.5683343
1747679460.3886468,-0.0071386746,0.52118427,0.4723118,-2.3349247,-1.0379663,1.5683343
1747679460.3891652,-0.0071386746,0.52118427,0.4723118,-2.3349247,-1.0379663,1.5683343
1747679460.3897285,-0.0071386746,0.52118427,0.4723118,-2.3988407,-1.5855118,1.4884397
1747679460.39025,0.11781863,0.56853133,0.46499008,-2.3988407,-1.5855118,1.4884397
1747679460.3907988,0.11781863,0.56853133,0.46499008,-2.3988407,-1.5855118,1.4884397
1747679460.391341,0.11781863,0.56853133,0.46499008,-2.3988407,-1.5855118,1.4884397
1747679460.391875,0.11781863,0.56853133,0.46499008,-2.3988407,-1.5855118,1.4884397
1747679460.392431,0.11781863,0.56853133,0.46499008,-2.3988407,-1.5855118,1.4884397
1747679460.3929844,0.11781863,0.56853133,0.46499008,-2.3988407,-1.5855118,1.4884397
1747679460.393535,0.11781863,0.56853133,0.46499008,-2.3988407,-1.5855118,1.4884397
1747679460.3940713,0.11781863,0.56853133,0.46499008,-2.3988407,-1.5855118,1.4884397
1747679460.3946173,0.11781863,0.56853133,0.46499008,-2.3988407,-1.5855118,1.4884397
1747679460.395141,0.11781863,0.56853133,0.46499008,-2.3988407,-1.5855118,1.4884397
1747679460.3956597,0.11781863,0.56853133,0.46499008,-2.3988407,-1.5855118,1.4884397
1747679460.396178,0.11781863,0.56853133,0.46499008,-2.3988407,-1.5855118,1.4884397
1747679460.396696,0.11781863,0.56853133,0.46499008,-2.3988407,-1.5855118,1.4884397
1747679460.3972142,0.11781863,0.56853133,0.46499008,-2.3988407,-1.5855118,1.4884397
1747679460.397732,0.11781863,0.56853133,0.46499008,-2.3988407,-1.5855118,1.4884397
1747679460.3982723,0.11781863,0.56853133,0.46499008,-2.3988407,-1.5855118,1.4884397
1747679460.398829,0.11781863,0.56853133,0.46499008,-2.3988407,-1.5855118,1.4884397
1747679460.3993552,0.14222436,0.562674,0.46889502,-2.5522385,-2.0936425,1.3755217
1747679460.3998742,0.14222436,0.562674,0.46889502,-2.5522385,-2.0936425,1.3755217
1747679460.400393,0.14222436,0.562674,0.46889502,-2.5522385,-2.0936425,1.3755217
1747679460.400911,0.14222436,0.562674,0.46889502,-2.5522385,-2.0936425,1.3755217
1747679460.4014294,0.14222436,0.562674,0.46889502,-2.5522385,-2.0936425,1.3755217
1747679460.4019475,0.14222436,0.562674,0.46889502,-2.5522385,-2.0936425,1.3755217
1747679460.4024656,0.14222436,0.562674,0.46889502,-2.5522385,-2.0936425,1.3755217
1747679460.4029834,0.14222436,0.562674,0.46889502,-2.5522385,-2.0936425,1.3755217
1747679460.4035013,0.14222436,0.562674,0.46889502,-2.5522385,-2.0936425,1.3755217
1747679460.4040194,0.14222436,0.562674,0.46889502,-2.5522385,-2.0936425,1.3755217
1747679460.4045477,0.14222436,0.562674,0.46889502,-2.5522385,-2.0936425,1.3755217
1747679460.4050815,0.14222436,0.562674,0.46889502,-2.5522385,-2.0936425,1.3755217
1747679460.4056013,0.14222436,0.562674,0.46889502,-2.5522385,-2.0936425,1.3755217
1747679460.4061193,0.14222436,0.562674,0.46889502,-2.5522385,-2.0936425,1.3755217
1747679460.4066374,0.14222436,0.562674,0.46889502,-2.5522385,-2.0936425,1.3755217
1747679460.407186,0.14222436,0.562674,0.46889502,-2.5522385,-2.0936425,1.3755217
1747679460.4077382,0.14222436,0.562674,0.46889502,-2.5522385,-2.0936425,1.3755217
1747679460.4083123,0.14222436,0.562674,0.46889502,-2.5522385,-2.0936425,1.3755217
1747679460.4088495,0.14222436,0.562674,0.46889502,-2.5522385,-2.0936425,1.3755217
1747679460.4093697,0.14222436,0.562674,0.46889502,-2.5522385,-2.0936425,1.3755217
1747679460.4098883,0.041672774,0.48018262,0.5367429,-2.5522385,-2.0936425,1.3755217
1747679460.410407,0.041672774,0.48018262,0.5367429,-2.764226,-2.1628847,1.364869
1747679460.410926,0.041672774,0.48018262,0.5367429,-2.764226,-2.1628847,1.364869
1747679460.4114444,0.041672774,0.48018262,0.5367429,-2.764226,-2.1628847,1.364869
1747679460.4119625,0.041672774,0.48018262,0.5367429,-2.764226,-2.1628847,1.364869
1747679460.412481,0.041672774,0.48018262,0.5367429,-2.764226,-2.1628847,1.364869
1747679460.4129992,0.041672774,0.48018262,0.5367429,-2.764226,-2.1628847,1.364869
1747679460.413535,0.041672774,0.48018262,0.5367429,-2.764226,-2.1628847,1.364869
1747679460.4140966,0.041672774,0.48018262,0.5367429,-2.764226,-2.1628847,1.364869
1747679460.4146407,0.041672774,0.48018262,0.5367429,-2.764226,-2.1628847,1.364869
1747679460.4151654,0.041672774,0.48018262,0.5367429,-2.764226,-2.1628847,1.364869
1747679460.415684,0.041672774,0.48018262,0.5367429,-2.764226,-2.1628847,1.364869
1747679460.4162025,0.041672774,0.48018262,0.5367429,-2.764226,-2.1628847,1.364869
1747679460.4167209,0.041672774,0.48018262,0.5367429,-2.764226,-2.1628847,1.364869
1747679460.4172385,0.041672774,0.48018262,0.5367429,-2.764226,-2.1628847,1.364869
1747679460.4177566,0.041672774,0.48018262,0.5367429,-2.764226,-2.1628847,1.364869
1747679460.4182744,0.041672774,0.48018262,0.5367429,-2.764226,-2.1628847,1.364869
1747679460.4187925,0.041672774,0.48018262,0.5367429,-2.764226,-2.1628847,1.364869
1747679460.4193206,-0.085237,0.44845515,0.6236273,-3.0007145,-1.9008298,1.5161365
1747679460.419839,-0.085237,0.44845515,0.6236273,-3.0007145,-1.9008298,1.5161365
1747679460.4203568,-0.085237,0.44845515,0.6236273,-3.0007145,-1.9008298,1.5161365
1747679460.4208748,-0.085237,0.44845515,0.6236273,-3.0007145,-1.9008298,1.5161365
1747679460.4213924,-0.085237,0.44845515,0.6236273,-3.0007145,-1.9008298,1.5161365
1747679460.42191,-0.085237,0.44845515,0.6236273,-3.0007145,-1.9008298,1.5161365
1747679460.4224274,-0.085237,0.44845515,0.6236273,-3.0007145,-1.9008298,1.5161365
1747679460.4229581,-0.085237,0.44845515,0.6236273,-3.0007145,-1.9008298,1.5161365
1747679460.42353,-0.085237,0.44845515,0.6236273,-3.0007145,-1.9008298,1.5161365
1747679460.4240766,-0.085237,0.44845515,0.6236273,-3.0007145,-1.9008298,1.5161365
1747679460.424617,-0.085237,0.44845515,0.6236273,-3.0007145,-1.9008298,1.5161365
1747679460.4251435,-0.085237,0.44845515,0.6236273,-3.0007145,-1.9008298,1.5161365
1747679460.425664,-0.085237,0.44845515,0.6236273,-3.0007145,-1.9008298,1.5161365
1747679460.4261825,-0.085237,0.44845515,0.6236273,-3.0007145,-1.9008298,1.5161365
1747679460.4267006,-0.085237,0.44845515,0.6236273,-3.0007145,-1.9008298,1.5161365
1747679460.427219,-0.085237,0.44845515,0.6236273,-3.0007145,-1.9008298,1.5161365
1747679460.427737,-0.085237,0.44845515,0.6236273,-3.0007145,-1.9008298,1.5161365
1747679460.4282556,-0.085237,0.44845515,0.6236273,-3.0007145,-1.9008298,1.5161365
1747679460.4288058,-0.085237,0.44845515,0.6236273,-3.0007145,-1.9008298,1.5161365
1747679460.4293618,-0.085237,0.44845515,0.6236273,-3.0007145,-1.9008298,1.5161365
1747679460.4298909,-0.085237,0.44845515,0.6236273,-3.0007145,-1.9008298,1.5161365
1747679460.4304101,-0.17944309,0.42795438,0.7383342,-3.2425294,-1.4182653,1.7792566
1747679460.4309292,-0.17944309,0.42795438,0.7383342,-3.2425294,-1.4182653,1.7792566
1747679460.4314473,-0.17944309,0.42795438,0.7383342,-3.2425294,-1.4182653,1.7792566
1747679460.4319656,-0.17944309,0.42795438,0.7383342,-3.2425294,-1.4182653,1.7792566
1747679460.432484,-0.17944309,0.42795438,0.7383342,-3.2425294,-1.4182653,1.7792566
1747679460.4330018,-0.17944309,0.42795438,0.7383342,-3.2425294,-1.4182653,1.7792566
1747679460.4335194,-0.17944309,0.42795438,0.7383342,-3.2425294,-1.4182653,1.7792566
1747679460.434047,-0.17944309,0.42795438,0.7383342,-3.2425294,-1.4182653,1.7792566
1747679460.434575,-0.17944309,0.42795438,0.7383342,-3.2425294,-1.4182653,1.7792566
1747679460.4350953,-0.17944309,0.42795438,0.7383342,-3.2425294,-1.4182653,1.7792566
1747679460.4356139,-0.17944309,0.42795438,0.7383342,-3.2425294,-1.4182653,1.7792566
1747679460.4361324,-0.17944309,0.42795438,0.7383342,-3.2425294,-1.4182653,1.7792566
1747679460.4366505,-0.17944309,0.42795438,0.7383342,-3.2425294,-1.4182653,1.7792566
1747679460.4372048,-0.17944309,0.42795438,0.7383342,-3.2425294,-1.4182653,1.7792566
1747679460.4377265,-0.17944309,0.42795438,0.7383342,-3.2425294,-1.4182653,1.7792566
1747679460.438245,-0.17944309,0.42795438,0.7383342,-3.2425294,-1.4182653,1.7792566
1747679460.4387681,-0.17944309,0.42795438,0.7383342,-3.2425294,-1.4182653,1.7792566
1747679460.439319,-0.17944309,0.42795438,0.7383342,-3.2425294,-1.4182653,1.7792566
1747679460.439868,-0.17944309,0.42795438,0.7383342,-3.2425294,-1.4182653,1.7792566
1747679460.4404004,-0.17944309,0.42795438,0.7383342,-3.2425294,-1.4182653,1.7792566
1747679460.440927,-0.20726562,0.41623965,0.82717097,-3.2425294,-1.4182653,1.7792566
1747679460.441454,-0.20726562,0.41623965,0.82717097,-3.3469253,-1.0603368,1.9688735
1747679460.441973,-0.20726562,0.41623965,0.82717097,-3.3469253,-1.0603368,1.9688735
1747679460.442492,-0.20726562,0.41623965,0.82717097,-3.3469253,-1.0603368,1.9688735
1747679460.44301,-0.20726562,0.41623965,0.82717097,-3.3469253,-1.0603368,1.9688735
1747679460.4435282,-0.20726562,0.41623965,0.82717097,-3.3469253,-1.0603368,1.9688735
1747679460.444106,-0.20726562,0.41623965,0.82717097,-3.3469253,-1.0603368,1.9688735
1747679460.4446838,-0.20726562,0.41623965,0.82717097,-3.3469253,-1.0603368,1.9688735
1747679460.4455655,-0.20726562,0.41623965,0.82717097,-3.3469253,-1.0603368,1.9688735
1747679460.4461153,-0.20726562,0.41623965,0.82717097,-3.3469253,-1.0603368,1.9688735
1747679460.4466476,-0.20726562,0.41623965,0.82717097,-3.3469253,-1.0603368,1.9688735
1747679460.447167,-0.20726562,0.41623965,0.82717097,-3.3469253,-1.0603368,1.9688735
1747679460.4476857,-0.20726562,0.41623965,0.82717097,-3.3469253,-1.0603368,1.9688735
1747679460.4482038,-0.20726562,0.41623965,0.82717097,-3.3469253,-1.0603368,1.9688735
1747679460.4487221,-0.20726562,0.41623965,0.82717097,-3.3469253,-1.0603368,1.9688735
1747679460.4492402,-0.20726562,0.41623965,0.82717097,-3.3469253,-1.0603368,1.9688735
1747679460.4497585,-0.20726562,0.41623965,0.82717097,-3.3469253,-1.0603368,1.9688735
1747679460.4503314,-0.20726562,0.41623965,0.82717097,-3.3469253,-1.0603368,1.9688735
1747679460.4508786,-0.18041931,0.3815835,0.86817265,-3.5099106,-0.33915332,2.3449116
1747679460.4514012,-0.18041931,0.3815835,0.86817265,-3.5099106,-0.33915332,2.3449116
1747679460.4519193,-0.18041931,0.3815835,0.86817265,-3.5099106,-0.33915332,2.3449116
1747679460.4524379,-0.18041931,0.3815835,0.86817265,-3.5099106,-0.33915332,2.3449116
1747679460.452956,-0.18041931,0.3815835,0.86817265,-3.5099106,-0.33915332,2.3449116
1747679460.4534788,-0.18041931,0.3815835,0.86817265,-3.5099106,-0.33915332,2.3449116
1747679460.4540293,-0.18041931,0.3815835,0.86817265,-3.5099106,-0.33915332,2.3449116
1747679460.4545813,-0.18041931,0.3815835,0.86817265,-3.5099106,-0.33915332,2.3449116
1747679460.4551146,-0.18041931,0.3815835,0.86817265,-3.5099106,-0.33915332,2.3449116
1747679460.455634,-0.18041931,0.3815835,0.86817265,-3.5099106,-0.33915332,2.3449116
1747679460.456153,-0.18041931,0.3815835,0.86817265,-3.5099106,-0.33915332,2.3449116
1747679460.4566715,-0.18041931,0.3815835,0.86817265,-3.5099106,-0.33915332,2.3449116
1747679460.457195,-0.18041931,0.3815835,0.86817265,-3.5099106,-0.33915332,2.3449116
1747679460.4577377,-0.18041931,0.3815835,0.86817265,-3.5099106,-0.33915332,2.3449116
1747679460.4582615,-0.18041931,0.3815835,0.86817265,-3.5099106,-0.33915332,2.3449116
1747679460.4587822,-0.18041931,0.3815835,0.86817265,-3.5099106,-0.33915332,2.3449116
1747679460.459328,-0.18041931,0.3815835,0.86817265,-3.5099106,-0.33915332,2.3449116
1747679460.4598708,-0.18041931,0.3815835,0.86817265,-3.5099106,-0.33915332,2.3449116
1747679460.4603972,-0.18041931,0.3815835,0.86817265,-3.5099106,-0.33915332,2.3449116
1747679460.4609187,-0.18041931,0.3815835,0.86817265,-3.5099106,-0.33915332,2.3449116
1747679460.4614398,-0.18041931,0.3815835,0.86817265,-3.5099106,-0.33915332,2.3449116
1747679460.461982,-0.18041931,0.3815835,0.86817265,-3.6132412,0.17430377,2.5686169
1747679460.4625292,0.037767857,0.3137356,0.9077099,-3.6132412,0.17430377,2.5686169
1747679460.4630554,0.037767857,0.3137356,0.9077099,-3.6132412,0.17430377,2.5686169
1747679460.4635766,0.037767857,0.3137356,0.9077099,-3.6132412,0.17430377,2.5686169
1747679460.4641087,0.037767857,0.3137356,0.9077099,-3.6132412,0.17430377,2.5686169
1747679460.4646487,0.037767857,0.3137356,0.9077099,-3.6132412,0.17430377,2.5686169
1747679460.465174,0.037767857,0.3137356,0.9077099,-3.6132412,0.17430377,2.5686169
1747679460.465695,0.037767857,0.3137356,0.9077099,-3.6132412,0.17430377,2.5686169
1747679460.4662158,0.037767857,0.3137356,0.9077099,-3.6132412,0.17430377,2.5686169
1747679460.466736,0.037767857,0.3137356,0.9077099,-3.6132412,0.17430377,2.5686169
1747679460.467257,0.037767857,0.3137356,0.9077099,-3.6132412,0.17430377,2.5686169
1747679460.4677777,0.037767857,0.3137356,0.9077099,-3.6132412,0.17430377,2.5686169
1747679460.4682984,0.037767857,0.3137356,0.9077099,-3.6132412,0.17430377,2.5686169
1747679460.468819,0.037767857,0.3137356,0.9077099,-3.6132412,0.17430377,2.5686169
1747679460.4693453,0.037767857,0.3137356,0.9077099,-3.6132412,0.17430377,2.5686169
1747679460.4698956,0.037767857,0.3137356,0.9077099,-3.6132412,0.17430377,2.5686169
1747679460.4704485,0.037767857,0.3137356,0.9077099,-3.6132412,0.17430377,2.5686169
1747679460.470984,0.037767857,0.3137356,0.9077099,-3.6132412,0.17430377,2.5686169
1747679460.4715059,0.037767857,0.3137356,0.9077099,-3.6132412,0.17430377,2.5686169
1747679460.4720273,0.037767857,0.3137356,0.9077099,-3.6132412,0.17430377,2.5686169
1747679460.4725482,0.037767857,0.3137356,0.9077099,-3.6132412,0.17430377,2.5686169
1747679460.4733632,0.50050044,0.33911756,1.031691,-3.5567822,0.34261543,2.4695475
1747679460.473909,0.50050044,0.33911756,1.031691,-3.5567822,0.34261543,2.4695475
1747679460.4745097,0.50050044,0.33911756,1.031691,-3.5567822,0.34261543,2.4695475
1747679460.4750733,0.50050044,0.33911756,1.031691,-3.5567822,0.34261543,2.4695475
1747679460.4756212,0.50050044,0.33911756,1.031691,-3.5567822,0.34261543,2.4695475
1747679460.476191,0.50050044,0.33911756,1.031691,-3.5567822,0.34261543,2.4695475
1747679460.4767253,0.50050044,0.33911756,1.031691,-3.5567822,0.34261543,2.4695475
1747679460.4772449,0.50050044,0.33911756,1.031691,-3.5567822,0.34261543,2.4695475
1747679460.4777632,0.50050044,0.33911756,1.031691,-3.5567822,0.34261543,2.4695475
1747679460.4782817,0.50050044,0.33911756,1.031691,-3.5567822,0.34261543,2.4695475
1747679460.4788,0.50050044,0.33911756,1.031691,-3.5567822,0.34261543,2.4695475
1747679460.479318,0.50050044,0.33911756,1.031691,-3.5567822,0.34261543,2.4695475
1747679460.4798365,0.50050044,0.33911756,1.031691,-3.5567822,0.34261543,2.4695475
1747679460.4803548,0.50050044,0.33911756,1.031691,-3.5567822,0.34261543,2.4695475
1747679460.4808729,0.50050044,0.33911756,1.031691,-3.5567822,0.34261543,2.4695475
1747679460.4813912,0.50050044,0.33911756,1.031691,-3.5567822,0.34261543,2.4695475
1747679460.4819095,0.50050044,0.33911756,1.031691,-3.5567822,0.34261543,2.4695475
1747679460.4824276,0.50050044,0.33911756,1.031691,-3.5567822,0.34261543,2.4695475
1747679460.4829457,0.50050044,0.33911756,1.031691,-3.5567822,0.34261543,2.4695475
1747679460.4834826,0.50050044,0.33911756,1.031691,-3.5567822,0.34261543,2.4695475
1747679460.4840462,0.7294261,0.37523803,1.1922807,-3.2393336,-0.00785632,1.8634124
1747679460.4845843,0.7294261,0.37523803,1.1922807,-3.2393336,-0.00785632,1.8634124
1747679460.4851127,0.7294261,0.37523803,1.1922807,-3.2393336,-0.00785632,1.8634124
1747679460.485663,0.7294261,0.37523803,1.1922807,-3.2393336,-0.00785632,1.8634124
1747679460.4862156,0.7294261,0.37523803,1.1922807,-3.2393336,-0.00785632,1.8634124
1747679460.4867482,0.7294261,0.37523803,1.1922807,-3.2393336,-0.00785632,1.8634124
1747679460.4872682,0.7294261,0.37523803,1.1922807,-3.2393336,-0.00785632,1.8634124
1747679460.487787,0.7294261,0.37523803,1.1922807,-3.2393336,-0.00785632,1.8634124
1747679460.4883056,0.7294261,0.37523803,1.1922807,-3.2393336,-0.00785632,1.8634124
1747679460.488824,0.7294261,0.37523803,1.1922807,-3.2393336,-0.00785632,1.8634124
1747679460.4893973,0.7294261,0.37523803,1.1922807,-3.2393336,-0.00785632,1.8634124
1747679460.489965,0.6415655,0.39281014,1.2684265,-2.8004448,-0.5330313,1.3638037
1747679460.4905202,0.6415655,0.39281014,1.2684265,-2.8004448,-0.5330313,1.3638037
1747679460.4910758,0.6415655,0.39281014,1.2684265,-2.8004448,-0.5330313,1.3638037
1747679460.4916127,0.6415655,0.39281014,1.2684265,-2.8004448,-0.5330313,1.3638037
1747679460.4921362,0.6415655,0.39281014,1.2684265,-2.8004448,-0.5330313,1.3638037
1747679460.492655,0.6415655,0.39281014,1.2684265,-2.8004448,-0.5330313,1.3638037
1747679460.4931736,0.6415655,0.39281014,1.2684265,-2.8004448,-0.5330313,1.3638037
1747679460.4936912,0.6415655,0.39281014,1.2684265,-2.8004448,-0.5330313,1.3638037
1747679460.494228,0.6415655,0.39281014,1.2684265,-2.8004448,-0.5330313,1.3638037
1747679460.4947672,0.6415655,0.39281014,1.2684265,-2.8004448,-0.5330313,1.3638037
1747679460.4952903,0.6415655,0.39281014,1.2684265,-2.8004448,-0.5330313,1.3638037
1747679460.495809,0.6415655,0.39281014,1.2684265,-2.8004448,-0.5330313,1.3638037
1747679460.4963274,0.6415655,0.39281014,1.2684265,-2.8004448,-0.5330313,1.3638037
1747679460.4968457,0.6415655,0.39281014,1.2684265,-2.8004448,-0.5330313,1.3638037
1747679460.4973638,0.6415655,0.39281014,1.2684265,-2.8004448,-0.5330313,1.3638037
1747679460.4978821,0.6415655,0.39281014,1.2684265,-2.8004448,-0.5330313,1.3638037
1747679460.4984,0.6415655,0.39281014,1.2684265,-2.8004448,-0.5330313,1.3638037
1747679460.4989178,0.6415655,0.39281014,1.2684265,-2.8004448,-0.5330313,1.3638037
1747679460.4994354,0.6415655,0.39281014,1.2684265,-2.8004448,-0.5330313,1.3638037
1747679460.4999535,0.6415655,0.39281014,1.2684265,-2.8004448,-0.5330313,1.3638037
1747679460.5004787,0.51953685,0.45187202,1.2708671,-2.29551,-1.1263832,1.0101362
1747679460.5010042,0.51953685,0.45187202,1.2708671,-2.29551,-1.1263832,1.0101362
1747679460.5015547,0.51953685,0.45187202,1.2708671,-2.29551,-1.1263832,1.0101362
1747679460.5021076,0.51953685,0.45187202,1.2708671,-2.29551,-1.1263832,1.0101362
1747679460.5026407,0.51953685,0.45187202,1.2708671,-2.29551,-1.1263832,1.0101362
1747679460.5031605,0.51953685,0.45187202,1.2708671,-2.29551,-1.1263832,1.0101362
1747679460.503696,0.51953685,0.45187202,1.2708671,-2.29551,-1.1263832,1.0101362
1747679460.5042412,0.51953685,0.45187202,1.2708671,-2.29551,-1.1263832,1.0101362
1747679460.5049212,0.51953685,0.45187202,1.2708671,-2.29551,-1.1263832,1.0101362
1747679460.5054855,0.51953685,0.45187202,1.2708671,-2.29551,-1.1263832,1.0101362
1747679460.506033,0.51953685,0.45187202,1.2708671,-2.29551,-1.1263832,1.0101362
1747679460.5065658,0.51953685,0.45187202,1.2708671,-2.29551,-1.1263832,1.0101362
1747679460.5070856,0.51953685,0.45187202,1.2708671,-2.29551,-1.1263832,1.0101362
1747679460.5076041,0.51953685,0.45187202,1.2708671,-2.29551,-1.1263832,1.0101362
1747679460.5081227,0.51953685,0.45187202,1.2708671,-2.29551,-1.1263832,1.0101362
1747679460.508641,0.51953685,0.45187202,1.2708671,-2.29551,-1.1263832,1.0101362
1747679460.509159,0.51953685,0.45187202,1.2708671,-2.29551,-1.1263832,1.0101362
1747679460.5096772,0.51953685,0.45187202,1.2708671,-2.29551,-1.1263832,1.0101362
1747679460.5101953,0.51953685,0.45187202,1.2708671,-2.29551,-1.1263832,1.0101362
1747679460.510713,0.51953685,0.45187202,1.2708671,-2.29551,-1.1263832,1.0101362
1747679460.5112505,0.51953685,0.45187202,1.2708671,-2.29551,-1.1263832,1.0101362
1747679460.511795,0.40531808,0.48799247,1.1381,-1.8662088,-1.6568844,0.7917572
1747679460.5123172,0.40531808,0.48799247,1.1381,-1.8662088,-1.6568844,0.7917572
1747679460.5128353,0.40531808,0.48799247,1.1381,-1.8662088,-1.6568844,0.7917572
1747679460.5133538,0.40531808,0.48799247,1.1381,-1.8662088,-1.6568844,0.7917572
1747679460.513886,0.40531808,0.48799247,1.1381,-1.8662088,-1.6568844,0.7917572
1747679460.514423,0.40531808,0.48799247,1.1381,-1.8662088,-1.6568844,0.7917572
1747679460.5149455,0.40531808,0.48799247,1.1381,-1.8662088,-1.6568844,0.7917572
1747679460.5154643,0.40531808,0.48799247,1.1381,-1.8662088,-1.6568844,0.7917572
1747679460.5159864,0.40531808,0.48799247,1.1381,-1.8662088,-1.6568844,0.7917572
1747679460.5165372,0.40531808,0.48799247,1.1381,-1.8662088,-1.6568844,0.7917572
1747679460.5170858,0.40531808,0.48799247,1.1381,-1.8662088,-1.6568844,0.7917572
1747679460.5176182,0.40531808,0.48799247,1.1381,-1.8662088,-1.6568844,0.7917572
1747679460.518138,0.40531808,0.48799247,1.1381,-1.8662088,-1.6568844,0.7917572
1747679460.5186565,0.40531808,0.48799247,1.1381,-1.8662088,-1.6568844,0.7917572
1747679460.5191748,0.40531808,0.48799247,1.1381,-1.8662088,-1.6568844,0.7917572
1747679460.5197132,0.2989091,0.48506376,0.9062455,-1.709615,-1.8944383,0.7171888
1747679460.5202699,0.2989091,0.48506376,0.9062455,-1.709615,-1.8944383,0.7171888
1747679460.5208306,0.2989091,0.48506376,0.9062455,-1.709615,-1.8944383,0.7171888
1747679460.521385,0.2989091,0.48506376,0.9062455,-1.709615,-1.8944383,0.7171888
1747679460.5219321,0.2989091,0.48506376,0.9062455,-1.709615,-1.8944383,0.7171888
1747679460.522465,0.2989091,0.48506376,0.9062455,-1.709615,-1.8944383,0.7171888
1747679460.5229847,0.2989091,0.48506376,0.9062455,-1.709615,-1.8944383,0.7171888
1747679460.523503,0.2989091,0.48506376,0.9062455,-1.709615,-1.8944383,0.7171888
1747679460.5240374,0.2989091,0.48506376,0.9062455,-1.709615,-1.8944383,0.7171888
1747679460.5245764,0.2989091,0.48506376,0.9062455,-1.709615,-1.8944383,0.7171888
1747679460.525099,0.2989091,0.48506376,0.9062455,-1.709615,-1.8944383,0.7171888
1747679460.5256176,0.2989091,0.48506376,0.9062455,-1.709615,-1.8944383,0.7171888
1747679460.526136,0.2989091,0.48506376,0.9062455,-1.709615,-1.8944383,0.7171888
1747679460.526654,0.2989091,0.48506376,0.9062455,-1.709615,-1.8944383,0.7171888
1747679460.527172,0.2989091,0.48506376,0.9062455,-1.709615,-1.8944383,0.7171888
1747679460.5276902,0.2989091,0.48506376,0.9062455,-1.709615,-1.8944383,0.7171888
1747679460.528208,0.2989091,0.48506376,0.9062455,-1.709615,-1.8944383,0.7171888
1747679460.528726,0.2989091,0.48506376,0.9062455,-1.709615,-1.8944383,0.7171888
1747679460.529285,0.2989091,0.48506376,0.9062455,-1.709615,-1.8944383,0.7171888
1747679460.529834,0.2725509,0.4855519,0.720274,-1.8651434,-1.6643413,0.7885614
1747679460.5303771,0.2725509,0.4855519,0.720274,-1.8651434,-1.6643413,0.7885614
1747679460.5309002,0.2725509,0.4855519,0.720274,-1.8651434,-1.6643413,0.7885614
1747679460.5314186,0.2725509,0.4855519,0.720274,-1.8651434,-1.6643413,0.7885614
1747679460.5319417,0.2725509,0.4855519,0.720274,-1.8651434,-1.6643413,0.7885614
1747679460.5324924,0.2725509,0.4855519,0.720274,-1.8651434,-1.6643413,0.7885614
1747679460.533041,0.2725509,0.4855519,0.720274,-1.8651434,-1.6643413,0.7885614
1747679460.5335739,0.2725509,0.4855519,0.720274,-1.8651434,-1.6643413,0.7885614
1747679460.5341108,0.2725509,0.4855519,0.720274,-1.8651434,-1.6643413,0.7885614
1747679460.5346565,0.2725509,0.4855519,0.720274,-1.8651434,-1.6643413,0.7885614
1747679460.535239,0.2725509,0.4855519,0.720274,-1.8651434,-1.6643413,0.7885614
1747679460.5358706,0.2725509,0.4855519,0.720274,-1.8651434,-1.6643413,0.7885614
1747679460.5364172,0.2725509,0.4855519,0.720274,-1.8651434,-1.6643413,0.7885614
1747679460.5369694,0.2725509,0.4855519,0.720274,-1.8651434,-1.6643413,0.7885614
1747679460.5375087,0.2725509,0.4855519,0.720274,-1.8651434,-1.6643413,0.7885614
1747679460.538034,0.2725509,0.4855519,0.720274,-1.8651434,-1.6643413,0.7885614
1747679460.5385523,0.2725509,0.4855519,0.720274,-1.8651434,-1.6643413,0.7885614
1747679460.539071,0.2725509,0.4855519,0.720274,-1.8651434,-1.6643413,0.7885614
1747679460.5395892,0.2725509,0.4855519,0.720274,-1.8651434,-1.6643413,0.7885614
1747679460.5401118,0.2725509,0.4855519,0.720274,-2.1762004,-1.2233222,0.8482162
1747679460.5406349,0.2725509,0.4855519,0.720274,-2.1762004,-1.2233222,0.8482162
1747679460.5411565,0.34283942,0.4792064,0.6324133,-2.1762004,-1.2233222,0.8482162
1747679460.5416758,0.34283942,0.4792064,0.6324133,-2.1762004,-1.2233222,0.8482162
1747679460.5421941,0.34283942,0.4792064,0.6324133,-2.1762004,-1.2233222,0.8482162
1747679460.5427122,0.34283942,0.4792064,0.6324133,-2.1762004,-1.2233222,0.8482162
1747679460.5432303,0.34283942,0.4792064,0.6324133,-2.1762004,-1.2233222,0.8482162
1747679460.5437486,0.34283942,0.4792064,0.6324133,-2.1762004,-1.2233222,0.8482162
1747679460.5442836,0.34283942,0.4792064,0.6324133,-2.1762004,-1.2233222,0.8482162
1747679460.5448225,0.34283942,0.4792064,0.6324133,-2.1762004,-1.2233222,0.8482162
1747679460.5453453,0.34283942,0.4792064,0.6324133,-2.1762004,-1.2233222,0.8482162
1747679460.545864,0.34283942,0.4792064,0.6324133,-2.1762004,-1.2233222,0.8482162
1747679460.5463827,0.34283942,0.4792064,0.6324133,-2.1762004,-1.2233222,0.8482162
1747679460.546901,0.34283942,0.4792064,0.6324133,-2.1762004,-1.2233222,0.8482162
1747679460.5474188,0.34283942,0.4792064,0.6324133,-2.1762004,-1.2233222,0.8482162
1747679460.5479417,0.34283942,0.4792064,0.6324133,-2.1762004,-1.2233222,0.8482162
1747679460.5484922,0.34283942,0.4792064,0.6324133,-2.1762004,-1.2233222,0.8482162
1747679460.5490422,0.34283942,0.4792064,0.6324133,-2.1762004,-1.2233222,0.8482162
1747679460.5495749,0.34283942,0.4792064,0.6324133,-2.1762004,-1.2233222,0.8482162
1747679460.550095,0.34283942,0.4792064,0.6324133,-2.1762004,-1.2233222,0.8482162
1747679460.5506313,0.34283942,0.4792064,0.6324133,-2.1762004,-1.2233222,0.8482162
1747679460.5511756,0.34283942,0.4792064,0.6324133,-2.1762004,-1.2233222,0.8482162
1747679460.5517032,0.34283942,0.4792064,0.6324133,-2.1762004,-1.2233222,0.8482162
1747679460.5522237,0.34283942,0.4792064,0.6324133,-2.1762004,-1.2233222,0.8482162
1747679460.5527449,0.43899798,0.43234742,0.6260679,-2.1762004,-1.2233222,0.8482162
1747679460.5532677,0.43899798,0.43234742,0.6260679,-2.6662216,-0.45207125,0.85141194
1747679460.5538015,0.43899798,0.43234742,0.6260679,-2.6662216,-0.45207125,0.85141194
1747679460.5543396,0.43899798,0.43234742,0.6260679,-2.6662216,-0.45207125,0.85141194
1747679460.5548618,0.43899798,0.43234742,0.6260679,-2.6662216,-0.45207125,0.85141194
1747679460.55538,0.43899798,0.43234742,0.6260679,-2.6662216,-0.45207125,0.85141194
1747679460.5558987,0.43899798,0.43234742,0.6260679,-2.6662216,-0.45207125,0.85141194
1747679460.5564165,0.43899798,0.43234742,0.6260679,-2.6662216,-0.45207125,0.85141194
1747679460.5569346,0.43899798,0.43234742,0.6260679,-2.6662216,-0.45207125,0.85141194
1747679460.557453,0.43899798,0.43234742,0.6260679,-2.6662216,-0.45207125,0.85141194
1747679460.5579739,0.43899798,0.43234742,0.6260679,-2.6662216,-0.45207125,0.85141194
1747679460.558494,0.43899798,0.43234742,0.6260679,-2.6662216,-0.45207125,0.85141194
1747679460.5590143,0.43899798,0.43234742,0.6260679,-2.6662216,-0.45207125,0.85141194
1747679460.5595345,0.43899798,0.43234742,0.6260679,-2.6662216,-0.45207125,0.85141194
1747679460.5600553,0.43899798,0.43234742,0.6260679,-2.6662216,-0.45207125,0.85141194
1747679460.560576,0.43899798,0.43234742,0.6260679,-2.6662216,-0.45207125,0.85141194
1747679460.5610967,0.43899798,0.43234742,0.6260679,-2.6662216,-0.45207125,0.85141194
1747679460.561617,0.43899798,0.43234742,0.6260679,-2.6662216,-0.45207125,0.85141194
1747679460.5621376,0.43899798,0.43234742,0.6260679,-2.6662216,-0.45207125,0.85141194
1747679460.5626633,0.43899798,0.43234742,0.6260679,-2.6662216,-0.45207125,0.85141194
1747679460.5631874,0.43899798,0.43234742,0.6260679,-2.6662216,-0.45207125,0.85141194
1747679460.5637214,0.5141676,0.33618885,0.7764071,-2.6662216,-0.45207125,0.85141194
1747679460.5643594,0.5141676,0.33618885,0.7764071,-3.1093714,0.2840259,0.74275506
1747679460.564912,0.5141676,0.33618885,0.7764071,-3.1093714,0.2840259,0.74275506
1747679460.5655894,0.5141676,0.33618885,0.7764071,-3.1093714,0.2840259,0.74275506
1747679460.566791,0.5141676,0.33618885,0.7764071,-3.1093714,0.2840259,0.74275506
1747679460.56736,0.5141676,0.33618885,0.7764071,-3.1093714,0.2840259,0.74275506
1747679460.5679102,0.5141676,0.33618885,0.7764071,-3.1093714,0.2840259,0.74275506
1747679460.5684648,0.5141676,0.33618885,0.7764071,-3.1093714,0.2840259,0.74275506
1747679460.569022,0.5141676,0.33618885,0.7764071,-3.1093714,0.2840259,0.74275506
1747679460.5695806,0.5141676,0.33618885,0.7764071,-3.1093714,0.2840259,0.74275506
1747679460.5701373,0.5141676,0.33618885,0.7764071,-3.1093714,0.2840259,0.74275506
1747679460.5706952,0.5141676,0.33618885,0.7764071,-3.1093714,0.2840259,0.74275506
1747679460.5712447,0.5141676,0.33618885,0.7764071,-3.1093714,0.2840259,0.74275506
1747679460.5718086,0.5141676,0.33618885,0.7764071,-3.1093714,0.2840259,0.74275506
1747679460.572394,0.477559,0.27761513,0.99312997,-3.3511863,0.77511245,0.57550865
1747679460.5729606,0.477559,0.27761513,0.99312997,-3.3511863,0.77511245,0.57550865
1747679460.5735075,0.477559,0.27761513,0.99312997,-3.3511863,0.77511245,0.57550865
1747679460.5740666,0.477559,0.27761513,0.99312997,-3.3511863,0.77511245,0.57550865
1747679460.5746202,0.477559,0.27761513,0.99312997,-3.3511863,0.77511245,0.57550865
1747679460.575171,0.477559,0.27761513,0.99312997,-3.3511863,0.77511245,0.57550865
1747679460.5757213,0.477559,0.27761513,0.99312997,-3.3511863,0.77511245,0.57550865
1747679460.576271,0.477559,0.27761513,0.99312997,-3.3511863,0.77511245,0.57550865
1747679460.5768259,0.477559,0.27761513,0.99312997,-3.3511863,0.77511245,0.57550865
1747679460.5773787,0.477559,0.27761513,0.99312997,-3.3511863,0.77511245,0.57550865
1747679460.5779326,0.477559,0.27761513,0.99312997,-3.3511863,0.77511245,0.57550865
1747679460.5802515,0.477559,0.27761513,0.99312997,-3.3511863,0.77511245,0.57550865
1747679460.5808136,0.477559,0.27761513,0.99312997,-3.3511863,0.77511245,0.57550865
1747679460.5813575,0.477559,0.27761513,0.99312997,-3.3511863,0.77511245,0.57550865
1747679460.581909,0.477559,0.27761513,0.99312997,-3.3511863,0.77511245,0.57550865
1747679460.5824656,0.477559,0.27761513,0.99312997,-3.3511863,0.77511245,0.57550865
1747679460.5830252,0.477559,0.27761513,0.99312997,-3.3511863,0.77511245,0.57550865
1747679460.584138,0.477559,0.27761513,0.99312997,-3.3511863,0.77511245,0.57550865
1747679460.5854602,0.43753365,0.242959,1.2415802,-3.3064451,0.9455546,0.3965444
1747679460.5860927,0.43753365,0.242959,1.2415802,-3.3064451,0.9455546,0.3965444
1747679460.5867636,0.43753365,0.242959,1.2415802,-3.3064451,0.9455546,0.3965444
1747679460.5873272,0.43753365,0.242959,1.2415802,-3.3064451,0.9455546,0.3965444
1747679460.5878959,0.43753365,0.242959,1.2415802,-3.3064451,0.9455546,0.3965444
1747679460.5884614,0.43753365,0.242959,1.2415802,-3.3064451,0.9455546,0.3965444
1747679460.5891025,0.43753365,0.242959,1.2415802,-3.3064451,0.9455546,0.3965444
1747679460.592431,0.43753365,0.242959,1.2415802,-3.3064451,0.9455546,0.3965444
1747679460.5935507,0.43753365,0.242959,1.2415802,-3.3064451,0.9455546,0.3965444
1747679460.5942848,0.44534346,0.22148195,1.4797801,-2.8430555,0.47577336,0.122771636
1747679460.5948813,0.44534346,0.22148195,1.4797801,-2.8430555,0.47577336,0.122771636
1747679460.5955415,0.44534346,0.22148195,1.4797801,-2.8430555,0.47577336,0.122771636
1747679460.5962608,0.44534346,0.22148195,1.4797801,-2.8430555,0.47577336,0.122771636
1747679460.5968246,0.44534346,0.22148195,1.4797801,-2.8430555,0.47577336,0.122771636
1747679460.5987134,0.44534346,0.22148195,1.4797801,-2.8430555,0.47577336,0.122771636
1747679460.5992737,0.44534346,0.22148195,1.4797801,-2.8430555,0.47577336,0.122771636
1747679460.6002703,0.3018378,0.21562459,1.54714,-2.250769,-0.27097642,-0.09028109
1747679460.6008372,0.3018378,0.21562459,1.54714,-2.250769,-0.27097642,-0.09028109
1747679460.6014018,0.3018378,0.21562459,1.54714,-2.250769,-0.27097642,-0.09028109
1747679460.6020064,0.3018378,0.21562459,1.54714,-2.250769,-0.27097642,-0.09028109
1747679460.602874,0.3018378,0.21562459,1.54714,-2.250769,-0.27097642,-0.09028109
1747679460.6034362,0.3018378,0.21562459,1.54714,-2.250769,-0.27097642,-0.09028109
1747679460.6039915,0.3018378,0.21562459,1.54714,-2.250769,-0.27097642,-0.09028109
1747679460.6045392,0.3018378,0.21562459,1.54714,-2.250769,-0.27097642,-0.09028109
1747679460.6050797,0.3018378,0.21562459,1.54714,-2.250769,-0.27097642,-0.09028109
1747679460.605617,0.3018378,0.21562459,1.54714,-2.250769,-0.27097642,-0.09028109
1747679460.606154,0.3018378,0.21562459,1.54714,-2.250769,-0.27097642,-0.09028109
1747679460.6066897,0.3018378,0.21562459,1.54714,-2.250769,-0.27097642,-0.09028109
1747679460.6072264,0.3018378,0.21562459,1.54714,-2.250769,-0.27097642,-0.09028109
1747679460.6077633,0.3018378,0.21562459,1.54714,-2.250769,-0.27097642,-0.09028109
1747679460.608302,0.3018378,0.21562459,1.54714,-2.250769,-0.27097642,-0.09028109
1747679460.6088383,0.3018378,0.21562459,1.54714,-2.250769,-0.27097642,-0.09028109
1747679460.609374,0.3018378,0.21562459,1.54714,-2.250769,-0.27097642,-0.09028109
1747679460.6105757,0.1231879,0.2571143,1.4002174,-1.6957666,-0.9953557,-0.1105211
1747679460.61114,0.1231879,0.2571143,1.4002174,-1.6957666,-0.9953557,-0.1105211
1747679460.6117215,0.1231879,0.2571143,1.4002174,-1.6957666,-0.9953557,-0.1105211
1747679460.6122775,0.1231879,0.2571143,1.4002174,-1.6957666,-0.9953557,-0.1105211
1747679460.6128166,0.1231879,0.2571143,1.4002174,-1.6957666,-0.9953557,-0.1105211
1747679460.6133502,0.1231879,0.2571143,1.4002174,-1.6957666,-0.9953557,-0.1105211
1747679460.6138988,0.1231879,0.2571143,1.4002174,-1.6957666,-0.9953557,-0.1105211
1747679460.6145337,0.1231879,0.2571143,1.4002174,-1.6957666,-0.9953557,-0.1105211
1747679460.6150954,0.1231879,0.2571143,1.4002174,-1.6957666,-0.9953557,-0.1105211
1747679460.6156528,0.1231879,0.2571143,1.4002174,-1.6957666,-0.9953557,-0.1105211
1747679460.6162095,0.1231879,0.2571143,1.4002174,-1.6957666,-0.9953557,-0.1105211
1747679460.6168542,0.1231879,0.2571143,1.4002174,-1.6957666,-0.9953557,-0.1105211
1747679460.6184525,0.1231879,0.2571143,1.4002174,-1.6957666,-0.9953557,-0.1105211
1747679460.6191387,0.1231879,0.2571143,1.4002174,-1.6957666,-0.9953557,-0.1105211
1747679460.6196964,0.0660785,0.28884175,1.1366355,-1.6957666,-0.9953557,-0.1105211
1747679460.6202464,0.0660785,0.28884175,1.1366355,-1.4454296,-1.4267875,-0.0061252657
1747679460.620807,0.0660785,0.28884175,1.1366355,-1.4454296,-1.4267875,-0.0061252657
1747679460.621428,0.0660785,0.28884175,1.1366355,-1.4454296,-1.4267875,-0.0061252657
1747679460.622255,0.0660785,0.28884175,1.1366355,-1.4454296,-1.4267875,-0.0061252657
1747679460.6228206,0.0660785,0.28884175,1.1366355,-1.4454296,-1.4267875,-0.0061252657
1747679460.6233811,0.0660785,0.28884175,1.1366355,-1.4454296,-1.4267875,-0.0061252657
1747679460.6239324,0.0660785,0.28884175,1.1366355,-1.4454296,-1.4267875,-0.0061252657
1747679460.6244912,0.0660785,0.28884175,1.1366355,-1.4454296,-1.4267875,-0.0061252657
1747679460.625053,0.0660785,0.28884175,1.1366355,-1.4454296,-1.4267875,-0.0061252657
1747679460.6256058,0.0660785,0.28884175,1.1366355,-1.4454296,-1.4267875,-0.0061252657
1747679460.627445,0.0660785,0.28884175,1.1366355,-1.4454296,-1.4267875,-0.0061252657
1747679460.6287177,0.0660785,0.28884175,1.1366355,-1.4454296,-1.4267875,-0.0061252657
1747679460.6292775,0.0660785,0.28884175,1.1366355,-1.4454296,-1.4267875,-0.0061252657
1747679460.6298273,0.11049692,0.24344711,0.95017594,-1.4731264,-1.465137,0.12596743
1747679460.630373,0.11049692,0.24344711,0.95017594,-1.4731264,-1.465137,0.12596743
1747679460.6309197,0.11049692,0.24344711,0.95017594,-1.4731264,-1.465137,0.12596743
1747679460.6314692,0.11049692,0.24344711,0.95017594,-1.4731264,-1.465137,0.12596743
1747679460.6320164,0.11049692,0.24344711,0.95017594,-1.4731264,-1.465137,0.12596743
1747679460.632567,0.11049692,0.24344711,0.95017594,-1.4731264,-1.465137,0.12596743
1747679460.6331174,0.11049692,0.24344711,0.95017594,-1.4731264,-1.465137,0.12596743
1747679460.6336672,0.11049692,0.24344711,0.95017594,-1.4731264,-1.465137,0.12596743
1747679460.634235,0.11049692,0.24344711,0.95017594,-1.4731264,-1.465137,0.12596743
1747679460.6347532,0.11049692,0.24344711,0.95017594,-1.4731264,-1.465137,0.12596743
1747679460.6353025,0.11049692,0.24344711,0.95017594,-1.4731264,-1.465137,0.12596743
1747679460.635851,0.11049692,0.24344711,0.95017594,-1.4731264,-1.465137,0.12596743
1747679460.6364045,0.11049692,0.24344711,0.95017594,-1.4731264,-1.465137,0.12596743
1747679460.6369565,0.11049692,0.24344711,0.95017594,-1.4731264,-1.465137,0.12596743
1747679460.6376193,0.11049692,0.24344711,0.95017594,-1.4731264,-1.465137,0.12596743
1747679460.6381485,0.11049692,0.24344711,0.95017594,-1.4731264,-1.465137,0.12596743
1747679460.6390507,0.11049692,0.24344711,0.95017594,-1.4731264,-1.465137,0.12596743
1747679460.639606,0.11049692,0.24344711,0.95017594,-1.4731264,-1.465137,0.12596743
1747679460.6401515,0.11049692,0.24344711,0.95017594,-1.4731264,-1.465137,0.12596743
1747679460.6406806,0.11049692,0.24344711,0.95017594,-1.4731264,-1.465137,0.12596743
1747679460.641252,0.11049692,0.24344711,0.95017594,-1.4731264,-1.465137,0.12596743
1747679460.6418166,0.17883295,0.21123153,0.8725657,-1.7447687,-1.1104041,0.2878875
1747679460.6423836,0.17883295,0.21123153,0.8725657,-1.7447687,-1.1104041,0.2878875
1747679460.6429346,0.17883295,0.21123153,0.8725657,-1.7447687,-1.1104041,0.2878875
1747679460.6434767,0.17883295,0.21123153,0.8725657,-1.7447687,-1.1104041,0.2878875
1747679460.6440227,0.17883295,0.21123153,0.8725657,-1.7447687,-1.1104041,0.2878875
1747679460.6445343,0.17883295,0.21123153,0.8725657,-1.7447687,-1.1104041,0.2878875
1747679460.6450663,0.17883295,0.21123153,0.8725657,-1.7447687,-1.1104041,0.2878875
1747679460.6455948,0.17883295,0.21123153,0.8725657,-1.7447687,-1.1104041,0.2878875
1747679460.6461248,0.17883295,0.21123153,0.8725657,-1.7447687,-1.1104041,0.2878875
1747679460.6466525,0.17883295,0.21123153,0.8725657,-1.7447687,-1.1104041,0.2878875
1747679460.64718,0.17883295,0.21123153,0.8725657,-1.7447687,-1.1104041,0.2878875
1747679460.6477094,0.17883295,0.21123153,0.8725657,-1.7447687,-1.1104041,0.2878875
1747679460.6482375,0.17883295,0.21123153,0.8725657,-1.7447687,-1.1104041,0.2878875
1747679460.6487646,0.17883295,0.21123153,0.8725657,-1.7447687,-1.1104041,0.2878875
1747679460.6492915,0.17883295,0.21123153,0.8725657,-1.7447687,-1.1104041,0.2878875
1747679460.6498187,0.17883295,0.21123153,0.8725657,-1.7447687,-1.1104041,0.2878875
1747679460.6503456,0.17883295,0.21123153,0.8725657,-1.7447687,-1.1104041,0.2878875
1747679460.6508756,0.17883295,0.21123153,0.8725657,-1.7447687,-1.1104041,0.2878875
1747679460.6514027,0.24375217,0.20879097,0.886721,-1.9791267,-0.7066693,0.36352122
1747679460.6519308,0.24375217,0.20879097,0.886721,-1.9791267,-0.7066693,0.36352122
1747679460.6524577,0.24375217,0.20879097,0.886721,-1.9791267,-0.7066693,0.36352122
1747679460.6530092,0.24375217,0.20879097,0.886721,-1.9791267,-0.7066693,0.36352122
1747679460.653555,0.24375217,0.20879097,0.886721,-1.9791267,-0.7066693,0.36352122
1747679460.6541107,0.24375217,0.20879097,0.886721,-1.9791267,-0.7066693,0.36352122
1747679460.6546512,0.24375217,0.20879097,0.886721,-1.9791267,-0.7066693,0.36352122
1747679460.6552105,0.24375217,0.20879097,0.886721,-1.9791267,-0.7066693,0.36352122
1747679460.655759,0.24375217,0.20879097,0.886721,-1.9791267,-0.7066693,0.36352122
1747679460.6563241,0.24375217,0.20879097,0.886721,-1.9791267,-0.7066693,0.36352122
1747679460.6568732,0.24375217,0.20879097,0.886721,-1.9791267,-0.7066693,0.36352122
1747679460.6574237,0.24375217,0.20879097,0.886721,-1.9791267,-0.7066693,0.36352122
1747679460.6580286,0.24375217,0.20879097,0.886721,-1.9791267,-0.7066693,0.36352122
1747679460.6585948,0.24375217,0.20879097,0.886721,-1.9791267,-0.7066693,0.36352122
1747679460.6591542,0.24375217,0.20879097,0.886721,-1.9791267,-0.7066693,0.36352122
1747679460.6597116,0.24375217,0.20879097,0.886721,-1.9791267,-0.7066693,0.36352122
1747679460.6602688,0.26034808,0.17706352,0.937485,-2.291249,-0.10053425,0.3997402
1747679460.6608324,0.26034808,0.17706352,0.937485,-2.291249,-0.10053425,0.3997402
1747679460.6613615,0.26034808,0.17706352,0.937485,-2.291249,-0.10053425,0.3997402
1747679460.661913,0.26034808,0.17706352,0.937485,-2.291249,-0.10053425,0.3997402
1747679460.662442,0.26034808,0.17706352,0.937485,-2.291249,-0.10053425,0.3997402
1747679460.6629772,0.26034808,0.17706352,0.937485,-2.291249,-0.10053425,0.3997402
1747679460.663517,0.26034808,0.17706352,0.937485,-2.291249,-0.10053425,0.3997402
1747679460.6640627,0.26034808,0.17706352,0.937485,-2.291249,-0.10053425,0.3997402
1747679460.664618,0.26034808,0.17706352,0.937485,-2.291249,-0.10053425,0.3997402
1747679460.665188,0.26034808,0.17706352,0.937485,-2.291249,-0.10053425,0.3997402
1747679460.6657176,0.26034808,0.17706352,0.937485,-2.291249,-0.10053425,0.3997402
1747679460.6662636,0.26034808,0.17706352,0.937485,-2.291249,-0.10053425,0.3997402
1747679460.6667924,0.26034808,0.17706352,0.937485,-2.291249,-0.10053425,0.3997402
1747679460.6673386,0.26034808,0.17706352,0.937485,-2.291249,-0.10053425,0.3997402
1747679460.6678638,0.26034808,0.17706352,0.937485,-2.291249,-0.10053425,0.3997402
1747679460.6684115,0.26034808,0.17706352,0.937485,-2.291249,-0.10053425,0.3997402
1747679460.668976,0.26034808,0.17706352,0.937485,-2.291249,-0.10053425,0.3997402
1747679460.669507,0.26034808,0.17706352,0.937485,-2.291249,-0.10053425,0.3997402
1747679460.6700456,0.26034808,0.17706352,0.937485,-2.291249,-0.10053425,0.3997402
1747679460.6705956,0.26034808,0.17706352,0.937485,-2.291249,-0.10053425,0.3997402
1747679460.6711414,0.26034808,0.17706352,0.937485,-2.291249,-0.10053425,0.3997402
1747679460.6717124,0.26034808,0.17706352,0.937485,-2.291249,-0.10053425,0.3997402
1747679460.672257,0.26034808,0.17706352,0.937485,-2.4158847,0.18602167,0.40400124
1747679460.6728246,0.23252554,0.124347165,1.0419414,-2.4158847,0.18602167,0.40400124
1747679460.673472,0.23252554,0.124347165,1.0419414,-2.4158847,0.18602167,0.40400124
1747679460.6740317,0.23252554,0.124347165,1.0419414,-2.4158847,0.18602167,0.40400124
1747679460.6745849,0.23252554,0.124347165,1.0419414,-2.4158847,0.18602167,0.40400124
1747679460.6751046,0.23252554,0.124347165,1.0419414,-2.4158847,0.18602167,0.40400124
1747679460.6757486,0.23252554,0.124347165,1.0419414,-2.4158847,0.18602167,0.40400124
1747679460.6763146,0.23252554,0.124347165,1.0419414,-2.4158847,0.18602167,0.40400124
1747679460.6768756,0.23252554,0.124347165,1.0419414,-2.4158847,0.18602167,0.40400124
1747679460.67744,0.23252554,0.124347165,1.0419414,-2.4158847,0.18602167,0.40400124
1747679460.6780026,0.23252554,0.124347165,1.0419414,-2.4158847,0.18602167,0.40400124
1747679460.6785643,0.23252554,0.124347165,1.0419414,-2.4158847,0.18602167,0.40400124
1747679460.6791275,0.23252554,0.124347165,1.0419414,-2.4158847,0.18602167,0.40400124
1747679460.6796925,0.23252554,0.124347165,1.0419414,-2.4158847,0.18602167,0.40400124
1747679460.6802635,0.23252554,0.124347165,1.0419414,-2.4158847,0.18602167,0.40400124
1747679460.6808314,0.23252554,0.124347165,1.0419414,-2.4158847,0.18602167,0.40400124
1747679460.6814718,0.23252554,0.124347165,1.0419414,-2.4158847,0.18602167,0.40400124
1747679460.682032,0.23252554,0.124347165,1.0419414,-2.4158847,0.18602167,0.40400124
1747679460.682595,0.18176164,0.09310784,1.1512791,-2.4233415,0.3372891,0.43276337
1747679460.6837041,0.18176164,0.09310784,1.1512791,-2.4233415,0.3372891,0.43276337
1747679460.6843188,0.18176164,0.09310784,1.1512791,-2.4233415,0.3372891,0.43276337
1747679460.6848867,0.18176164,0.09310784,1.1512791,-2.4233415,0.3372891,0.43276337
1747679460.685456,0.18176164,0.09310784,1.1512791,-2.4233415,0.3372891,0.43276337
1747679460.68602,0.18176164,0.09310784,1.1512791,-2.4233415,0.3372891,0.43276337
1747679460.686647,0.18176164,0.09310784,1.1512791,-2.4233415,0.3372891,0.43276337
1747679460.687216,0.18176164,0.09310784,1.1512791,-2.4233415,0.3372891,0.43276337
1747679460.6877892,0.18176164,0.09310784,1.1512791,-2.4233415,0.3372891,0.43276337
1747679460.6893797,0.18176164,0.09310784,1.1512791,-2.4233415,0.3372891,0.43276337
1747679460.6899302,0.18176164,0.09310784,1.1512791,-2.4233415,0.3372891,0.43276337
1747679460.690483,0.18176164,0.09310784,1.1512791,-2.4233415,0.3372891,0.43276337
1747679460.6910286,0.18176164,0.09310784,1.1512791,-2.4233415,0.3372891,0.43276337
1747679460.6915758,0.18176164,0.09310784,1.1512791,-2.4233415,0.3372891,0.43276337
1747679460.692137,0.18176164,0.09310784,1.1512791,-2.4233415,0.3372891,0.43276337
1747679460.692698,0.18176164,0.09310784,1.1512791,-2.4233415,0.3372891,0.43276337
1747679460.6932526,0.18176164,0.09310784,1.1512791,-2.4233415,0.3372891,0.43276337
1747679460.6942825,0.18176164,0.09310784,1.1512791,-2.4233415,0.3372891,0.43276337
1747679460.6952624,0.21348907,0.083833665,1.2581762,-2.266748,0.20626168,0.4519381
1747679460.6962578,0.21348907,0.083833665,1.2581762,-2.266748,0.20626168,0.4519381
1747679460.6972578,0.21348907,0.083833665,1.2581762,-2.266748,0.20626168,0.4519381
1747679460.6982608,0.21348907,0.083833665,1.2581762,-2.266748,0.20626168,0.4519381
1747679460.6992586,0.21007228,0.08334555,1.317726,-1.8949709,-0.39348176,0.43808967
1747679460.7002583,0.21007228,0.08334555,1.317726,-1.8949709,-0.39348176,0.43808967
1747679460.701259,0.21007228,0.08334555,1.317726,-1.8949709,-0.39348176,0.43808967
1747679460.702267,0.21007228,0.08334555,1.317726,-1.8949709,-0.39348176,0.43808967
1747679460.7032962,0.21007228,0.08334555,1.317726,-1.8949709,-0.39348176,0.43808967
1747679460.707459,0.21007228,0.08334555,1.317726,-1.8949709,-0.39348176,0.43808967
1747679460.7081642,0.21007228,0.08334555,1.317726,-1.8949709,-0.39348176,0.43808967
1747679460.7087371,0.21007228,0.08334555,1.317726,-1.8949709,-0.39348176,0.43808967
1747679460.7093391,0.21007228,0.08334555,1.317726,-1.8949709,-0.39348176,0.43808967
1747679460.7099016,0.21007228,0.08334555,1.317726,-1.8949709,-0.39348176,0.43808967
1747679460.7104614,0.21007228,0.08334555,1.317726,-1.8949709,-0.39348176,0.43808967
1747679460.7110271,0.21007228,0.08334555,1.317726,-1.8949709,-0.39348176,0.43808967
1747679460.7115703,0.21007228,0.08334555,1.317726,-1.8949709,-0.39348176,0.43808967
1747679460.7121184,0.21007228,0.08334555,1.317726,-1.8949709,-0.39348176,0.43808967
1747679460.7126627,0.1973813,0.115561105,1.279165,-1.6318507,-0.9218525,0.44980758
1747679460.7132044,0.1973813,0.115561105,1.279165,-1.6318507,-0.9218525,0.44980758
1747679460.7137547,0.1973813,0.115561105,1.279165,-1.6318507,-0.9218525,0.44980758
1747679460.7143164,0.1973813,0.115561105,1.279165,-1.6318507,-0.9218525,0.44980758
1747679460.714864,0.1973813,0.115561105,1.279165,-1.6318507,-0.9218525,0.44980758
1747679460.7154157,0.1973813,0.115561105,1.279165,-1.6318507,-0.9218525,0.44980758
1747679460.715969,0.1973813,0.115561105,1.279165,-1.6318507,-0.9218525,0.44980758
1747679460.7165234,0.1973813,0.115561105,1.279165,-1.6318507,-0.9218525,0.44980758
1747679460.717078,0.1973813,0.115561105,1.279165,-1.6318507,-0.9218525,0.44980758
1747679460.7176316,0.1973813,0.115561105,1.279165,-1.6318507,-0.9218525,0.44980758
1747679460.7181907,0.1973813,0.115561105,1.279165,-1.6318507,-0.9218525,0.44980758
1747679460.7187421,0.1973813,0.115561105,1.279165,-1.6318507,-0.9218525,0.44980758
1747679460.7192862,0.1973813,0.115561105,1.279165,-1.6318507,-0.9218525,0.44980758
1747679460.72058,0.22959687,0.13996683,1.1151586,-1.4081454,-1.5343791,0.47963494
1747679460.721146,0.22959687,0.13996683,1.1151586,-1.4081454,-1.5343791,0.47963494
1747679460.7216988,0.22959687,0.13996683,1.1151586,-1.4081454,-1.5343791,0.47963494
1747679460.7224514,0.22959687,0.13996683,1.1151586,-1.4081454,-1.5343791,0.47963494
1747679460.7229733,0.22959687,0.13996683,1.1151586,-1.4081454,-1.5343791,0.47963494
1747679460.7236214,0.22959687,0.13996683,1.1151586,-1.4081454,-1.5343791,0.47963494
1747679460.7241433,0.22959687,0.13996683,1.1151586,-1.4081454,-1.5343791,0.47963494
1747679460.7246795,0.22959687,0.13996683,1.1151586,-1.4081454,-1.5343791,0.47963494
1747679460.7252107,0.22959687,0.13996683,1.1151586,-1.4081454,-1.5343791,0.47963494
1747679460.7257607,0.22959687,0.13996683,1.1151586,-1.4081454,-1.5343791,0.47963494
1747679460.7263045,0.22959687,0.13996683,1.1151586,-1.4081454,-1.5343791,0.47963494
1747679460.7268345,0.22959687,0.13996683,1.1151586,-1.4081454,-1.5343791,0.47963494
1747679460.7273622,0.22959687,0.13996683,1.1151586,-1.4081454,-1.5343791,0.47963494
1747679460.727891,0.22959687,0.13996683,1.1151586,-1.4081454,-1.5343791,0.47963494
1747679460.7284184,0.22959687,0.13996683,1.1151586,-1.4081454,-1.5343791,0.47963494
1747679460.7289505,0.2510739,0.14045495,1.0297385,-1.4081454,-1.5343791,0.47963494
1747679460.729483,0.2510739,0.14045495,1.0297385,-1.4081454,-1.5343791,0.47963494
1747679460.730012,0.2510739,0.14045495,1.0297385,-1.4081454,-1.5343791,0.47963494
1747679460.7305424,0.2510739,0.14045495,1.0297385,-1.4326464,-1.6962992,0.5083971
1747679460.7310722,0.2510739,0.14045495,1.0297385,-1.4326464,-1.6962992,0.5083971
1747679460.731599,0.2510739,0.14045495,1.0297385,-1.4326464,-1.6962992,0.5083971
1747679460.7321267,0.2510739,0.14045495,1.0297385,-1.4326464,-1.6962992,0.5083971
1747679460.732654,0.2510739,0.14045495,1.0297385,-1.4326464,-1.6962992,0.5083971
1747679460.7331963,0.2510739,0.14045495,1.0297385,-1.4326464,-1.6962992,0.5083971
1747679460.7337182,0.2510739,0.14045495,1.0297385,-1.4326464,-1.6962992,0.5083971
1747679460.7342522,0.2510739,0.14045495,1.0297385,-1.4326464,-1.6962992,0.5083971
1747679460.7349486,0.2510739,0.14045495,1.0297385,-1.4326464,-1.6962992,0.5083971
1747679460.7356353,0.2510739,0.14045495,1.0297385,-1.4326464,-1.6962992,0.5083971
1747679460.736195,0.2510739,0.14045495,1.0297385,-1.4326464,-1.6962992,0.5083971
1747679460.7367322,0.2510739,0.14045495,1.0297385,-1.4326464,-1.6962992,0.5083971
1747679460.737286,0.2510739,0.14045495,1.0297385,-1.4326464,-1.6962992,0.5083971
1747679460.7378578,0.2510739,0.14045495,1.0297385,-1.4326464,-1.6962992,0.5083971
1747679460.7383716,0.2510739,0.14045495,1.0297385,-1.4326464,-1.6962992,0.5083971
1747679460.7389004,0.2510739,0.14045495,1.0297385,-1.4326464,-1.6962992,0.5083971
1747679460.7394285,0.2510739,0.14045495,1.0297385,-1.4326464,-1.6962992,0.5083971
1747679460.7399864,0.29109928,0.11995414,1.006309,-1.4326464,-1.6962992,0.5083971
1747679460.7405293,0.29109928,0.11995414,1.006309,-1.621198,-1.5812507,0.5744434
1747679460.7410965,0.29109928,0.11995414,1.006309,-1.621198,-1.5812507,0.5744434
1747679460.7416205,0.29109928,0.11995414,1.006309,-1.621198,-1.5812507,0.5744434
1747679460.7421765,0.29109928,0.11995414,1.006309,-1.621198,-1.5812507,0.5744434
1747679460.742712,0.29109928,0.11995414,1.006309,-1.621198,-1.5812507,0.5744434
1747679460.7432394,0.29109928,0.11995414,1.006309,-1.621198,-1.5812507,0.5744434
1747679460.7438202,0.29109928,0.11995414,1.006309,-1.621198,-1.5812507,0.5744434
1747679460.7443757,0.29109928,0.11995414,1.006309,-1.621198,-1.5812507,0.5744434
1747679460.7449117,0.29109928,0.11995414,1.006309,-1.621198,-1.5812507,0.5744434
1747679460.7454424,0.29109928,0.11995414,1.006309,-1.621198,-1.5812507,0.5744434
1747679460.7459693,0.29109928,0.11995414,1.006309,-1.621198,-1.5812507,0.5744434
1747679460.7465124,0.29109928,0.11995414,1.006309,-1.621198,-1.5812507,0.5744434
1747679460.7470396,0.29109928,0.11995414,1.006309,-1.621198,-1.5812507,0.5744434
1747679460.747566,0.29109928,0.11995414,1.006309,-1.621198,-1.5812507,0.5744434
1747679460.7480927,0.29109928,0.11995414,1.006309,-1.621198,-1.5812507,0.5744434
1747679460.748619,0.29109928,0.11995414,1.006309,-1.621198,-1.5812507,0.5744434
1747679460.7491453,0.29109928,0.11995414,1.006309,-1.621198,-1.5812507,0.5744434
1747679460.7496715,0.29109928,0.11995414,1.006309,-1.621198,-1.5812507,0.5744434
1747679460.7503443,0.32185048,0.101405784,1.0966102,-1.621198,-1.5812507,0.5744434
1747679460.7509105,0.32185048,0.101405784,1.0966102,-1.8193371,-1.2595412,0.6234456
1747679460.7514548,0.32185048,0.101405784,1.0966102,-1.8193371,-1.2595412,0.6234456
1747679460.7520063,0.32185048,0.101405784,1.0966102,-1.8193371,-1.2595412,0.6234456
1747679460.752547,0.32185048,0.101405784,1.0966102,-1.8193371,-1.2595412,0.6234456
1747679460.7530744,0.32185048,0.101405784,1.0966102,-1.8193371,-1.2595412,0.6234456
1747679460.753601,0.32185048,0.101405784,1.0966102,-1.8193371,-1.2595412,0.6234456
1747679460.754145,0.32185048,0.101405784,1.0966102,-1.8193371,-1.2595412,0.6234456
1747679460.7547066,0.32185048,0.101405784,1.0966102,-1.8193371,-1.2595412,0.6234456
1747679460.7552388,0.32185048,0.101405784,1.0966102,-1.8193371,-1.2595412,0.6234456
1747679460.755765,0.32185048,0.101405784,1.0966102,-1.8193371,-1.2595412,0.6234456
1747679460.7562914,0.32185048,0.101405784,1.0966102,-1.8193371,-1.2595412,0.6234456
1747679460.7568173,0.32185048,0.101405784,1.0966102,-1.8193371,-1.2595412,0.6234456
1747679460.7573435,0.32185048,0.101405784,1.0966102,-1.8193371,-1.2595412,0.6234456
1747679460.7578695,0.32185048,0.101405784,1.0966102,-1.8193371,-1.2595412,0.6234456
1747679460.7583954,0.32185048,0.101405784,1.0966102,-1.8193371,-1.2595412,0.6234456
1747679460.7589211,0.32185048,0.101405784,1.0966102,-1.8193371,-1.2595412,0.6234456
1747679460.7594473,0.32185048,0.101405784,1.0966102,-1.8193371,-1.2595412,0.6234456
1747679460.759973,0.32185048,0.101405784,1.0966102,-1.8193371,-1.2595412,0.6234456
1747679460.7605042,0.32185048,0.101405784,1.0966102,-1.8193371,-1.2595412,0.6234456
1747679460.7610438,0.35797098,0.09457218,1.2015548,-1.9077541,-1.0209221,0.64262027
1747679460.7615728,0.35797098,0.09457218,1.2015548,-1.9077541,-1.0209221,0.64262027
1747679460.762086,0.35797098,0.09457218,1.2015548,-1.9077541,-1.0209221,0.64262027
1747679460.762632,0.35797098,0.09457218,1.2015548,-1.9077541,-1.0209221,0.64262027
1747679460.7631624,0.35797098,0.09457218,1.2015548,-1.9077541,-1.0209221,0.64262027
1747679460.763694,0.35797098,0.09457218,1.2015548,-1.9077541,-1.0209221,0.64262027
1747679460.7642255,0.35797098,0.09457218,1.2015548,-1.9077541,-1.0209221,0.64262027
1747679460.7647517,0.35797098,0.09457218,1.2015548,-1.9077541,-1.0209221,0.64262027
1747679460.7655478,0.35797098,0.09457218,1.2015548,-1.9077541,-1.0209221,0.64262027
1747679460.7679687,0.35797098,0.09457218,1.2015548,-1.9077541,-1.0209221,0.64262027
1747679460.7686067,0.35797098,0.09457218,1.2015548,-1.9077541,-1.0209221,0.64262027
1747679460.769211,0.35797098,0.09457218,1.2015548,-1.9077541,-1.0209221,0.64262027
1747679460.7697623,0.35797098,0.09457218,1.2015548,-1.9077541,-1.0209221,0.64262027
1747679460.7703173,0.35797098,0.09457218,1.2015548,-1.9077541,-1.0209221,0.64262027
1747679460.7709694,0.35797098,0.09457218,1.2015548,-1.9077541,-1.0209221,0.64262027
1747679460.771536,0.39555576,0.042343933,1.3489654,-1.9663435,-0.42543966,0.6362287
1747679460.7720711,0.39555576,0.042343933,1.3489654,-1.9663435,-0.42543966,0.6362287
1747679460.772606,0.39555576,0.042343933,1.3489654,-1.9663435,-0.42543966,0.6362287
1747679460.773136,0.39555576,0.042343933,1.3489654,-1.9663435,-0.42543966,0.6362287
1747679460.773644,0.39555576,0.042343933,1.3489654,-1.9663435,-0.42543966,0.6362287
1747679460.7741923,0.39555576,0.042343933,1.3489654,-1.9663435,-0.42543966,0.6362287
1747679460.774709,0.39555576,0.042343933,1.3489654,-1.9663435,-0.42543966,0.6362287
1747679460.7752373,0.39555576,0.042343933,1.3489654,-1.9663435,-0.42543966,0.6362287
1747679460.7757661,0.39555576,0.042343933,1.3489654,-1.9663435,-0.42543966,0.6362287
1747679460.7762935,0.39555576,0.042343933,1.3489654,-1.9663435,-0.42543966,0.6362287
1747679460.7768216,0.39555576,0.042343933,1.3489654,-1.9663435,-0.42543966,0.6362287
1747679460.7773495,0.39555576,0.042343933,1.3489654,-1.9663435,-0.42543966,0.6362287
1747679460.7778776,0.39555576,0.042343933,1.3489654,-1.9663435,-0.42543966,0.6362287
1747679460.778405,0.39555576,0.042343933,1.3489654,-1.9663435,-0.42543966,0.6362287
1747679460.7789326,0.39555576,0.042343933,1.3489654,-1.9663435,-0.42543966,0.6362287
1747679460.7794602,0.39555576,0.042343933,1.3489654,-1.9663435,-0.42543966,0.6362287
1747679460.779987,0.39555576,0.042343933,1.3489654,-1.9663435,-0.42543966,0.6362287
1747679460.7806406,0.39555576,0.042343933,1.3489654,-1.9663435,-0.42543966,0.6362287
1747679460.7812033,0.39555576,0.042343933,1.3489654,-1.9663435,-0.42543966,0.6362287
1747679460.7817602,0.39555576,0.042343933,1.3489654,-1.9663435,-0.42543966,0.6362287
1747679460.782315,0.39555576,0.042343933,1.3489654,-1.9663435,-0.42543966,0.6362287
1747679460.7829156,0.39555576,0.042343933,1.3489654,-1.9663435,-0.42543966,0.6362287
1747679460.783441,0.39555576,0.042343933,1.3489654,-1.9663435,-0.42543966,0.6362287
1747679460.7839944,0.3867697,0.008664032,1.4382905,-1.8896445,-0.21238694,0.6159887
1747679460.7845507,0.3867697,0.008664032,1.4382905,-1.8896445,-0.21238694,0.6159887
1747679460.7850955,0.3867697,0.008664032,1.4382905,-1.8896445,-0.21238694,0.6159887
1747679460.7856393,0.3867697,0.008664032,1.4382905,-1.8896445,-0.21238694,0.6159887
1747679460.7861834,0.3867697,0.008664032,1.4382905,-1.8896445,-0.21238694,0.6159887
1747679460.78673,0.3867697,0.008664032,1.4382905,-1.8896445,-0.21238694,0.6159887
1747679460.787274,0.3867697,0.008664032,1.4382905,-1.8896445,-0.21238694,0.6159887
1747679460.7878172,0.3867697,0.008664032,1.4382905,-1.8896445,-0.21238694,0.6159887
1747679460.78836,0.3867697,0.008664032,1.4382905,-1.8896445,-0.21238694,0.6159887
1747679460.7889035,0.3867697,0.008664032,1.4382905,-1.8896445,-0.21238694,0.6159887
1747679460.7894466,0.3867697,0.008664032,1.4382905,-1.8896445,-0.21238694,0.6159887
1747679460.78999,0.3867697,0.008664032,1.4382905,-1.8896445,-0.21238694,0.6159887
1747679460.790533,0.3867697,0.008664032,1.4382905,-1.8896445,-0.21238694,0.6159887
1747679460.7910767,0.3867697,0.008664032,1.4382905,-1.8896445,-0.21238694,0.6159887
1747679460.79162,0.3867697,0.008664032,1.4382905,-1.8896445,-0.21238694,0.6159887
1747679460.7921631,0.3867697,0.008664032,1.4382905,-1.8896445,-0.21238694,0.6159887
1747679460.7927086,0.37651932,0.024283696,1.54714,-1.6744612,-0.15166691,0.60000974
1747679460.7932534,0.37651932,0.024283696,1.54714,-1.6744612,-0.15166691,0.60000974
1747679460.7938094,0.37651932,0.024283696,1.54714,-1.6744612,-0.15166691,0.60000974
1747679460.7943451,0.37651932,0.024283696,1.54714,-1.6744612,-0.15166691,0.60000974
1747679460.7948835,0.37651932,0.024283696,1.54714,-1.6744612,-0.15166691,0.60000974
1747679460.7954273,0.37651932,0.024283696,1.54714,-1.6744612,-0.15166691,0.60000974
1747679460.7961361,0.37651932,0.024283696,1.54714,-1.6744612,-0.15166691,0.60000974
1747679460.7966948,0.37651932,0.024283696,1.54714,-1.6744612,-0.15166691,0.60000974
1747679460.7972374,0.37651932,0.024283696,1.54714,-1.6744612,-0.15166691,0.60000974
1747679460.7977953,0.37651932,0.024283696,1.54714,-1.6744612,-0.15166691,0.60000974
1747679460.7983477,0.37651932,0.024283696,1.54714,-1.6744612,-0.15166691,0.60000974
1747679460.798881,0.37651932,0.024283696,1.54714,-1.6744612,-0.15166691,0.60000974
1747679460.799401,0.37651932,0.024283696,1.54714,-1.6744612,-0.15166691,0.60000974
1747679460.7999191,0.37651932,0.024283696,1.54714,-1.6744612,-0.15166691,0.60000974
1747679460.8004375,0.37651932,0.024283696,1.54714,-1.6744612,-0.15166691,0.60000974
1747679460.8009555,0.37651932,0.024283696,1.54714,-1.6744612,-0.15166691,0.60000974
1747679460.8014743,0.37651932,0.024283696,1.54714,-1.6744612,-0.15166691,0.60000974
1747679460.8019927,0.37651932,0.024283696,1.54714,-1.6744612,-0.15166691,0.60000974
1747679460.8025107,0.37651932,0.024283696,1.54714,-1.6744612,-0.15166691,0.60000974
1747679460.80305,0.41752094,0.07602383,1.6130353,-1.6744612,-0.15166691,0.60000974
1747679460.803571,0.41752094,0.07602383,1.6130353,-1.3314464,-0.32104382,0.5573992
1747679460.8040998,0.41752094,0.07602383,1.6130353,-1.3314464,-0.32104382,0.5573992
1747679460.8046296,0.41752094,0.07602383,1.6130353,-1.3314464,-0.32104382,0.5573992
1747679460.805149,0.41752094,0.07602383,1.6130353,-1.3314464,-0.32104382,0.5573992
1747679460.8056674,0.41752094,0.07602383,1.6130353,-1.3314464,-0.32104382,0.5573992
1747679460.8061852,0.41752094,0.07602383,1.6130353,-1.3314464,-0.32104382,0.5573992
1747679460.8067029,0.41752094,0.07602383,1.6130353,-1.3314464,-0.32104382,0.5573992
1747679460.8072207,0.41752094,0.07602383,1.6130353,-1.3314464,-0.32104382,0.5573992
1747679460.8077388,0.41752094,0.07602383,1.6130353,-1.3314464,-0.32104382,0.5573992
1747679460.8082566,0.41752094,0.07602383,1.6130353,-1.3314464,-0.32104382,0.5573992
1747679460.8087747,0.41752094,0.07602383,1.6130353,-1.3314464,-0.32104382,0.5573992
1747679460.8092926,0.41752094,0.07602383,1.6130353,-1.3314464,-0.32104382,0.5573992
1747679460.8098106,0.41752094,0.07602383,1.6130353,-1.3314464,-0.32104382,0.5573992
1747679460.8103306,0.41752094,0.07602383,1.6130353,-0.9543431,-0.6352966,0.463656
1747679460.8108518,0.4536414,0.12093037,1.5798436,-0.9543431,-0.6352966,0.463656
1747679460.811392,0.4536414,0.12093037,1.5798436,-0.9543431,-0.6352966,0.463656
1747679460.811937,0.4536414,0.12093037,1.5798436,-0.9543431,-0.6352966,0.463656
1747679460.8124614,0.4536414,0.12093037,1.5798436,-0.9543431,-0.6352966,0.463656
1747679460.8130078,0.4536414,0.12093037,1.5798436,-0.9543431,-0.6352966,0.463656
1747679460.8135529,0.4536414,0.12093037,1.5798436,-0.9543431,-0.6352966,0.463656
1747679460.8141057,0.4536414,0.12093037,1.5798436,-0.9543431,-0.6352966,0.463656
1747679460.814643,0.4536414,0.12093037,1.5798436,-0.9543431,-0.6352966,0.463656
1747679460.8152015,0.4536414,0.12093037,1.5798436,-0.9543431,-0.6352966,0.463656
1747679460.8157253,0.4536414,0.12093037,1.5798436,-0.9543431,-0.6352966,0.463656
1747679460.8162441,0.4536414,0.12093037,1.5798436,-0.9543431,-0.6352966,0.463656
1747679460.8167624,0.4536414,0.12093037,1.5798436,-0.9543431,-0.6352966,0.463656
1747679460.817281,0.4536414,0.12093037,1.5798436,-0.9543431,-0.6352966,0.463656
1747679460.8177993,0.4536414,0.12093037,1.5798436,-0.9543431,-0.6352966,0.463656
1747679460.8183177,0.4536414,0.12093037,1.5798436,-0.9543431,-0.6352966,0.463656
1747679460.8188355,0.4536414,0.12093037,1.5798436,-0.9543431,-0.6352966,0.463656
1747679460.8193533,0.4536414,0.12093037,1.5798436,-0.9543431,-0.6352966,0.463656
1747679460.819871,0.4536414,0.12093037,1.5798436,-0.9543431,-0.6352966,0.463656
1747679460.820398,0.4536414,0.12093037,1.5798436,-0.67950505,-0.9207873,0.35393384
1747679460.8209193,0.48390448,0.1624201,1.4631842,-0.67950505,-0.9207873,0.35393384
1747679460.8214383,0.48390448,0.1624201,1.4631842,-0.67950505,-0.9207873,0.35393384
1747679460.8219566,0.48390448,0.1624201,1.4631842,-0.67950505,-0.9207873,0.35393384
1747679460.8224745,0.48390448,0.1624201,1.4631842,-0.67950505,-0.9207873,0.35393384
1747679460.8229926,0.48390448,0.1624201,1.4631842,-0.67950505,-0.9207873,0.35393384
1747679460.823511,0.48390448,0.1624201,1.4631842,-0.67950505,-0.9207873,0.35393384
1747679460.8240395,0.48390448,0.1624201,1.4631842,-0.67950505,-0.9207873,0.35393384
1747679460.8245738,0.48390448,0.1624201,1.4631842,-0.67950505,-0.9207873,0.35393384
1747679460.825093,0.48390448,0.1624201,1.4631842,-0.67950505,-0.9207873,0.35393384
1747679460.8256116,0.48390448,0.1624201,1.4631842,-0.67950505,-0.9207873,0.35393384
1747679460.8261297,0.48390448,0.1624201,1.4631842,-0.67950505,-0.9207873,0.35393384
1747679460.8267002,0.48390448,0.1624201,1.4631842,-0.67950505,-0.9207873,0.35393384
1747679460.8272593,0.48390448,0.1624201,1.4631842,-0.67950505,-0.9207873,0.35393384
1747679460.8278022,0.48390448,0.1624201,1.4631842,-0.67950505,-0.9207873,0.35393384
1747679460.8283415,0.48390448,0.1624201,1.4631842,-0.67950505,-0.9207873,0.35393384
1747679460.8289058,0.48390448,0.1624201,1.4631842,-0.67950505,-0.9207873,0.35393384
1747679460.8294601,0.48390448,0.1624201,1.4631842,-0.67950505,-0.9207873,0.35393384
1747679460.830033,0.4892738,0.20000492,1.3411556,-0.5751092,-1.0752505,0.23995064
1747679460.830565,0.4892738,0.20000492,1.3411556,-0.5751092,-1.0752505,0.23995064
1747679460.8310845,0.4892738,0.20000492,1.3411556,-0.5751092,-1.0752505,0.23995064
1747679460.8316026,0.4892738,0.20000492,1.3411556,-0.5751092,-1.0752505,0.23995064
1747679460.8321211,0.4892738,0.20000492,1.3411556,-0.5751092,-1.0752505,0.23995064
1747679460.8326395,0.4892738,0.20000492,1.3411556,-0.5751092,-1.0752505,0.23995064
1747679460.8331578,0.4892738,0.20000492,1.3411556,-0.5751092,-1.0752505,0.23995064
1747679460.833676,0.4892738,0.20000492,1.3411556,-0.5751092,-1.0752505,0.23995064
1747679460.8342042,0.4892738,0.20000492,1.3411556,-0.5751092,-1.0752505,0.23995064
1747679460.8347335,0.4892738,0.20000492,1.3411556,-0.5751092,-1.0752505,0.23995064
1747679460.8352535,0.4892738,0.20000492,1.3411556,-0.5751092,-1.0752505,0.23995064
1747679460.8357718,0.4892738,0.20000492,1.3411556,-0.5751092,-1.0752505,0.23995064
1747679460.83629,0.4892738,0.20000492,1.3411556,-0.5751092,-1.0752505,0.23995064
1747679460.8368082,0.4892738,0.20000492,1.3411556,-0.5751092,-1.0752505,0.23995064
1747679460.8373733,0.4892738,0.20000492,1.3411556,-0.5751092,-1.0752505,0.23995064
1747679460.8378954,0.4892738,0.20000492,1.3411556,-0.5751092,-1.0752505,0.23995064
1747679460.8384159,0.4892738,0.20000492,1.3411556,-0.5751092,-1.0752505,0.23995064
1747679460.8389363,0.4892738,0.20000492,1.3411556,-0.598545,-1.03264,0.14940323
1747679460.8394556,0.48585695,0.23368481,1.2903917,-0.598545,-1.03264,0.14940323
1747679460.8399742,0.48585695,0.23368481,1.2903917,-0.598545,-1.03264,0.14940323
1747679460.8404922,0.48585695,0.23368481,1.2903917,-0.598545,-1.03264,0.14940323
1747679460.8410106,0.48585695,0.23368481,1.2903917,-0.598545,-1.03264,0.14940323
1747679460.841529,0.48585695,0.23368481,1.2903917,-0.598545,-1.03264,0.14940323
1747679460.8420753,0.48585695,0.23368481,1.2903917,-0.598545,-1.03264,0.14940323
1747679460.842621,0.48585695,0.23368481,1.2903917,-0.598545,-1.03264,0.14940323
1747679460.843146,0.48585695,0.23368481,1.2903917,-0.598545,-1.03264,0.14940323
1747679460.8436778,0.48585695,0.23368481,1.2903917,-0.598545,-1.03264,0.14940323
1747679460.8442142,0.48585695,0.23368481,1.2903917,-0.598545,-1.03264,0.14940323
1747679460.8447452,0.48585695,0.23368481,1.2903917,-0.598545,-1.03264,0.14940323
1747679460.8453074,0.48585695,0.23368481,1.2903917,-0.598545,-1.03264,0.14940323
1747679460.845853,0.48585695,0.23368481,1.2903917,-0.598545,-1.03264,0.14940323
1747679460.8463862,0.48585695,0.23368481,1.2903917,-0.598545,-1.03264,0.14940323
1747679460.8469062,0.48585695,0.23368481,1.2903917,-0.598545,-1.03264,0.14940323
1747679460.8474245,0.48585695,0.23368481,1.2903917,-0.598545,-1.03264,0.14940323
1747679460.847943,0.48585695,0.23368481,1.2903917,-0.598545,-1.03264,0.14940323
1747679460.8484614,0.48585695,0.23368481,1.2903917,-0.598545,-1.03264,0.14940323
1747679460.8489838,0.4736541,0.23856597,1.2913679,-0.7103977,-0.7854988,0.06631266
1747679460.849505,0.4736541,0.23856597,1.2913679,-0.7103977,-0.7854988,0.06631266
1747679460.850024,0.4736541,0.23856597,1.2913679,-0.7103977,-0.7854988,0.06631266
1747679460.850542,0.4736541,0.23856597,1.2913679,-0.7103977,-0.7854988,0.06631266
1747679460.8510602,0.4736541,0.23856597,1.2913679,-0.7103977,-0.7854988,0.06631266
1747679460.8515785,0.4736541,0.23856597,1.2913679,-0.7103977,-0.7854988,0.06631266
1747679460.852096,0.4736541,0.23856597,1.2913679,-0.7103977,-0.7854988,0.06631266
1747679460.852614,0.4736541,0.23856597,1.2913679,-0.7103977,-0.7854988,0.06631266
1747679460.853132,0.4736541,0.23856597,1.2913679,-0.7103977,-0.7854988,0.06631266
1747679460.8536499,0.4736541,0.23856597,1.2913679,-0.7103977,-0.7854988,0.06631266
1747679460.8541765,0.4736541,0.23856597,1.2913679,-0.7103977,-0.7854988,0.06631266
1747679460.8547049,0.4736541,0.23856597,1.2913679,-0.7103977,-0.7854988,0.06631266
1747679460.8552246,0.4736541,0.23856597,1.2913679,-0.7103977,-0.7854988,0.06631266
1747679460.855743,0.4736541,0.23856597,1.2913679,-0.7103977,-0.7854988,0.06631266
1747679460.8562608,0.4736541,0.23856597,1.2913679,-0.7103977,-0.7854988,0.06631266
1747679460.856779,0.4736541,0.23856597,1.2913679,-0.7103977,-0.7854988,0.06631266
1747679460.8573165,0.4736541,0.23856597,1.2913679,-0.7103977,-0.7854988,0.06631266
1747679460.8578684,0.4736541,0.23856597,1.2913679,-0.7103977,-0.7854988,0.06631266
1747679460.8584433,0.4736541,0.23856597,1.2913679,-0.7103977,-0.7854988,0.06631266
1747679460.8590045,0.4736541,0.23856597,1.2913679,-0.7103977,-0.7854988,0.06631266
1747679460.8595724,0.4736541,0.23856597,1.2913679,-0.7103977,-0.7854988,0.06631266
1747679460.860109,0.4736541,0.23856597,1.2913679,-0.7103977,-0.7854988,0.06631266
1747679460.8606474,0.4736541,0.23856597,1.2913679,-0.7103977,-0.7854988,0.06631266
1747679460.8612504,0.4736541,0.23856597,1.2913679,-0.7103977,-0.7854988,0.06631266
1747679460.8618164,0.4736541,0.23856597,1.2913679,-0.7103977,-0.7854988,0.06631266
1747679460.8623726,0.4736541,0.23856597,1.2913679,-0.7103977,-0.7854988,0.06631266
1747679460.8629122,0.4736541,0.23856597,1.2913679,-0.7103977,-0.7854988,0.06631266
1747679460.863452,0.4736541,0.23856597,1.2913679,-0.7103977,-0.7854988,0.06631266
1747679460.863992,0.4736541,0.23856597,1.2913679,-0.7103977,-0.7854988,0.06631266
1747679460.8645165,0.4736541,0.23856597,1.2913679,-0.7103977,-0.7854988,0.06631266
1747679460.8650377,0.4736541,0.23856597,1.2913679,-0.7103977,-0.7854988,0.06631266
1747679460.8655586,0.4736541,0.23856597,1.2913679,-0.7103977,-0.7854988,0.06631266
1747679460.866079,0.4736541,0.23856597,1.2913679,-0.7103977,-0.7854988,0.06631266
1747679460.8665998,0.4736541,0.23856597,1.2913679,-0.7103977,-0.7854988,0.06631266
1747679460.8671203,0.4736541,0.23856597,1.2913679,-0.7103977,-0.7854988,0.06631266
1747679460.8676414,0.4736541,0.23856597,1.2913679,-0.7103977,-0.7854988,0.06631266
1747679460.8681624,0.4736541,0.23856597,1.2913679,-0.7103977,-0.7854988,0.06631266
1747679460.8686833,0.4736541,0.23856597,1.2913679,-0.7103977,-0.7854988,0.06631266
1747679460.8692043,0.4736541,0.23856597,1.2913679,-0.7103977,-0.7854988,0.06631266
1747679460.8697288,0.4736541,0.23856597,1.2913679,-0.7103977,-0.7854988,0.06631266
1747679460.8702514,0.4736541,0.23856597,1.2913679,-0.7103977,-0.7854988,0.06631266
1747679460.8707762,0.4736541,0.23856597,1.2913679,-0.7103977,-0.7854988,0.06631266
1747679460.871299,0.43997422,0.22050573,1.4270637,-0.82225037,-0.28802067,0.025832644
1747679460.8718233,0.43997422,0.22050573,1.4270637,-0.82225037,-0.28802067,0.025832644
1747679460.8723466,0.43997422,0.22050573,1.4270637,-0.82225037,-0.28802067,0.025832644
1747679460.8729093,0.43997422,0.22050573,1.4270637,-0.82225037,-0.28802067,0.025832644
1747679460.873528,0.43997422,0.22050573,1.4270637,-0.82225037,-0.28802067,0.025832644
1747679460.8740718,0.43997422,0.22050573,1.4270637,-0.82225037,-0.28802067,0.025832644
1747679460.8745959,0.43997422,0.22050573,1.4270637,-0.82225037,-0.28802067,0.025832644
1747679460.8751144,0.43997422,0.22050573,1.4270637,-0.82225037,-0.28802067,0.025832644
1747679460.8756647,0.43997422,0.22050573,1.4270637,-0.82225037,-0.28802067,0.025832644
1747679460.8762236,0.43997422,0.22050573,1.4270637,-0.82225037,-0.28802067,0.025832644
1747679460.8767953,0.43997422,0.22050573,1.4270637,-0.82225037,-0.28802067,0.025832644
1747679460.8773286,0.43997422,0.22050573,1.4270637,-0.82225037,-0.28802067,0.025832644
1747679460.8778486,0.43997422,0.22050573,1.4270637,-0.82225037,-0.28802067,0.025832644
1747679460.878367,0.43997422,0.22050573,1.4270637,-0.82225037,-0.28802067,0.025832644
1747679460.8788848,0.43997422,0.22050573,1.4270637,-0.82225037,-0.28802067,0.025832644
1747679460.8794034,0.43997422,0.22050573,1.4270637,-0.82225037,-0.28802067,0.025832644
1747679460.8799214,0.43997422,0.22050573,1.4270637,-0.82225037,-0.28802067,0.025832644
1747679460.8804398,0.43997422,0.22050573,1.4270637,-0.82225037,-0.28802067,0.025832644
1747679460.8809588,0.43558115,0.23075612,1.5378658,-0.79135776,-0.08881636,0.01944106
1747679460.881477,0.43558115,0.23075612,1.5378658,-0.79135776,-0.08881636,0.01944106
1747679460.881995,0.43558115,0.23075612,1.5378658,-0.79135776,-0.08881636,0.01944106
1747679460.882514,0.43558115,0.23075612,1.5378658,-0.79135776,-0.08881636,0.01944106
1747679460.883032,0.43558115,0.23075612,1.5378658,-0.79135776,-0.08881636,0.01944106
1747679460.8835497,0.43558115,0.23075612,1.5378658,-0.79135776,-0.08881636,0.01944106
1747679460.8840811,0.43558115,0.23075612,1.5378658,-0.79135776,-0.08881636,0.01944106
1747679460.8846166,0.43558115,0.23075612,1.5378658,-0.79135776,-0.08881636,0.01944106
1747679460.8851364,0.43558115,0.23075612,1.5378658,-0.79135776,-0.08881636,0.01944106
1747679460.8856544,0.43558115,0.23075612,1.5378658,-0.79135776,-0.08881636,0.01944106
1747679460.8861725,0.43558115,0.23075612,1.5378658,-0.79135776,-0.08881636,0.01944106
1747679460.8866906,0.43558115,0.23075612,1.5378658,-0.79135776,-0.08881636,0.01944106
1747679460.8872085,0.43558115,0.23075612,1.5378658,-0.79135776,-0.08881636,0.01944106
1747679460.8877544,0.43558115,0.23075612,1.5378658,-0.79135776,-0.08881636,0.01944106
1747679460.8883157,0.43558115,0.23075612,1.5378658,-0.79135776,-0.08881636,0.01944106
1747679460.8888762,0.43558115,0.23075612,1.5378658,-0.79135776,-0.08881636,0.01944106
1747679460.8894238,0.43558115,0.23075612,1.5378658,-0.79135776,-0.08881636,0.01944106
1747679460.889963,0.43558115,0.23075612,1.5378658,-0.79135776,-0.08881636,0.01944106
1747679460.890496,0.43558115,0.23075612,1.5378658,-0.79135776,-0.08881636,0.01944106
1747679460.891016,0.43558115,0.23075612,1.5378658,-0.79135776,-0.08881636,0.01944106
1747679460.8915598,0.45412952,0.2468639,1.6559894,-0.79135776,-0.08881636,0.01944106
1747679460.892138,0.45412952,0.2468639,1.6559894,-0.6486124,0.016644744,-0.005060002
1747679460.8926845,0.45412952,0.2468639,1.6559894,-0.6486124,0.016644744,-0.005060002
1747679460.893209,0.45412952,0.2468639,1.6559894,-0.6486124,0.016644744,-0.005060002
1747679460.893728,0.45412952,0.2468639,1.6559894,-0.6486124,0.016644744,-0.005060002
1747679460.89426,0.45412952,0.2468639,1.6559894,-0.6486124,0.016644744,-0.005060002
1747679460.8947926,0.45412952,0.2468639,1.6559894,-0.6486124,0.016644744,-0.005060002
1747679460.8953125,0.45412952,0.2468639,1.6559894,-0.6486124,0.016644744,-0.005060002
1747679460.8958309,0.45412952,0.2468639,1.6559894,-0.6486124,0.016644744,-0.005060002
1747679460.8963487,0.45412952,0.2468639,1.6559894,-0.6486124,0.016644744,-0.005060002
1747679460.896867,0.45412952,0.2468639,1.6559894,-0.6486124,0.016644744,-0.005060002
1747679460.8973851,0.45412952,0.2468639,1.6559894,-0.6486124,0.016644744,-0.005060002
1747679460.8979032,0.45412952,0.2468639,1.6559894,-0.6486124,0.016644744,-0.005060002
1747679460.898421,0.45412952,0.2468639,1.6559894,-0.6486124,0.016644744,-0.005060002
1747679460.898939,0.45412952,0.2468639,1.6559894,-0.6486124,0.016644744,-0.005060002
1747679460.899457,0.45412952,0.2468639,1.6559894,-0.6486124,0.016644744,-0.005060002
1747679460.8999748,0.45412952,0.2468639,1.6559894,-0.6486124,0.016644744,-0.005060002
1747679460.900493,0.45412952,0.2468639,1.6559894,-0.6486124,0.016644744,-0.005060002
1747679460.9010108,0.45412952,0.2468639,1.6559894,-0.6486124,0.016644744,-0.005060002
1747679460.9015288,0.45412952,0.2468639,1.6559894,-0.6486124,0.016644744,-0.005060002
1747679460.9020467,0.45412952,0.2468639,1.6559894,-0.6486124,0.016644744,-0.005060002
1747679460.902565,0.45412952,0.2468639,1.6559894,-0.6486124,0.016644744,-0.005060002
1747679460.903099,0.45412952,0.2468639,1.6559894,-0.6486124,0.016644744,-0.005060002
1747679460.9036443,0.45412952,0.2468639,1.6559894,-0.6486124,0.016644744,-0.005060002
1747679460.9041815,0.45412952,0.2468639,1.6559894,-0.6486124,0.016644744,-0.005060002
1747679460.9047043,0.45412952,0.2468639,1.6559894,-0.6486124,0.016644744,-0.005060002
1747679460.9052253,0.4673086,0.24784014,1.7253017,-0.45686495,0.0326237,-0.038083173
1747679460.9057438,0.4673086,0.24784014,1.7253017,-0.45686495,0.0326237,-0.038083173
1747679460.906262,0.4673086,0.24784014,1.7253017,-0.45686495,0.0326237,-0.038083173
1747679460.9067822,0.4673086,0.24784014,1.7253017,-0.45686495,0.0326237,-0.038083173
1747679460.9073303,0.4673086,0.24784014,1.7253017,-0.45686495,0.0326237,-0.038083173
1747679460.9078696,0.4673086,0.24784014,1.7253017,-0.45686495,0.0326237,-0.038083173
1747679460.9084191,0.4673086,0.24784014,1.7253017,-0.45686495,0.0326237,-0.038083173
1747679460.9089828,0.4673086,0.24784014,1.7253017,-0.45686495,0.0326237,-0.038083173
1747679460.9095163,0.4673086,0.24784014,1.7253017,-0.45686495,0.0326237,-0.038083173
1747679460.9100363,0.4673086,0.24784014,1.7253017,-0.45686495,0.0326237,-0.038083173
1747679460.910555,0.4673086,0.24784014,1.7253017,-0.45686495,0.0326237,-0.038083173
1747679460.9110742,0.4673086,0.24784014,1.7253017,-0.45686495,0.0326237,-0.038083173
1747679460.9115927,0.4673086,0.24784014,1.7253017,-0.45686495,0.0326237,-0.038083173
1747679460.9121113,0.4673086,0.24784014,1.7253017,-0.45686495,0.0326237,-0.038083173
1747679460.9126298,0.4673086,0.24784014,1.7253017,-0.45686495,0.0326237,-0.038083173
1747679460.9131477,0.4673086,0.24784014,1.7253017,-0.45686495,0.0326237,-0.038083173
1747679460.9136658,0.4673086,0.24784014,1.7253017,-0.45686495,0.0326237,-0.038083173
1747679460.9141967,0.4673086,0.24784014,1.7253017,-0.45686495,0.0326237,-0.038083173
1747679460.9147372,0.4673086,0.24784014,1.7253017,-0.45686495,0.0326237,-0.038083173
1747679460.9152594,0.4531533,0.25955486,1.7399452,-0.20013641,0.06245108,-0.071106344
1747679460.9157784,0.4531533,0.25955486,1.7399452,-0.20013641,0.06245108,-0.071106344
1747679460.9162962,0.4531533,0.25955486,1.7399452,-0.20013641,0.06245108,-0.071106344
1747679460.9168146,0.4531533,0.25955486,1.7399452,-0.20013641,0.06245108,-0.071106344
1747679460.9173324,0.4531533,0.25955486,1.7399452,-0.20013641,0.06245108,-0.071106344
1747679460.9178512,0.4531533,0.25955486,1.7399452,-0.20013641,0.06245108,-0.071106344
1747679460.9184363,0.4531533,0.25955486,1.7399452,-0.20013641,0.06245108,-0.071106344
1747679460.9189916,0.4531533,0.25955486,1.7399452,-0.20013641,0.06245108,-0.071106344
1747679460.9195385,0.4531533,0.25955486,1.7399452,-0.20013641,0.06245108,-0.071106344
1747679460.9201248,0.4531533,0.25955486,1.7399452,-0.20013641,0.06245108,-0.071106344
1747679460.920665,0.4531533,0.25955486,1.7399452,-0.20013641,0.06245108,-0.071106344
1747679460.9211984,0.4531533,0.25955486,1.7399452,-0.20013641,0.06245108,-0.071106344
1747679460.9217181,0.4531533,0.25955486,1.7399452,-0.20013641,0.06245108,-0.071106344
1747679460.922237,0.4531533,0.25955486,1.7399452,-0.20013641,0.06245108,-0.071106344
1747679460.9227679,0.45510575,0.27517456,1.7316471,-0.041412123,0.10506163,-0.082824245
1747679460.9233868,0.45510575,0.27517456,1.7316471,-0.041412123,0.10506163,-0.082824245
1747679460.9239533,0.45510575,0.27517456,1.7316471,-0.041412123,0.10506163,-0.082824245
1747679460.9245005,0.45510575,0.27517456,1.7316471,-0.041412123,0.10506163,-0.082824245
1747679460.925037,0.45510575,0.27517456,1.7316471,-0.041412123,0.10506163,-0.082824245
1747679460.925573,0.45510575,0.27517456,1.7316471,-0.041412123,0.10506163,-0.082824245
1747679460.9261065,0.45510575,0.27517456,1.7316471,-0.041412123,0.10506163,-0.082824245
1747679460.926634,0.45510575,0.27517456,1.7316471,-0.041412123,0.10506163,-0.082824245
1747679460.9271607,0.45510575,0.27517456,1.7316471,-0.041412123,0.10506163,-0.082824245
1747679460.9276843,0.45510575,0.27517456,1.7316471,-0.041412123,0.10506163,-0.082824245
1747679460.9282079,0.45510575,0.27517456,1.7316471,-0.041412123,0.10506163,-0.082824245
1747679460.9287302,0.45510575,0.27517456,1.7316471,-0.041412123,0.10506163,-0.082824245
1747679460.929253,0.45510575,0.27517456,1.7316471,-0.041412123,0.10506163,-0.082824245
1747679460.929776,0.45510575,0.27517456,1.7316471,-0.041412123,0.10506163,-0.082824245
1747679460.930298,0.45510575,0.27517456,1.7316471,-0.041412123,0.10506163,-0.082824245
1747679460.9308205,0.45510575,0.27517456,1.7316471,-0.041412123,0.10506163,-0.082824245
1747679460.931345,0.45510575,0.27517456,1.7316471,-0.041412123,0.10506163,-0.082824245
1747679460.9318666,0.45510575,0.27517456,1.7316471,-0.041412123,0.10506163,-0.082824245
1747679460.9323885,0.45510575,0.27517456,1.7316471,-0.041412123,0.10506163,-0.082824245
1747679460.932911,0.48634505,0.27517456,1.7155395,0.13222586,0.17749955,-0.11158637
1747679460.9334428,0.48634505,0.27517456,1.7155395,0.13222586,0.17749955,-0.11158637
1747679460.934009,0.48634505,0.27517456,1.7155395,0.13222586,0.17749955,-0.11158637
1747679460.93456,0.48634505,0.27517456,1.7155395,0.13222586,0.17749955,-0.11158637
1747679460.9350843,0.48634505,0.27517456,1.7155395,0.13222586,0.17749955,-0.11158637
1747679460.9356036,0.48634505,0.27517456,1.7155395,0.13222586,0.17749955,-0.11158637
1747679460.9361224,0.48634505,0.27517456,1.7155395,0.13222586,0.17749955,-0.11158637
1747679460.9366407,0.48634505,0.27517456,1.7155395,0.13222586,0.17749955,-0.11158637
1747679460.937159,0.48634505,0.27517456,1.7155395,0.13222586,0.17749955,-0.11158637
1747679460.9376774,0.48634505,0.27517456,1.7155395,0.13222586,0.17749955,-0.11158637
1747679460.9382255,0.48634505,0.27517456,1.7155395,0.13222586,0.17749955,-0.11158637
1747679460.9387755,0.48634505,0.27517456,1.7155395,0.13222586,0.17749955,-0.11158637
1747679460.9393377,0.48634505,0.27517456,1.7155395,0.13222586,0.17749955,-0.11158637
1747679460.93987,0.48634505,0.27517456,1.7155395,0.13222586,0.17749955,-0.11158637
1747679460.9403925,0.48634505,0.27517456,1.7155395,0.13222586,0.17749955,-0.11158637
1747679460.9409122,0.48634505,0.27517456,1.7155395,0.3356912,0.29148278,-0.17550218
1747679460.941431,0.4873213,0.2668766,1.7096821,0.3356912,0.29148278,-0.17550218
1747679460.9419496,0.4873213,0.2668766,1.7096821,0.3356912,0.29148278,-0.17550218
1747679460.9424684,0.4873213,0.2668766,1.7096821,0.3356912,0.29148278,-0.17550218
1747679460.9429865,0.4873213,0.2668766,1.7096821,0.3356912,0.29148278,-0.17550218
1747679460.943515,0.4873213,0.2668766,1.7096821,0.3356912,0.29148278,-0.17550218
1747679460.9440494,0.4873213,0.2668766,1.7096821,0.3356912,0.29148278,-0.17550218
1747679460.9445696,0.4873213,0.2668766,1.7096821,0.3356912,0.29148278,-0.17550218
1747679460.945088,0.4873213,0.2668766,1.7096821,0.3356912,0.29148278,-0.17550218
1747679460.945606,0.4873213,0.2668766,1.7096821,0.3356912,0.29148278,-0.17550218
1747679460.9461238,0.4873213,0.2668766,1.7096821,0.3356912,0.29148278,-0.17550218
1747679460.9466422,0.4873213,0.2668766,1.7096821,0.3356912,0.29148278,-0.17550218
1747679460.9471602,0.4873213,0.2668766,1.7096821,0.3356912,0.29148278,-0.17550218
1747679460.947678,0.4873213,0.2668766,1.7096821,0.3356912,0.29148278,-0.17550218
1747679460.9481983,0.4873213,0.2668766,1.7096821,0.3356912,0.29148278,-0.17550218
1747679460.9487398,0.4873213,0.2668766,1.7096821,0.3356912,0.29148278,-0.17550218
1747679460.9492946,0.45266518,0.26882908,1.6921101,0.3356912,0.29148278,-0.17550218
1747679460.9498315,0.45266518,0.26882908,1.6921101,0.47843653,0.3756386,-0.20959063
1747679460.950362,0.45266518,0.26882908,1.6921101,0.47843653,0.3756386,-0.20959063
1747679460.9508972,0.45266518,0.26882908,1.6921101,0.47843653,0.3756386,-0.20959063
1747679460.9514303,0.45266518,0.26882908,1.6921101,0.47843653,0.3756386,-0.20959063
1747679460.95195,0.45266518,0.26882908,1.6921101,0.47843653,0.3756386,-0.20959063
1747679460.9524686,0.45266518,0.26882908,1.6921101,0.47843653,0.3756386,-0.20959063
1747679460.952988,0.45266518,0.26882908,1.6921101,0.47843653,0.3756386,-0.20959063
1747679460.9535065,0.45266518,0.26882908,1.6921101,0.47843653,0.3756386,-0.20959063
1747679460.9540474,0.45266518,0.26882908,1.6921101,0.47843653,0.3756386,-0.20959063
1747679460.954614,0.45266518,0.26882908,1.6921101,0.47843653,0.3756386,-0.20959063
1747679460.9551606,0.45266518,0.26882908,1.6921101,0.47843653,0.3756386,-0.20959063
1747679460.9556935,0.45266518,0.26882908,1.6921101,0.47843653,0.3756386,-0.20959063
1747679460.9562132,0.45266518,0.26882908,1.6921101,0.47843653,0.3756386,-0.20959063
1747679460.9567316,0.45266518,0.26882908,1.6921101,0.47843653,0.3756386,-0.20959063
1747679460.95725,0.45266518,0.26882908,1.6921101,0.47843653,0.3756386,-0.20959063
1747679460.9577713,0.45266518,0.26882908,1.6921101,0.47843653,0.3756386,-0.20959063
1747679460.9582922,0.45266518,0.26882908,1.6921101,0.47843653,0.3756386,-0.20959063
1747679460.9588134,0.45266518,0.26882908,1.6921101,0.47843653,0.3756386,-0.20959063
1747679460.9593344,0.45266518,0.26882908,1.6921101,0.47843653,0.3756386,-0.20959063
1747679460.9598553,0.45266518,0.26882908,1.6921101,0.47843653,0.3756386,-0.20959063
1747679460.9603767,0.40482998,0.27078152,1.6345123,0.47843653,0.3756386,-0.20959063
1747679460.9608986,0.40482998,0.27078152,1.6345123,0.47843653,0.3756386,-0.20959063
1747679460.9614196,0.40482998,0.27078152,1.6345123,0.47843653,0.3756386,-0.20959063
1747679460.9619403,0.40482998,0.27078152,1.6345123,0.47843653,0.3756386,-0.20959063
1747679460.9624617,0.40482998,0.27078152,1.6345123,0.6808366,0.47151232,-0.2245043
1747679460.962983,0.40482998,0.27078152,1.6345123,0.6808366,0.47151232,-0.2245043
1747679460.9635036,0.40482998,0.27078152,1.6345123,0.6808366,0.47151232,-0.2245043
1747679460.9640443,0.40482998,0.27078152,1.6345123,0.6808366,0.47151232,-0.2245043
1747679460.9646118,0.40482998,0.27078152,1.6345123,0.6808366,0.47151232,-0.2245043
1747679460.9651613,0.40482998,0.27078152,1.6345123,0.6808366,0.47151232,-0.2245043
1747679460.9657066,0.40482998,0.27078152,1.6345123,0.6808366,0.47151232,-0.2245043
1747679460.9662333,0.40482998,0.27078152,1.6345123,0.6808366,0.47151232,-0.2245043
1747679460.9667552,0.40482998,0.27078152,1.6345123,0.6808366,0.47151232,-0.2245043
1747679460.967276,0.40482998,0.27078152,1.6345123,0.6808366,0.47151232,-0.2245043
1747679460.9677987,0.40482998,0.27078152,1.6345123,0.6808366,0.47151232,-0.2245043
1747679460.968321,0.40482998,0.27078152,1.6345123,0.6808366,0.47151232,-0.2245043
1747679460.968842,0.40482998,0.27078152,1.6345123,0.6808366,0.47151232,-0.2245043
1747679460.969363,0.40482998,0.27078152,1.6345123,0.6808366,0.47151232,-0.2245043
1747679460.9698908,0.40482998,0.27078152,1.6345123,0.6808366,0.47151232,-0.2245043
1747679460.9704525,0.40482998,0.27078152,1.6345123,0.6808366,0.47151232,-0.2245043
1747679460.9709983,0.40482998,0.27078152,1.6345123,0.6808366,0.47151232,-0.2245043
1747679460.9715588,0.40482998,0.27078152,1.6345123,0.6808366,0.47151232,-0.2245043
1747679460.972112,0.40482998,0.27078152,1.6345123,0.6808366,0.47151232,-0.2245043
1747679460.972658,0.40482998,0.27078152,1.6345123,0.6808366,0.47151232,-0.2245043
1747679460.973212,0.3828648,0.26931718,1.5852128,0.6808366,0.47151232,-0.2245043
1747679460.973738,0.3828648,0.26931718,1.5852128,0.6808366,0.47151232,-0.2245043
1747679460.974293,0.3828648,0.26931718,1.5852128,0.6808366,0.47151232,-0.2245043
1747679460.974841,0.3828648,0.26931718,1.5852128,0.6808366,0.47151232,-0.2245043
1747679460.9753838,0.3828648,0.26931718,1.5852128,0.6808366,0.47151232,-0.2245043
1747679460.9759252,0.3828648,0.26931718,1.5852128,0.6808366,0.47151232,-0.2245043
1747679460.9764662,0.3828648,0.26931718,1.5852128,0.6808366,0.47151232,-0.2245043
1747679460.977007,0.3828648,0.26931718,1.5852128,0.6808366,0.47151232,-0.2245043
1747679460.9775524,0.3828648,0.26931718,1.5852128,0.6808366,0.47151232,-0.2245043
1747679460.9780939,0.3828648,0.26931718,1.5852128,0.6808366,0.47151232,-0.2245043
1747679460.9786339,0.3828648,0.26931718,1.5852128,0.6808366,0.47151232,-0.2245043
1747679460.9792135,0.3828648,0.26931718,1.5852128,0.6808366,0.47151232,-0.2245043
1747679460.97979,0.3828648,0.26931718,1.5852128,0.6808366,0.47151232,-0.2245043
1747679460.9803398,0.3828648,0.26931718,1.5852128,0.6808366,0.47151232,-0.2245043
1747679460.9808817,0.3828648,0.26931718,1.5852128,0.6808366,0.47151232,-0.2245043
1747679460.9814382,0.3828648,0.26931718,1.5852128,0.6808366,0.47151232,-0.2245043
1747679460.981989,0.37944803,0.27078152,1.5451875,0.9056072,0.48749128,-0.20959063
1747679460.982516,0.37944803,0.27078152,1.5451875,0.9056072,0.48749128,-0.20959063
1747679460.9830356,0.37944803,0.27078152,1.5451875,0.9056072,0.48749128,-0.20959063
1747679460.9835544,0.37944803,0.27078152,1.5451875,0.9056072,0.48749128,-0.20959063
1747679460.9840827,0.37944803,0.27078152,1.5451875,0.9056072,0.48749128,-0.20959063
1747679460.9846373,0.37944803,0.27078152,1.5451875,0.9056072,0.48749128,-0.20959063
1747679460.9851904,0.37944803,0.27078152,1.5451875,0.9056072,0.48749128,-0.20959063
1747679460.985761,0.37944803,0.27078152,1.5451875,0.9056072,0.48749128,-0.20959063
1747679460.986294,0.37944803,0.27078152,1.5451875,0.9056072,0.48749128,-0.20959063
1747679460.9868138,0.37944803,0.27078152,1.5451875,0.9056072,0.48749128,-0.20959063
1747679460.9873323,0.37944803,0.27078152,1.5451875,0.9056072,0.48749128,-0.20959063
1747679460.987851,0.37944803,0.27078152,1.5451875,0.9056072,0.48749128,-0.20959063
1747679460.9883695,0.37944803,0.27078152,1.5451875,0.9056072,0.48749128,-0.20959063
1747679460.9888878,0.37944803,0.27078152,1.5451875,0.9056072,0.48749128,-0.20959063
1747679460.9894063,0.37944803,0.27078152,1.5451875,0.9056072,0.48749128,-0.20959063
1747679460.989925,0.37944803,0.27078152,1.5451875,0.9056072,0.48749128,-0.20959063
1747679460.9904432,0.37944803,0.27078152,1.5451875,0.9056072,0.48749128,-0.20959063
1747679460.9909616,0.37944803,0.27078152,1.5451875,0.9056072,0.48749128,-0.20959063
1747679460.9914806,0.37944803,0.27078152,1.5451875,0.9056072,0.48749128,-0.20959063
1747679460.99205,0.38872218,0.26590037,1.517853,1.021721,0.45553336,-0.2042643
1747679460.9925697,0.38872218,0.26590037,1.517853,1.021721,0.45553336,-0.2042643
1747679460.9930885,0.38872218,0.26590037,1.517853,1.021721,0.45553336,-0.2042643
1747679460.9936073,0.38872218,0.26590037,1.517853,1.021721,0.45553336,-0.2042643
1747679460.9941354,0.38872218,0.26590037,1.517853,1.021721,0.45553336,-0.2042643
1747679460.9947023,0.38872218,0.26590037,1.517853,1.021721,0.45553336,-0.2042643
1747679460.9952521,0.38872218,0.26590037,1.517853,1.021721,0.45553336,-0.2042643
1747679460.9957848,0.38872218,0.26590037,1.517853,1.021721,0.45553336,-0.2042643
1747679460.996304,0.38872218,0.26590037,1.517853,1.021721,0.45553336,-0.2042643
1747679460.9968226,0.38872218,0.26590037,1.517853,1.021721,0.45553336,-0.2042643
1747679460.9973404,0.38872218,0.26590037,1.517853,1.021721,0.45553336,-0.2042643
1747679460.9978585,0.38872218,0.26590037,1.517853,1.021721,0.45553336,-0.2042643
1747679460.9983766,0.38872218,0.26590037,1.517853,1.021721,0.45553336,-0.2042643
1747679460.998903,0.38872218,0.26590037,1.517853,1.021721,0.45553336,-0.2042643
1747679460.9994211,0.38872218,0.26590037,1.517853,1.021721,0.45553336,-0.2042643
1747679460.9999394,0.38872218,0.26590037,1.517853,1.021721,0.45553336,-0.2042643
1747679461.0004885,0.38872218,0.26590037,1.517853,1.021721,0.45553336,-0.2042643
1747679461.0010371,0.38872218,0.26590037,1.517853,1.021721,0.45553336,-0.2042643
1747679461.0016,0.38872218,0.26590037,1.517853,1.021721,0.45553336,-0.2042643
1747679461.0021336,0.38872218,0.26590037,1.517853,1.021721,0.45553336,-0.2042643
1747679461.0026534,0.38872218,0.26590037,1.517853,1.021721,0.45553336,-0.2042643
1747679461.0031743,0.38872218,0.26590037,1.517853,1.021721,0.45553336,-0.2042643
1747679461.0036952,0.40824676,0.25320938,1.5022334,1.021721,0.45553336,-0.2042643
1747679461.0042229,0.40824676,0.25320938,1.5022334,1.1559442,0.37989965,-0.2277001
1747679461.0047803,0.40824676,0.25320938,1.5022334,1.1559442,0.37989965,-0.2277001
1747679461.0053008,0.40824676,0.25320938,1.5022334,1.1559442,0.37989965,-0.2277001
1747679461.005819,0.40824676,0.25320938,1.5022334,1.1559442,0.37989965,-0.2277001
1747679461.0063372,0.40824676,0.25320938,1.5022334,1.1559442,0.37989965,-0.2277001
1747679461.0068557,0.40824676,0.25320938,1.5022334,1.1559442,0.37989965,-0.2277001
1747679461.007374,0.40824676,0.25320938,1.5022334,1.1559442,0.37989965,-0.2277001
1747679461.0078921,0.40824676,0.25320938,1.5022334,1.1559442,0.37989965,-0.2277001
1747679461.0084105,0.40824676,0.25320938,1.5022334,1.1559442,0.37989965,-0.2277001
1747679461.0089283,0.40824676,0.25320938,1.5022334,1.1559442,0.37989965,-0.2277001
1747679461.0095453,0.40824676,0.25320938,1.5022334,1.1559442,0.37989965,-0.2277001
1747679461.0101073,0.40824676,0.25320938,1.5022334,1.1559442,0.37989965,-0.2277001
1747679461.0106547,0.40824676,0.25320938,1.5022334,1.1559442,0.37989965,-0.2277001
1747679461.0112665,0.40824676,0.25320938,1.5022334,1.1559442,0.37989965,-0.2277001
1747679461.0118074,0.40824676,0.25320938,1.5022334,1.1559442,0.37989965,-0.2277001
1747679461.0123405,0.40824676,0.25320938,1.5022334,1.1559442,0.37989965,-0.2277001
1747679461.0128603,0.40824676,0.25320938,1.5022334,1.1559442,0.37989965,-0.2277001
1747679461.0133889,0.40824676,0.25320938,1.5022334,1.1559442,0.37989965,-0.2277001
1747679461.0139163,0.4023894,0.24247088,1.483685,1.2677969,0.32024488,-0.2543317
1747679461.0144362,0.4023894,0.24247088,1.483685,1.2677969,0.32024488,-0.2543317
1747679461.0149548,0.4023894,0.24247088,1.483685,1.2677969,0.32024488,-0.2543317
1747679461.0154727,0.4023894,0.24247088,1.483685,1.2677969,0.32024488,-0.2543317
1747679461.0159907,0.4023894,0.24247088,1.483685,1.2677969,0.32024488,-0.2543317
1747679461.0165203,0.4023894,0.24247088,1.483685,1.2677969,0.32024488,-0.2543317
1747679461.0170887,0.4023894,0.24247088,1.483685,1.2677969,0.32024488,-0.2543317
1747679461.0176375,0.4023894,0.24247088,1.483685,1.2677969,0.32024488,-0.2543317
1747679461.01817,0.4023894,0.24247088,1.483685,1.2677969,0.32024488,-0.2543317
1747679461.0186908,0.4023894,0.24247088,1.483685,1.2677969,0.32024488,-0.2543317
1747679461.0192091,0.4023894,0.24247088,1.483685,1.2677969,0.32024488,-0.2543317
1747679461.0197275,0.4023894,0.24247088,1.483685,1.2677969,0.32024488,-0.2543317
1747679461.0202456,0.4023894,0.24247088,1.483685,1.2677969,0.32024488,-0.2543317
1747679461.0207646,0.4023894,0.24247088,1.483685,1.2677969,0.32024488,-0.2543317
1747679461.0212831,0.4023894,0.24247088,1.483685,1.2677969,0.32024488,-0.2543317
1747679461.0218012,0.4023894,0.24247088,1.483685,1.2677969,0.32024488,-0.2543317
1747679461.0223196,0.4023894,0.24247088,1.483685,1.2677969,0.32024488,-0.2543317
1747679461.0228379,0.4023894,0.24247088,1.483685,1.2677969,0.32024488,-0.2543317
1747679461.0233564,0.40531808,0.22441064,1.4729465,1.3860412,0.26591644,-0.27137592
1747679461.0238853,0.40531808,0.22441064,1.4729465,1.3860412,0.26591644,-0.27137592
1747679461.0244195,0.40531808,0.22441064,1.4729465,1.3860412,0.26591644,-0.27137592
1747679461.0249608,0.40531808,0.22441064,1.4729465,1.3860412,0.26591644,-0.27137592
1747679461.0255046,0.40531808,0.22441064,1.4729465,1.3860412,0.26591644,-0.27137592
1747679461.0260286,0.40531808,0.22441064,1.4729465,1.3860412,0.26591644,-0.27137592
1747679461.0265472,0.40531808,0.22441064,1.4729465,1.3860412,0.26591644,-0.27137592
1747679461.0270655,0.40531808,0.22441064,1.4729465,1.3860412,0.26591644,-0.27137592
1747679461.027584,0.40531808,0.22441064,1.4729465,1.3860412,0.26591644,-0.27137592
1747679461.0281022,0.40531808,0.22441064,1.4729465,1.3860412,0.26591644,-0.27137592
1747679461.02862,0.40531808,0.22441064,1.4729465,1.3860412,0.26591644,-0.27137592
1747679461.0291624,0.40531808,0.22441064,1.4729465,1.3860412,0.26591644,-0.27137592
1747679461.029682,0.40531808,0.22441064,1.4729465,1.3860412,0.26591644,-0.27137592
1747679461.0302005,0.40531808,0.22441064,1.4729465,1.465936,0.25100276,-0.28096327
1747679461.0307212,0.40678242,0.2063504,1.483685,1.465936,0.25100276,-0.28096327
1747679461.0312395,0.40678242,0.2063504,1.483685,1.465936,0.25100276,-0.28096327
1747679461.0317578,0.40678242,0.2063504,1.483685,1.465936,0.25100276,-0.28096327
1747679461.032306,0.40678242,0.2063504,1.483685,1.465936,0.25100276,-0.28096327
1747679461.0328577,0.40678242,0.2063504,1.483685,1.465936,0.25100276,-0.28096327
1747679461.0334194,0.40678242,0.2063504,1.483685,1.465936,0.25100276,-0.28096327
1747679461.0339613,0.40678242,0.2063504,1.483685,1.465936,0.25100276,-0.28096327
1747679461.0345194,0.40678242,0.2063504,1.483685,1.465936,0.25100276,-0.28096327
1747679461.035044,0.40678242,0.2063504,1.483685,1.465936,0.25100276,-0.28096327
1747679461.035563,0.40678242,0.2063504,1.483685,1.465936,0.25100276,-0.28096327
1747679461.0360813,0.40678242,0.2063504,1.483685,1.465936,0.25100276,-0.28096327
1747679461.0365996,0.40678242,0.2063504,1.483685,1.465936,0.25100276,-0.28096327
1747679461.0371637,0.40678242,0.2063504,1.483685,1.465936,0.25100276,-0.28096327
1747679461.0376837,0.40678242,0.2063504,1.483685,1.465936,0.25100276,-0.28096327
1747679461.0382023,0.40678242,0.2063504,1.483685,1.465936,0.25100276,-0.28096327
1747679461.0387208,0.40678242,0.2063504,1.483685,1.465936,0.25100276,-0.28096327
1747679461.039239,0.40678242,0.2063504,1.483685,1.465936,0.25100276,-0.28096327
1747679461.0397882,0.40678242,0.2063504,1.483685,1.465936,0.25100276,-0.28096327
1747679461.0403595,0.40678242,0.2063504,1.483685,1.465936,0.25100276,-0.28096327
1747679461.0408905,0.40678242,0.2063504,1.483685,1.465936,0.25100276,-0.28096327
1747679461.0414228,0.40678242,0.2063504,1.483685,1.465936,0.25100276,-0.28096327
1747679461.0419536,0.43655738,0.19365942,1.496376,1.5948328,0.2786996,-0.28522435
1747679461.0424738,0.43655738,0.19365942,1.496376,1.5948328,0.2786996,-0.28522435
1747679461.0429928,0.43655738,0.19365942,1.496376,1.5948328,0.2786996,-0.28522435
1747679461.0435114,0.43655738,0.19365942,1.496376,1.5948328,0.2786996,-0.28522435
1747679461.04404,0.43655738,0.19365942,1.496376,1.5948328,0.2786996,-0.28522435
1747679461.0445704,0.43655738,0.19365942,1.496376,1.5948328,0.2786996,-0.28522435
1747679461.0450912,0.43655738,0.19365942,1.496376,1.5948328,0.2786996,-0.28522435
1747679461.0456092,0.43655738,0.19365942,1.496376,1.5948328,0.2786996,-0.28522435
1747679461.046127,0.43655738,0.19365942,1.496376,1.5948328,0.2786996,-0.28522435
1747679461.0466452,0.43655738,0.19365942,1.496376,1.5948328,0.2786996,-0.28522435
1747679461.0471632,0.43655738,0.19365942,1.496376,1.5948328,0.2786996,-0.28522435
1747679461.0476813,0.43655738,0.19365942,1.496376,1.5948328,0.2786996,-0.28522435
1747679461.0482311,0.43655738,0.19365942,1.496376,1.5948328,0.2786996,-0.28522435
1747679461.0487988,0.43655738,0.19365942,1.496376,1.5948328,0.2786996,-0.28522435
1747679461.049369,0.43655738,0.19365942,1.496376,1.5948328,0.2786996,-0.28522435
1747679461.049902,0.43655738,0.19365942,1.496376,1.5948328,0.2786996,-0.28522435
1747679461.0504477,0.43655738,0.19365942,1.496376,1.6789887,0.3106575,-0.31079066
1747679461.0509684,0.46291557,0.18877828,1.5027214,1.6789887,0.3106575,-0.31079066
1747679461.0514877,0.46291557,0.18877828,1.5027214,1.6789887,0.3106575,-0.31079066
1747679461.052006,0.46291557,0.18877828,1.5027214,1.6789887,0.3106575,-0.31079066
1747679461.0525243,0.46291557,0.18877828,1.5027214,1.6789887,0.3106575,-0.31079066
1747679461.0530424,0.46291557,0.18877828,1.5027214,1.6789887,0.3106575,-0.31079066
1747679461.0535605,0.46291557,0.18877828,1.5027214,1.6789887,0.3106575,-0.31079066
1747679461.0540915,0.46291557,0.18877828,1.5027214,1.6789887,0.3106575,-0.31079066
1747679461.0546262,0.46291557,0.18877828,1.5027214,1.6789887,0.3106575,-0.31079066
1747679461.0551739,0.46291557,0.18877828,1.5027214,1.6789887,0.3106575,-0.31079066
1747679461.05572,0.46291557,0.18877828,1.5027214,1.6789887,0.3106575,-0.31079066
1747679461.056246,0.46291557,0.18877828,1.5027214,1.6789887,0.3106575,-0.31079066
1747679461.0567648,0.46291557,0.18877828,1.5027214,1.6789887,0.3106575,-0.31079066
1747679461.0572832,0.46291557,0.18877828,1.5027214,1.6789887,0.3106575,-0.31079066
1747679461.0578012,0.46291557,0.18877828,1.5027214,1.6789887,0.3106575,-0.31079066
1747679461.0583222,0.46291557,0.18877828,1.5027214,1.6789887,0.3106575,-0.31079066
1747679461.0588434,0.46291557,0.18877828,1.5027214,1.6789887,0.3106575,-0.31079066
1747679461.059365,0.46291557,0.18877828,1.5027214,1.6789887,0.3106575,-0.31079066
1747679461.0598857,0.46291557,0.18877828,1.5027214,1.6789887,0.3106575,-0.31079066
1747679461.060407,0.4736541,0.17803976,1.4978403,1.7812539,0.37350807,-0.3534012
1747679461.0609286,0.4736541,0.17803976,1.4978403,1.7812539,0.37350807,-0.3534012
1747679461.0614493,0.4736541,0.17803976,1.4978403,1.7812539,0.37350807,-0.3534012
1747679461.06197,0.4736541,0.17803976,1.4978403,1.7812539,0.37350807,-0.3534012
1747679461.062491,0.4736541,0.17803976,1.4978403,1.7812539,0.37350807,-0.3534012
1747679461.0630236,0.4736541,0.17803976,1.4978403,1.7812539,0.37350807,-0.3534012
1747679461.0635784,0.4736541,0.17803976,1.4978403,1.7812539,0.37350807,-0.3534012
1747679461.064128,0.4736541,0.17803976,1.4978403,1.7812539,0.37350807,-0.3534012
1747679461.0646775,0.4736541,0.17803976,1.4978403,1.7812539,0.37350807,-0.3534012
1747679461.065222,0.4736541,0.17803976,1.4978403,1.7812539,0.37350807,-0.3534012
1747679461.0657485,0.4736541,0.17803976,1.4978403,1.7812539,0.37350807,-0.3534012
1747679461.0662816,0.4736541,0.17803976,1.4978403,1.7812539,0.37350807,-0.3534012
1747679461.066808,0.4736541,0.17803976,1.4978403,1.7812539,0.37350807,-0.3534012
1747679461.06733,0.4736541,0.17803976,1.4978403,1.7812539,0.37350807,-0.3534012
1747679461.067851,0.4736541,0.17803976,1.4978403,1.7812539,0.37350807,-0.3534012
1747679461.0683718,0.4736541,0.17803976,1.4978403,1.7812539,0.37350807,-0.3534012
1747679461.0688965,0.4736541,0.17803976,1.4978403,1.7812539,0.37350807,-0.3534012
1747679461.0694203,0.4736541,0.17803976,1.4978403,1.7812539,0.37350807,-0.3534012
1747679461.0699618,0.4736541,0.17803976,1.4978403,1.7812539,0.37350807,-0.3534012
1747679461.070518,0.49025002,0.16046764,1.4812444,1.7812539,0.37350807,-0.3534012
1747679461.0710542,0.49025002,0.16046764,1.4812444,1.7812539,0.37350807,-0.3534012
1747679461.0715985,0.49025002,0.16046764,1.4812444,1.7812539,0.37350807,-0.3534012
1747679461.0721495,0.49025002,0.16046764,1.4812444,1.7812539,0.37350807,-0.3534012
1747679461.072684,0.49025002,0.16046764,1.4812444,1.8686056,0.466186,-0.39920756
1747679461.0732088,0.49025002,0.16046764,1.4812444,1.8686056,0.466186,-0.39920756
1747679461.0737348,0.49025002,0.16046764,1.4812444,1.8686056,0.466186,-0.39920756
1747679461.0742688,0.49025002,0.16046764,1.4812444,1.8686056,0.466186,-0.39920756
1747679461.0747893,0.49025002,0.16046764,1.4812444,1.8686056,0.466186,-0.39920756
1747679461.075308,0.49025002,0.16046764,1.4812444,1.8686056,0.466186,-0.39920756
1747679461.0758262,0.49025002,0.16046764,1.4812444,1.8686056,0.466186,-0.39920756
1747679461.0763578,0.49025002,0.16046764,1.4812444,1.8686056,0.466186,-0.39920756
1747679461.0768821,0.49025002,0.16046764,1.4812444,1.8686056,0.466186,-0.39920756
1747679461.0774002,0.49025002,0.16046764,1.4812444,1.8686056,0.466186,-0.39920756
1747679461.0779276,0.49025002,0.16046764,1.4812444,1.8686056,0.466186,-0.39920756
1747679461.0784528,0.49025002,0.16046764,1.4812444,1.8686056,0.466186,-0.39920756
1747679461.0790036,0.49025002,0.16046764,1.4812444,1.8686056,0.466186,-0.39920756
1747679461.0795572,0.49025002,0.16046764,1.4812444,1.8686056,0.466186,-0.39920756
1747679461.0801284,0.49025002,0.16046764,1.4812444,1.8686056,0.466186,-0.39920756
1747679461.0806618,0.49025002,0.16046764,1.4812444,1.8686056,0.466186,-0.39920756
1747679461.0811813,0.49025002,0.16046764,1.4812444,1.8686056,0.466186,-0.39920756
1747679461.0817003,0.49025002,0.16046764,1.4812444,1.8686056,0.466186,-0.39920756
1747679461.0822186,0.49025002,0.16046764,1.4812444,1.8686056,0.466186,-0.39920756
1747679461.0827384,0.49025002,0.16046764,1.4812444,1.8686056,0.466186,-0.39920756
1747679461.0832574,0.49464303,0.14533609,1.4758753,1.922934,0.5535376,-0.44075283
1747679461.0837865,0.49464303,0.14533609,1.4758753,1.922934,0.5535376,-0.44075283
1747679461.0843208,0.49464303,0.14533609,1.4758753,1.922934,0.5535376,-0.44075283
1747679461.0848715,0.49464303,0.14533609,1.4758753,1.922934,0.5535376,-0.44075283
1747679461.0854168,0.49464303,0.14533609,1.4758753,1.922934,0.5535376,-0.44075283
1747679461.085943,0.49464303,0.14533609,1.4758753,1.922934,0.5535376,-0.44075283
1747679461.086463,0.49464303,0.14533609,1.4758753,1.922934,0.5535376,-0.44075283
1747679461.0869813,0.49464303,0.14533609,1.4758753,1.922934,0.5535376,-0.44075283
1747679461.0875,0.49464303,0.14533609,1.4758753,1.922934,0.5535376,-0.44075283
1747679461.0880182,0.49464303,0.14533609,1.4758753,1.922934,0.5535376,-0.44075283
1747679461.0885365,0.49464303,0.14533609,1.4758753,1.922934,0.5535376,-0.44075283
1747679461.0890543,0.49464303,0.14533609,1.4758753,1.922934,0.5535376,-0.44075283
1747679461.0895727,0.49464303,0.14533609,1.4758753,1.922934,0.5535376,-0.44075283
1747679461.0900908,0.49464303,0.14533609,1.4758753,1.922934,0.5535376,-0.44075283
1747679461.0906088,0.49464303,0.14533609,1.4758753,1.922934,0.5535376,-0.44075283
1747679461.0911293,0.49464303,0.14533609,1.4758753,1.922934,0.5535376,-0.44075283
1747679461.091648,0.49464303,0.14533609,1.4758753,1.922934,0.5535376,-0.44075283
1747679461.0921674,0.48536882,0.11751356,1.4953997,2.0262647,0.68776083,-0.5121255
1747679461.0926855,0.48536882,0.11751356,1.4953997,2.0262647,0.68776083,-0.5121255
1747679461.0932043,0.48536882,0.11751356,1.4953997,2.0262647,0.68776083,-0.5121255
1747679461.093722,0.48536882,0.11751356,1.4953997,2.0262647,0.68776083,-0.5121255
1747679461.094251,0.48536882,0.11751356,1.4953997,2.0262647,0.68776083,-0.5121255
1747679461.0948093,0.48536882,0.11751356,1.4953997,2.0262647,0.68776083,-0.5121255
1747679461.095354,0.48536882,0.11751356,1.4953997,2.0262647,0.68776083,-0.5121255
1747679461.0959163,0.48536882,0.11751356,1.4953997,2.0262647,0.68776083,-0.5121255
1747679461.0964496,0.48536882,0.11751356,1.4953997,2.0262647,0.68776083,-0.5121255
1747679461.0969691,0.48536882,0.11751356,1.4953997,2.0262647,0.68776083,-0.5121255
1747679461.0974877,0.48536882,0.11751356,1.4953997,2.0262647,0.68776083,-0.5121255
1747679461.0980067,0.48536882,0.11751356,1.4953997,2.0262647,0.68776083,-0.5121255
1747679461.0985258,0.48536882,0.11751356,1.4953997,2.0262647,0.68776083,-0.5121255
1747679461.099044,0.48536882,0.11751356,1.4953997,2.0262647,0.68776083,-0.5121255
1747679461.0995636,0.48536882,0.11751356,1.4953997,2.0262647,0.68776083,-0.5121255
1747679461.1001027,0.48536882,0.11751356,1.4953997,2.0262647,0.68776083,-0.5121255
1747679461.100697,0.48536882,0.11751356,1.4953997,2.0262647,0.68776083,-0.5121255
1747679461.1012456,0.48536882,0.11751356,1.4953997,2.0262647,0.68776083,-0.5121255
1747679461.101786,0.48536882,0.11751356,1.4953997,2.0262647,0.68776083,-0.5121255
1747679461.102319,0.48536882,0.11751356,1.4953997,2.0262647,0.68776083,-0.5121255
1747679461.1028416,0.48536882,0.11751356,1.4953997,2.0262647,0.68776083,-0.5121255
1747679461.1033704,0.48536882,0.11751356,1.4953997,2.0262647,0.68776083,-0.5121255
1747679461.1039007,0.48536882,0.11751356,1.4953997,2.0262647,0.68776083,-0.5121255
1747679461.1044211,0.46584427,0.10579881,1.505162,2.1104205,0.7474156,-0.5451487
1747679461.1049395,0.46584427,0.10579881,1.505162,2.1104205,0.7474156,-0.5451487
1747679461.1054578,0.46584427,0.10579881,1.505162,2.1104205,0.7474156,-0.5451487
1747679461.1059766,0.46584427,0.10579881,1.505162,2.1104205,0.7474156,-0.5451487
1747679461.1064954,0.46584427,0.10579881,1.505162,2.1104205,0.7474156,-0.5451487
1747679461.1070142,0.46584427,0.10579881,1.505162,2.1104205,0.7474156,-0.5451487
1747679461.1075325,0.46584427,0.10579881,1.505162,2.1104205,0.7474156,-0.5451487
1747679461.1080506,0.46584427,0.10579881,1.505162,2.1104205,0.7474156,-0.5451487
1747679461.1085687,0.46584427,0.10579881,1.505162,2.1104205,0.7474156,-0.5451487
1747679461.1090865,0.46584427,0.10579881,1.505162,2.1104205,0.7474156,-0.5451487
1747679461.1096046,0.46584427,0.10579881,1.505162,2.1104205,0.7474156,-0.5451487
1747679461.110123,0.46584427,0.10579881,1.505162,2.1104205,0.7474156,-0.5451487
1747679461.1106539,0.46584427,0.10579881,1.505162,2.1104205,0.7474156,-0.5451487
1747679461.1112292,0.46584427,0.10579881,1.505162,2.1104205,0.7474156,-0.5451487
1747679461.1117837,0.46584427,0.10579881,1.505162,2.1104205,0.7474156,-0.5451487
1747679461.1123095,0.46584427,0.10579881,1.505162,2.1104205,0.7474156,-0.5451487
1747679461.1128287,0.46584427,0.10579881,1.505162,2.1104205,0.7474156,-0.5451487
1747679461.1133468,0.46584427,0.10579881,1.505162,2.1104205,0.7474156,-0.5451487
1747679461.1138783,0.46584427,0.10579881,1.505162,2.2201426,0.78469986,-0.574976
1747679461.114413,0.4531533,0.0984771,1.5002809,2.2201426,0.78469986,-0.574976
1747679461.1149337,0.4531533,0.0984771,1.5002809,2.2201426,0.78469986,-0.574976
1747679461.1154747,0.4531533,0.0984771,1.5002809,2.2201426,0.78469986,-0.574976
1747679461.1160204,0.4531533,0.0984771,1.5002809,2.2201426,0.78469986,-0.574976
1747679461.1165454,0.4531533,0.0984771,1.5002809,2.2201426,0.78469986,-0.574976
1747679461.1170642,0.4531533,0.0984771,1.5002809,2.2201426,0.78469986,-0.574976
1747679461.117582,0.4531533,0.0984771,1.5002809,2.2201426,0.78469986,-0.574976
1747679461.1181002,0.4531533,0.0984771,1.5002809,2.2201426,0.78469986,-0.574976
1747679461.118618,0.4531533,0.0984771,1.5002809,2.2201426,0.78469986,-0.574976
1747679461.119136,0.4531533,0.0984771,1.5002809,2.2201426,0.78469986,-0.574976
1747679461.119654,0.4531533,0.0984771,1.5002809,2.2201426,0.78469986,-0.574976
1747679461.120172,0.4531533,0.0984771,1.5002809,2.2201426,0.78469986,-0.574976
1747679461.1206932,0.4531533,0.0984771,1.5002809,2.2201426,0.78469986,-0.574976
1747679461.1212142,0.4531533,0.0984771,1.5002809,2.2201426,0.78469986,-0.574976
1747679461.1217322,0.4531533,0.0984771,1.5002809,2.2201426,0.78469986,-0.574976
1747679461.1222503,0.4531533,0.0984771,1.5002809,2.2201426,0.78469986,-0.574976
1747679461.1227684,0.4531533,0.0984771,1.5002809,2.2201426,0.78469986,-0.574976
1747679461.1232865,0.4531533,0.0984771,1.5002809,2.2201426,0.78469986,-0.574976
1747679461.1238043,0.4531533,0.0984771,1.5002809,2.2201426,0.78469986,-0.574976
1747679461.1243324,0.4531533,0.0984771,1.5002809,2.2201426,0.78469986,-0.574976
1747679461.1248658,0.4531533,0.0984771,1.5002809,2.2201426,0.78469986,-0.574976
1747679461.1254132,0.4531533,0.0984771,1.5002809,2.2201426,0.78469986,-0.574976
1747679461.1259632,0.43753365,0.0818812,1.4758753,2.3245385,0.82198405,-0.60267293
1747679461.1265285,0.43753365,0.0818812,1.4758753,2.3245385,0.82198405,-0.60267293
1747679461.1270618,0.43753365,0.0818812,1.4758753,2.3245385,0.82198405,-0.60267293
1747679461.1275814,0.43753365,0.0818812,1.4758753,2.3245385,0.82198405,-0.60267293
1747679461.1281,0.43753365,0.0818812,1.4758753,2.3245385,0.82198405,-0.60267293
1747679461.128618,0.43753365,0.0818812,1.4758753,2.3245385,0.82198405,-0.60267293
1747679461.1291363,0.43753365,0.0818812,1.4758753,2.3245385,0.82198405,-0.60267293
1747679461.129655,0.43753365,0.0818812,1.4758753,2.3245385,0.82198405,-0.60267293
1747679461.1301742,0.43753365,0.0818812,1.4758753,2.3245385,0.82198405,-0.60267293
1747679461.1307662,0.43753365,0.0818812,1.4758753,2.3245385,0.82198405,-0.60267293
1747679461.131335,0.41410413,0.07065457,1.4417073,2.3245385,0.82198405,-0.60267293
1747679461.131898,0.41410413,0.07065457,1.4417073,2.4097595,0.8656599,-0.6197171
1747679461.1324618,0.41410413,0.07065457,1.4417073,2.4097595,0.8656599,-0.6197171
1747679461.1329982,0.41410413,0.07065457,1.4417073,2.4097595,0.8656599,-0.6197171
1747679461.133535,0.41410413,0.07065457,1.4417073,2.4097595,0.8656599,-0.6197171
1747679461.134071,0.41410413,0.07065457,1.4417073,2.4097595,0.8656599,-0.6197171
1747679461.1345916,0.41410413,0.07065457,1.4417073,2.4097595,0.8656599,-0.6197171
1747679461.1351101,0.41410413,0.07065457,1.4417073,2.4097595,0.8656599,-0.6197171
1747679461.1356282,0.41410413,0.07065457,1.4417073,2.4097595,0.8656599,-0.6197171
1747679461.1361465,0.41410413,0.07065457,1.4417073,2.4097595,0.8656599,-0.6197171
1747679461.1366649,0.41410413,0.07065457,1.4417073,2.4097595,0.8656599,-0.6197171
1747679461.1371832,0.41410413,0.07065457,1.4417073,2.4097595,0.8656599,-0.6197171
1747679461.1377013,0.41410413,0.07065457,1.4417073,2.4097595,0.8656599,-0.6197171
1747679461.1382196,0.41410413,0.07065457,1.4417073,2.4097595,0.8656599,-0.6197171
1747679461.1387374,0.41410413,0.07065457,1.4417073,2.4097595,0.8656599,-0.6197171
1747679461.1392555,0.41410413,0.07065457,1.4417073,2.4097595,0.8656599,-0.6197171
1747679461.1397748,0.4160566,0.06186851,1.4319448,2.4097595,0.8656599,-0.6197171
1747679461.1402934,0.4160566,0.06186851,1.4319448,2.4715447,0.894422,-0.6325003
1747679461.140812,0.4160566,0.06186851,1.4319448,2.4715447,0.894422,-0.6325003
1747679461.1413617,0.4160566,0.06186851,1.4319448,2.4715447,0.894422,-0.6325003
1747679461.1419141,0.4160566,0.06186851,1.4319448,2.4715447,0.894422,-0.6325003
1747679461.1424847,0.4160566,0.06186851,1.4319448,2.4715447,0.894422,-0.6325003
1747679461.143018,0.4160566,0.06186851,1.4319448,2.4715447,0.894422,-0.6325003
1747679461.1435375,0.4160566,0.06186851,1.4319448,2.4715447,0.894422,-0.6325003
1747679461.144071,0.4160566,0.06186851,1.4319448,2.4715447,0.894422,-0.6325003
1747679461.1446097,0.4160566,0.06186851,1.4319448,2.4715447,0.894422,-0.6325003
1747679461.14513,0.4160566,0.06186851,1.4319448,2.4715447,0.894422,-0.6325003
1747679461.145649,0.4160566,0.06186851,1.4319448,2.4715447,0.894422,-0.6325003
1747679461.1461875,0.4160566,0.06186851,1.4319448,2.4715447,0.894422,-0.6325003
1747679461.1467345,0.4160566,0.06186851,1.4319448,2.4715447,0.894422,-0.6325003
1747679461.1472666,0.4160566,0.06186851,1.4319448,2.4715447,0.894422,-0.6325003
1747679461.1477857,0.4160566,0.06186851,1.4319448,2.4715447,0.894422,-0.6325003
1747679461.148304,0.4160566,0.06186851,1.4319448,2.4715447,0.894422,-0.6325003
1747679461.1488218,0.4160566,0.06186851,1.4319448,2.4715447,0.894422,-0.6325003
1747679461.14934,0.4160566,0.06186851,1.4319448,2.4715447,0.894422,-0.6325003
1747679461.1498635,0.44485536,0.04429639,1.4426835,2.5674186,0.96472937,-0.6697845
1747679461.1503825,0.44485536,0.04429639,1.4426835,2.5674186,0.96472937,-0.6697845
1747679461.1509013,0.44485536,0.04429639,1.4426835,2.5674186,0.96472937,-0.6697845
1747679461.1514196,0.44485536,0.04429639,1.4426835,2.5674186,0.96472937,-0.6697845
1747679461.1519375,0.44485536,0.04429639,1.4426835,2.5674186,0.96472937,-0.6697845
1747679461.1524553,0.44485536,0.04429639,1.4426835,2.5674186,0.96472937,-0.6697845
1747679461.152974,0.44485536,0.04429639,1.4426835,2.5674186,0.96472937,-0.6697845
1747679461.1534917,0.44485536,0.04429639,1.4426835,2.5674186,0.96472937,-0.6697845
1747679461.1540105,0.44485536,0.04429639,1.4426835,2.5674186,0.96472937,-0.6697845
1747679461.1545384,0.44485536,0.04429639,1.4426835,2.5674186,0.96472937,-0.6697845
1747679461.1550727,0.44485536,0.04429639,1.4426835,2.5674186,0.96472937,-0.6697845
1747679461.1555922,0.44485536,0.04429639,1.4426835,2.5674186,0.96472937,-0.6697845
1747679461.1561105,0.44485536,0.04429639,1.4426835,2.5674186,0.96472937,-0.6697845
1747679461.1566281,0.44485536,0.04429639,1.4426835,2.5674186,0.96472937,-0.6697845
1747679461.1571572,0.44485536,0.04429639,1.4426835,2.5674186,0.96472937,-0.6697845
1747679461.1577108,0.44485536,0.04429639,1.4426835,2.5674186,0.96472937,-0.6697845
1747679461.1582642,0.44485536,0.04429639,1.4426835,2.5674186,0.96472937,-0.6697845
1747679461.1587996,0.44485536,0.04429639,1.4426835,2.5674186,0.96472937,-0.6697845
1747679461.1593223,0.44485536,0.04429639,1.4426835,2.5674186,0.96472937,-0.6697845
1747679461.1598446,0.44485536,0.04429639,1.4426835,2.6409218,1.036102,-0.7123951
1747679461.160366,0.45168898,0.03892713,1.4295043,2.6409218,1.036102,-0.7123951
1747679461.1608875,0.45168898,0.03892713,1.4295043,2.6409218,1.036102,-0.7123951
1747679461.1614845,0.45168898,0.03892713,1.4295043,2.6409218,1.036102,-0.7123951
1747679461.1620502,0.45168898,0.03892713,1.4295043,2.6409218,1.036102,-0.7123951
1747679461.1626005,0.45168898,0.03892713,1.4295043,2.6409218,1.036102,-0.7123951
1747679461.1631463,0.45168898,0.03892713,1.4295043,2.6409218,1.036102,-0.7123951
1747679461.163692,0.45168898,0.03892713,1.4295043,2.6409218,1.036102,-0.7123951
1747679461.1642327,0.45168898,0.03892713,1.4295043,2.6409218,1.036102,-0.7123951
1747679461.1647563,0.45168898,0.03892713,1.4295043,2.6409218,1.036102,-0.7123951
1747679461.1652775,0.45168898,0.03892713,1.4295043,2.6409218,1.036102,-0.7123951
1747679461.1657987,0.45168898,0.03892713,1.4295043,2.6409218,1.036102,-0.7123951
1747679461.1663196,0.45168898,0.03892713,1.4295043,2.6409218,1.036102,-0.7123951
1747679461.1668406,0.45168898,0.03892713,1.4295043,2.6409218,1.036102,-0.7123951
1747679461.167361,0.45168898,0.03892713,1.4295043,2.6409218,1.036102,-0.7123951
1747679461.167882,0.45168898,0.03892713,1.4295043,2.6409218,1.036102,-0.7123951
1747679461.168403,0.45168898,0.03892713,1.4295043,2.6409218,1.036102,-0.7123951
1747679461.1689239,0.45168898,0.03892713,1.4295043,2.6409218,1.036102,-0.7123951
1747679461.1694446,0.45168898,0.03892713,1.4295043,2.6409218,1.036102,-0.7123951
1747679461.1699653,0.45168898,0.03892713,1.4295043,2.6409218,1.036102,-0.7123951
1747679461.1704862,0.45168898,0.03892713,1.4295043,2.6409218,1.036102,-0.7123951
1747679461.171007,0.45168898,0.03892713,1.4295043,2.6409218,1.036102,-0.7123951
1747679461.1715288,0.41752094,0.035998445,1.402658,2.7282734,1.1436937,-0.78057194
1747679461.17205,0.41752094,0.035998445,1.402658,2.7282734,1.1436937,-0.78057194
1747679461.1725714,0.41752094,0.035998445,1.402658,2.7282734,1.1436937,-0.78057194
1747679461.1731052,0.41752094,0.035998445,1.402658,2.7282734,1.1436937,-0.78057194
1747679461.1736472,0.41752094,0.035998445,1.402658,2.7282734,1.1436937,-0.78057194
1747679461.1742013,0.41752094,0.035998445,1.402658,2.7282734,1.1436937,-0.78057194
1747679461.1747522,0.41752094,0.035998445,1.402658,2.7282734,1.1436937,-0.78057194
1747679461.1752768,0.41752094,0.035998445,1.402658,2.7282734,1.1436937,-0.78057194
1747679461.175796,0.41752094,0.035998445,1.402658,2.7282734,1.1436937,-0.78057194
1747679461.176314,0.41752094,0.035998445,1.402658,2.7282734,1.1436937,-0.78057194
1747679461.1768608,0.41752094,0.035998445,1.402658,2.7282734,1.1436937,-0.78057194
1747679461.1774063,0.41752094,0.035998445,1.402658,2.7282734,1.1436937,-0.78057194
1747679461.1779313,0.41752094,0.035998445,1.402658,2.7282734,1.1436937,-0.78057194
1747679461.17845,0.41752094,0.035998445,1.402658,2.7282734,1.1436937,-0.78057194
1747679461.1789687,0.41752094,0.035998445,1.402658,2.7282734,1.1436937,-0.78057194
1747679461.179487,0.41752094,0.035998445,1.402658,2.7282734,1.1436937,-0.78057194
1747679461.1800053,0.41752094,0.035998445,1.402658,2.7282734,1.1436937,-0.78057194
1747679461.180524,0.35992342,0.0345341,1.3689781,2.8007112,1.2672642,-0.7976161
1747679461.1810427,0.35992342,0.0345341,1.3689781,2.8007112,1.2672642,-0.7976161
1747679461.181563,0.35992342,0.0345341,1.3689781,2.8007112,1.2672642,-0.7976161
1747679461.182084,0.35992342,0.0345341,1.3689781,2.8007112,1.2672642,-0.7976161
1747679461.1826022,0.35992342,0.0345341,1.3689781,2.8007112,1.2672642,-0.7976161
1747679461.1831205,0.35992342,0.0345341,1.3689781,2.8007112,1.2672642,-0.7976161
1747679461.183649,0.35992342,0.0345341,1.3689781,2.8007112,1.2672642,-0.7976161
1747679461.1841834,0.35992342,0.0345341,1.3689781,2.8007112,1.2672642,-0.7976161
1747679461.1847036,0.35992342,0.0345341,1.3689781,2.8007112,1.2672642,-0.7976161
1747679461.1852217,0.35992342,0.0345341,1.3689781,2.8007112,1.2672642,-0.7976161
1747679461.1857395,0.35992342,0.0345341,1.3689781,2.8007112,1.2672642,-0.7976161
1747679461.1862576,0.35992342,0.0345341,1.3689781,2.8007112,1.2672642,-0.7976161
1747679461.186776,0.35992342,0.0345341,1.3689781,2.8007112,1.2672642,-0.7976161
1747679461.1872938,0.35992342,0.0345341,1.3689781,2.8007112,1.2672642,-0.7976161
1747679461.18784,0.35992342,0.0345341,1.3689781,2.8007112,1.2672642,-0.7976161
1747679461.188389,0.35992342,0.0345341,1.3689781,2.8007112,1.2672642,-0.7976161
1747679461.1889627,0.35992342,0.0345341,1.3689781,2.8007112,1.2672642,-0.7976161
1747679461.1894958,0.35992342,0.0345341,1.3689781,2.8007112,1.2672642,-0.7976161
1747679461.1900158,0.35992342,0.0345341,1.3689781,2.8007112,1.2672642,-0.7976161
1747679461.1905344,0.35992342,0.0345341,1.3689781,2.8007112,1.2672642,-0.7976161
1747679461.191053,0.35992342,0.0345341,1.3689781,2.8007112,1.2672642,-0.7976161
1747679461.1915715,0.35992342,0.0345341,1.3689781,2.8007112,1.2672642,-0.7976161
1747679461.19214,0.35992342,0.0345341,1.3689781,2.8007112,1.2672642,-0.7976161
1747679461.192732,0.34039885,0.03209353,1.3465248,2.8411913,1.3365064,-0.7912246
1747679461.1932654,0.34039885,0.03209353,1.3465248,2.8411913,1.3365064,-0.7912246
1747679461.193801,0.34039885,0.03209353,1.3465248,2.8411913,1.3365064,-0.7912246
1747679461.19434,0.34039885,0.03209353,1.3465248,2.8411913,1.3365064,-0.7912246
1747679461.1948607,0.34039885,0.03209353,1.3465248,2.8411913,1.3365064,-0.7912246
1747679461.1953795,0.34039885,0.03209353,1.3465248,2.8411913,1.3365064,-0.7912246
1747679461.1958978,0.34039885,0.03209353,1.3465248,2.8411913,1.3365064,-0.7912246
1747679461.196416,0.34039885,0.03209353,1.3465248,2.8411913,1.3365064,-0.7912246
1747679461.1969345,0.34039885,0.03209353,1.3465248,2.8411913,1.3365064,-0.7912246
1747679461.197452,0.34039885,0.03209353,1.3465248,2.8411913,1.3365064,-0.7912246
1747679461.1979702,0.34039885,0.03209353,1.3465248,2.8411913,1.3365064,-0.7912246
1747679461.1984882,0.34039885,0.03209353,1.3465248,2.8411913,1.3365064,-0.7912246
1747679461.1990063,0.34039885,0.03209353,1.3465248,2.8411913,1.3365064,-0.7912246
1747679461.1995246,0.34039885,0.03209353,1.3465248,2.8411913,1.3365064,-0.7912246
1747679461.2000425,0.34039885,0.03209353,1.3465248,2.8411913,1.3365064,-0.7912246
1747679461.2005603,0.34039885,0.03209353,1.3465248,2.8411913,1.3365064,-0.7912246
1747679461.2010794,0.28426567,0.034045987,1.2942966,2.8411913,1.3365064,-0.7912246
1747679461.2015982,0.28426567,0.034045987,1.2942966,2.912564,1.4345107,-0.7613972
1747679461.202117,0.28426567,0.034045987,1.2942966,2.912564,1.4345107,-0.7613972
1747679461.202635,0.28426567,0.034045987,1.2942966,2.912564,1.4345107,-0.7613972
1747679461.2031531,0.28426567,0.034045987,1.2942966,2.912564,1.4345107,-0.7613972
1747679461.2036834,0.28426567,0.034045987,1.2942966,2.912564,1.4345107,-0.7613972
1747679461.2042496,0.28426567,0.034045987,1.2942966,2.912564,1.4345107,-0.7613972
1747679461.2048144,0.28426567,0.034045987,1.2942966,2.912564,1.4345107,-0.7613972
1747679461.2053547,0.28426567,0.034045987,1.2942966,2.912564,1.4345107,-0.7613972
1747679461.2058876,0.28426567,0.034045987,1.2942966,2.912564,1.4345107,-0.7613972
1747679461.2064078,0.28426567,0.034045987,1.2942966,2.912564,1.4345107,-0.7613972
1747679461.206926,0.28426567,0.034045987,1.2942966,2.912564,1.4345107,-0.7613972
1747679461.2074773,0.28426567,0.034045987,1.2942966,2.912564,1.4345107,-0.7613972
1747679461.2080233,0.28426567,0.034045987,1.2942966,2.912564,1.4345107,-0.7613972
1747679461.2085483,0.28426567,0.034045987,1.2942966,2.912564,1.4345107,-0.7613972
1747679461.2090676,0.28426567,0.034045987,1.2942966,2.912564,1.4345107,-0.7613972
1747679461.209586,0.28426567,0.034045987,1.2942966,2.912564,1.4345107,-0.7613972
1747679461.2101057,0.28426567,0.034045987,1.2942966,2.912564,1.4345107,-0.7613972
1747679461.2106252,0.28426567,0.034045987,1.2942966,2.912564,1.4345107,-0.7613972
1747679461.2111437,0.28426567,0.034045987,1.2942966,2.912564,1.4345107,-0.7613972
1747679461.2116616,0.28426567,0.034045987,1.2942966,2.912564,1.4345107,-0.7613972
1747679461.2121794,0.28426567,0.034045987,1.2942966,2.912564,1.4345107,-0.7613972
1747679461.212704,0.28426567,0.034045987,1.2942966,2.912564,1.4345107,-0.7613972
1747679461.213233,0.28426567,0.034045987,1.2942966,2.912564,1.4345107,-0.7613972
1747679461.2137728,0.27401528,0.05064188,1.2767245,2.912564,1.4345107,-0.7613972
1747679461.2143118,0.27401528,0.05064188,1.2767245,3.0446568,1.4579464,-0.7134603
1747679461.2148342,0.27401528,0.05064188,1.2767245,3.0446568,1.4579464,-0.7134603
1747679461.215353,0.27401528,0.05064188,1.2767245,3.0446568,1.4579464,-0.7134603
1747679461.2158716,0.27401528,0.05064188,1.2767245,3.0446568,1.4579464,-0.7134603
1747679461.2163897,0.27401528,0.05064188,1.2767245,3.0446568,1.4579464,-0.7134603
1747679461.2169077,0.27401528,0.05064188,1.2767245,3.0446568,1.4579464,-0.7134603
1747679461.2174256,0.27401528,0.05064188,1.2767245,3.0446568,1.4579464,-0.7134603
1747679461.2179441,0.27401528,0.05064188,1.2767245,3.0446568,1.4579464,-0.7134603
1747679461.2184622,0.27401528,0.05064188,1.2767245,3.0446568,1.4579464,-0.7134603
1747679461.2190096,0.27401528,0.05064188,1.2767245,3.0446568,1.4579464,-0.7134603
1747679461.2195601,0.27401528,0.05064188,1.2767245,3.0446568,1.4579464,-0.7134603
1747679461.2201366,0.27401528,0.05064188,1.2767245,3.0446568,1.4579464,-0.7134603
1747679461.2206707,0.27401528,0.05064188,1.2767245,3.0446568,1.4579464,-0.7134603
1747679461.2211916,0.27401528,0.05064188,1.2767245,3.0446568,1.4579464,-0.7134603
1747679461.22171,0.27401528,0.05064188,1.2767245,3.0446568,1.4579464,-0.7134603
1747679461.2222283,0.27401528,0.05064188,1.2767245,3.0446568,1.4579464,-0.7134603
1747679461.2227755,0.27401528,0.05064188,1.2767245,3.0446568,1.4579464,-0.7134603
1747679461.2233303,0.27401528,0.05064188,1.2767245,3.0446568,1.4579464,-0.7134603
1747679461.223883,0.27401528,0.05064188,1.2767245,3.0446568,1.4579464,-0.7134603
1747679461.2244327,0.26571733,0.06235663,1.2274249,3.1842062,1.4142706,-0.6964161
1747679461.2249718,0.26571733,0.06235663,1.2274249,3.1842062,1.4142706,-0.6964161
1747679461.2255044,0.26571733,0.06235663,1.2274249,3.1842062,1.4142706,-0.6964161
1747679461.2260242,0.26571733,0.06235663,1.2274249,3.1842062,1.4142706,-0.6964161
1747679461.226543,0.26571733,0.06235663,1.2274249,3.1842062,1.4142706,-0.6964161
1747679461.2270613,0.26571733,0.06235663,1.2274249,3.1842062,1.4142706,-0.6964161
1747679461.2275798,0.26571733,0.06235663,1.2274249,3.1842062,1.4142706,-0.6964161
1747679461.2280986,0.26571733,0.06235663,1.2274249,3.1842062,1.4142706,-0.6964161
1747679461.2286198,0.26571733,0.06235663,1.2274249,3.1842062,1.4142706,-0.6964161
1747679461.22914,0.26571733,0.06235663,1.2274249,3.1842062,1.4142706,-0.6964161
1747679461.2296581,0.26571733,0.06235663,1.2274249,3.1842062,1.4142706,-0.6964161
1747679461.2301764,0.26571733,0.06235663,1.2274249,3.1842062,1.4142706,-0.6964161
1747679461.2306943,0.26571733,0.06235663,1.2274249,3.1842062,1.4142706,-0.6964161
1747679461.2312124,0.26571733,0.06235663,1.2274249,3.1842062,1.4142706,-0.6964161
1747679461.2317307,0.26571733,0.06235663,1.2274249,3.1842062,1.4142706,-0.6964161
1747679461.2322483,0.26571733,0.06235663,1.2274249,3.1842062,1.4142706,-0.6964161
1747679461.2327664,0.26571733,0.06235663,1.2274249,3.1842062,1.4142706,-0.6964161
1747679461.233284,0.26571733,0.06235663,1.2274249,3.1842062,1.4142706,-0.6964161
1747679461.2338026,0.26571733,0.06235663,1.2274249,3.1842062,1.4142706,-0.6964161
1747679461.2343283,0.26571733,0.06235663,1.2274249,3.1842062,1.4142706,-0.6964161
1747679461.2348845,0.26571733,0.06235663,1.2274249,3.1842062,1.4142706,-0.6964161
1747679461.235439,0.26571733,0.06235663,1.2274249,3.1842062,1.4142706,-0.6964161
1747679461.2360113,0.26571733,0.06235663,1.2274249,3.1842062,1.4142706,-0.6964161
1747679461.2365427,0.2544907,0.061380398,1.1459098,3.3269515,1.3205274,-0.6910898
1747679461.2371082,0.2544907,0.061380398,1.1459098,3.3269515,1.3205274,-0.6910898
1747679461.2376282,0.2544907,0.061380398,1.1459098,3.3269515,1.3205274,-0.6910898
1747679461.2381673,0.2544907,0.061380398,1.1459098,3.3269515,1.3205274,-0.6910898
1747679461.2387125,0.2544907,0.061380398,1.1459098,3.3269515,1.3205274,-0.6910898
1747679461.2392383,0.2544907,0.061380398,1.1459098,3.3269515,1.3205274,-0.6910898
1747679461.2397578,0.2544907,0.061380398,1.1459098,3.3940632,1.2267842,-0.69215506
1747679461.2402766,0.2544907,0.061380398,1.1459098,3.3940632,1.2267842,-0.69215506
1747679461.2407951,0.24668086,0.0647972,1.0761094,3.3940632,1.2267842,-0.69215506
1747679461.2413137,0.24668086,0.0647972,1.0761094,3.3940632,1.2267842,-0.69215506
1747679461.2418344,0.24668086,0.0647972,1.0761094,3.3940632,1.2267842,-0.69215506
1747679461.242355,0.24668086,0.0647972,1.0761094,3.3940632,1.2267842,-0.69215506
1747679461.2428741,0.24668086,0.0647972,1.0761094,3.3940632,1.2267842,-0.69215506
1747679461.2434022,0.24668086,0.0647972,1.0761094,3.3940632,1.2267842,-0.69215506
1747679461.243936,0.24668086,0.0647972,1.0761094,3.3940632,1.2267842,-0.69215506
1747679461.244456,0.24668086,0.0647972,1.0761094,3.3940632,1.2267842,-0.69215506
1747679461.2449741,0.24668086,0.0647972,1.0761094,3.3940632,1.2267842,-0.69215506
1747679461.245492,0.24668086,0.0647972,1.0761094,3.3940632,1.2267842,-0.69215506
1747679461.2460098,0.24668086,0.0647972,1.0761094,3.3940632,1.2267842,-0.69215506
1747679461.2465281,0.24668086,0.0647972,1.0761094,3.3940632,1.2267842,-0.69215506
1747679461.2470462,0.24668086,0.0647972,1.0761094,3.3940632,1.2267842,-0.69215506
1747679461.2475643,0.24668086,0.0647972,1.0761094,3.3940632,1.2267842,-0.69215506
1747679461.2480824,0.24668086,0.0647972,1.0761094,3.3940632,1.2267842,-0.69215506
1747679461.2486005,0.24668086,0.0647972,1.0761094,3.3940632,1.2267842,-0.69215506
1747679461.249118,0.24668086,0.0647972,1.0761094,3.3940632,1.2267842,-0.69215506
1747679461.2496362,0.24668086,0.0647972,1.0761094,3.3940632,1.2267842,-0.69215506
1747679461.250154,0.24668086,0.0647972,1.0761094,3.3940632,1.2267842,-0.69215506
1747679461.2506852,0.24668086,0.0647972,1.0761094,3.3940632,1.2267842,-0.69215506
1747679461.2512403,0.24668086,0.0647972,1.0761094,3.4398694,1.1628684,-0.6953508
1747679461.25179,0.24668086,0.0647972,1.0761094,3.4398694,1.1628684,-0.6953508
1747679461.2523234,0.24277595,0.089202926,0.9941062,3.4398694,1.1628684,-0.6953508
1747679461.252882,0.24277595,0.089202926,0.9941062,3.4398694,1.1628684,-0.6953508
1747679461.2534401,0.24277595,0.089202926,0.9941062,3.4398694,1.1628684,-0.6953508
1747679461.253999,0.24277595,0.089202926,0.9941062,3.4398694,1.1628684,-0.6953508
1747679461.2545505,0.24277595,0.089202926,0.9941062,3.4398694,1.1628684,-0.6953508
1747679461.2550938,0.24277595,0.089202926,0.9941062,3.4398694,1.1628684,-0.6953508
1747679461.255627,0.24277595,0.089202926,0.9941062,3.4398694,1.1628684,-0.6953508
1747679461.256147,0.24277595,0.089202926,0.9941062,3.4398694,1.1628684,-0.6953508
1747679461.2566657,0.24277595,0.089202926,0.9941062,3.4398694,1.1628684,-0.6953508
1747679461.257184,0.24277595,0.089202926,0.9941062,3.4398694,1.1628684,-0.6953508
1747679461.2577019,0.24277595,0.089202926,0.9941062,3.4398694,1.1628684,-0.6953508
1747679461.2582228,0.24277595,0.089202926,0.9941062,3.4398694,1.1628684,-0.6953508
1747679461.2587438,0.24277595,0.089202926,0.9941062,3.4398694,1.1628684,-0.6953508
1747679461.2592645,0.24277595,0.089202926,0.9941062,3.4398694,1.1628684,-0.6953508
1747679461.259785,0.24277595,0.089202926,0.9941062,3.4398694,1.1628684,-0.6953508
1747679461.2603064,0.24277595,0.089202926,0.9941062,3.4132378,1.1873695,-0.7060035
1747679461.2608283,0.24277595,0.089202926,0.9941062,3.4132378,1.1873695,-0.7060035
1747679461.2613492,0.24277595,0.089202926,0.9941062,3.4132378,1.1873695,-0.7060035
1747679461.261874,0.24277595,0.089202926,0.9941062,3.4132378,1.1873695,-0.7060035
1747679461.262398,0.27352715,0.10531069,0.9062455,3.4132378,1.1873695,-0.7060035
1747679461.2629192,0.27352715,0.10531069,0.9062455,3.4132378,1.1873695,-0.7060035
1747679461.26344,0.27352715,0.10531069,0.9062455,3.4132378,1.1873695,-0.7060035
1747679461.2639606,0.27352715,0.10531069,0.9062455,3.4132378,1.1873695,-0.7060035
1747679461.2644873,0.27352715,0.10531069,0.9062455,3.4132378,1.1873695,-0.7060035
1747679461.2650185,0.27352715,0.10531069,0.9062455,3.4132378,1.1873695,-0.7060035
1747679461.2655406,0.27352715,0.10531069,0.9062455,3.4132378,1.1873695,-0.7060035
1747679461.2660618,0.27352715,0.10531069,0.9062455,3.4132378,1.1873695,-0.7060035
1747679461.2665982,0.27352715,0.10531069,0.9062455,3.4132378,1.1873695,-0.7060035
1747679461.2671623,0.27352715,0.10531069,0.9062455,3.4132378,1.1873695,-0.7060035
1747679461.26771,0.27352715,0.10531069,0.9062455,3.4132378,1.1873695,-0.7060035
1747679461.2682724,0.27352715,0.10531069,0.9062455,3.4132378,1.1873695,-0.7060035
1747679461.268824,0.27352715,0.10531069,0.9062455,3.4132378,1.1873695,-0.7060035
1747679461.26935,0.27352715,0.10531069,0.9062455,3.4132378,1.1873695,-0.7060035
1747679461.2698772,0.27352715,0.10531069,0.9062455,3.4132378,1.1873695,-0.7060035
1747679461.2703993,0.26718166,0.11848979,0.8735419,3.4132378,1.1873695,-0.7060035
1747679461.2709208,0.26718166,0.11848979,0.8735419,3.4132378,1.1873695,-0.7060035
1747679461.271442,0.26718166,0.11848979,0.8735419,3.4132378,1.1873695,-0.7060035
1747679461.271963,0.26718166,0.11848979,0.8735419,3.4132378,1.1873695,-0.7060035
1747679461.2724874,0.26718166,0.11848979,0.8735419,3.4132378,1.1873695,-0.7060035
1747679461.2730138,0.26718166,0.11848979,0.8735419,3.3408,1.2608727,-0.74541825
1747679461.273536,0.26718166,0.11848979,0.8735419,3.3408,1.2608727,-0.74541825
1747679461.2740738,0.26718166,0.11848979,0.8735419,3.3408,1.2608727,-0.74541825
1747679461.2745953,0.26718166,0.11848979,0.8735419,3.3408,1.2608727,-0.74541825
1747679461.275115,0.26718166,0.11848979,0.8735419,3.3408,1.2608727,-0.74541825
1747679461.275633,0.26718166,0.11848979,0.8735419,3.3408,1.2608727,-0.74541825
1747679461.2761512,0.26718166,0.11848979,0.8735419,3.3408,1.2608727,-0.74541825
1747679461.2766693,0.26718166,0.11848979,0.8735419,3.3408,1.2608727,-0.74541825
1747679461.2771876,0.26718166,0.11848979,0.8735419,3.3408,1.2608727,-0.74541825
1747679461.2777057,0.26718166,0.11848979,0.8735419,3.3408,1.2608727,-0.74541825
1747679461.2782238,0.26718166,0.11848979,0.8735419,3.3408,1.2608727,-0.74541825
1747679461.2787445,0.26718166,0.11848979,0.8735419,3.3408,1.2608727,-0.74541825
1747679461.2792675,0.26718166,0.11848979,0.8735419,3.3408,1.2608727,-0.74541825
1747679461.2797883,0.26718166,0.11848979,0.8735419,3.308842,1.3620727,-0.7699193
1747679461.2803073,0.25009766,0.132157,0.88428044,3.308842,1.3620727,-0.7699193
1747679461.2808259,0.25009766,0.132157,0.88428044,3.308842,1.3620727,-0.7699193
1747679461.281344,0.25009766,0.132157,0.88428044,3.308842,1.3620727,-0.7699193
1747679461.2818618,0.25009766,0.132157,0.88428044,3.308842,1.3620727,-0.7699193
1747679461.2823918,0.25009766,0.132157,0.88428044,3.308842,1.3620727,-0.7699193
1747679461.2829604,0.25009766,0.132157,0.88428044,3.308842,1.3620727,-0.7699193
1747679461.2835958,0.25009766,0.132157,0.88428044,3.308842,1.3620727,-0.7699193
1747679461.2841594,0.25009766,0.132157,0.88428044,3.308842,1.3620727,-0.7699193
1747679461.284712,0.25009766,0.132157,0.88428044,3.308842,1.3620727,-0.7699193
1747679461.285259,0.25009766,0.132157,0.88428044,3.308842,1.3620727,-0.7699193
1747679461.2857914,0.25009766,0.132157,0.88428044,3.308842,1.3620727,-0.7699193
1747679461.286312,0.25009766,0.132157,0.88428044,3.308842,1.3620727,-0.7699193
1747679461.2868311,0.25009766,0.132157,0.88428044,3.308842,1.3620727,-0.7699193
1747679461.2873495,0.25009766,0.132157,0.88428044,3.308842,1.3620727,-0.7699193
1747679461.287868,0.25009766,0.132157,0.88428044,3.308842,1.3620727,-0.7699193
1747679461.2883856,0.25009766,0.132157,0.88428044,3.308842,1.3620727,-0.7699193
1747679461.288904,0.25009766,0.132157,0.88428044,3.308842,1.3620727,-0.7699193
1747679461.289423,0.25009766,0.132157,0.88428044,3.308842,1.3620727,-0.7699193
1747679461.2899444,0.25009766,0.132157,0.88428044,3.3258862,1.444098,-0.78589827
1747679461.290463,0.23691857,0.14289552,0.8735419,3.3258862,1.444098,-0.78589827
1747679461.2909822,0.23691857,0.14289552,0.8735419,3.3258862,1.444098,-0.78589827
1747679461.2915006,0.23691857,0.14289552,0.8735419,3.3258862,1.444098,-0.78589827
1747679461.292019,0.23691857,0.14289552,0.8735419,3.3258862,1.444098,-0.78589827
1747679461.292537,0.23691857,0.14289552,0.8735419,3.3258862,1.444098,-0.78589827
1747679461.2930555,0.23691857,0.14289552,0.8735419,3.3258862,1.444098,-0.78589827
1747679461.2935836,0.23691857,0.14289552,0.8735419,3.3258862,1.444098,-0.78589827
1747679461.2941194,0.23691857,0.14289552,0.8735419,3.3258862,1.444098,-0.78589827
1747679461.2946389,0.23691857,0.14289552,0.8735419,3.3258862,1.444098,-0.78589827
1747679461.2951572,0.23691857,0.14289552,0.8735419,3.3258862,1.444098,-0.78589827
1747679461.295675,0.23691857,0.14289552,0.8735419,3.3258862,1.444098,-0.78589827
1747679461.2961934,0.23691857,0.14289552,0.8735419,3.3258862,1.444098,-0.78589827
1747679461.296711,0.23691857,0.14289552,0.8735419,3.3258862,1.444098,-0.78589827
1747679461.2972288,0.23691857,0.14289552,0.8735419,3.3258862,1.444098,-0.78589827
1747679461.2977471,0.23691857,0.14289552,0.8735419,3.3258862,1.444098,-0.78589827
1747679461.2982836,0.23691857,0.14289552,0.8735419,3.3258862,1.444098,-0.78589827
1747679461.2989113,0.23691857,0.14289552,0.8735419,3.3258862,1.444098,-0.78589827
1747679461.2994606,0.23691857,0.14289552,0.8735419,3.3258862,1.444098,-0.78589827
1747679461.2999935,0.23691857,0.14289552,0.8735419,3.3258862,1.444098,-0.78589827
1747679461.3005135,0.23691857,0.14289552,0.8735419,3.3258862,1.444098,-0.78589827
1747679461.3010318,0.23691857,0.14289552,0.8735419,3.3258862,1.444098,-0.78589827
1747679461.3015501,0.23691857,0.14289552,0.8735419,3.3258862,1.444098,-0.78589827
1747679461.3020685,0.23691857,0.14289552,0.8735419,3.3258862,1.444098,-0.78589827
1747679461.3025866,0.23691857,0.14289552,0.8735419,3.3258862,1.444098,-0.78589827
1747679461.3031058,0.23691857,0.14289552,0.8735419,3.3258862,1.444098,-0.78589827
1747679461.3036835,0.23691857,0.14289552,0.8735419,3.3503873,1.4707296,-0.79655087
1747679461.3042264,0.20860794,0.15168157,0.8559698,3.3503873,1.4707296,-0.79655087
1747679461.3047485,0.20860794,0.15168157,0.8559698,3.3503873,1.4707296,-0.79655087
1747679461.305267,0.20860794,0.15168157,0.8559698,3.3503873,1.4707296,-0.79655087
1747679461.3057854,0.20860794,0.15168157,0.8559698,3.3503873,1.4707296,-0.79655087
1747679461.3063035,0.20860794,0.15168157,0.8559698,3.3503873,1.4707296,-0.79655087
1747679461.3068213,0.20860794,0.15168157,0.8559698,3.3503873,1.4707296,-0.79655087
1747679461.3073394,0.20860794,0.15168157,0.8559698,3.3503873,1.4707296,-0.79655087
1747679461.3078578,0.20860794,0.15168157,0.8559698,3.3503873,1.4707296,-0.79655087
1747679461.3083758,0.20860794,0.15168157,0.8559698,3.3503873,1.4707296,-0.79655087
1747679461.3088932,0.20860794,0.15168157,0.8559698,3.3503873,1.4707296,-0.79655087
1747679461.3094113,0.20860794,0.15168157,0.8559698,3.3503873,1.4707296,-0.79655087
1747679461.3099294,0.20860794,0.15168157,0.8559698,3.3503873,1.4707296,-0.79655087
1747679461.310451,0.20860794,0.15168157,0.8559698,3.3503873,1.4707296,-0.79655087
1747679461.3109694,0.20860794,0.15168157,0.8559698,3.3503873,1.4707296,-0.79655087
1747679461.311488,0.16614197,0.15412214,0.8432788,3.4068463,1.5261233,-0.7869635
1747679461.312007,0.16614197,0.15412214,0.8432788,3.4068463,1.5261233,-0.7869635
1747679461.3125253,0.16614197,0.15412214,0.8432788,3.4068463,1.5261233,-0.7869635
1747679461.3130555,0.16614197,0.15412214,0.8432788,3.4068463,1.5261233,-0.7869635
1747679461.3136227,0.16614197,0.15412214,0.8432788,3.4068463,1.5261233,-0.7869635
1747679461.314232,0.16614197,0.15412214,0.8432788,3.4068463,1.5261233,-0.7869635
1747679461.314789,0.16614197,0.15412214,0.8432788,3.4068463,1.5261233,-0.7869635
1747679461.3153389,0.16614197,0.15412214,0.8432788,3.4068463,1.5261233,-0.7869635
1747679461.315879,0.16614197,0.15412214,0.8432788,3.4068463,1.5261233,-0.7869635
1747679461.3164124,0.16614197,0.15412214,0.8432788,3.4068463,1.5261233,-0.7869635
1747679461.3169327,0.16614197,0.15412214,0.8432788,3.4068463,1.5261233,-0.7869635
1747679461.3174512,0.16614197,0.15412214,0.8432788,3.4068463,1.5261233,-0.7869635
1747679461.31797,0.16614197,0.15412214,0.8432788,3.4068463,1.5261233,-0.7869635
1747679461.3184884,0.16614197,0.15412214,0.8432788,3.4068463,1.5261233,-0.7869635
1747679461.3190067,0.16614197,0.15412214,0.8432788,3.4068463,1.5261233,-0.7869635
1747679461.3195248,0.16614197,0.15412214,0.8432788,3.4068463,1.5261233,-0.7869635
1747679461.3200426,0.16614197,0.15412214,0.8432788,3.4068463,1.5261233,-0.7869635
1747679461.3205602,0.16614197,0.15412214,0.8432788,3.4068463,1.5261233,-0.7869635
1747679461.3210785,0.16614197,0.15412214,0.8432788,3.4068463,1.5261233,-0.7869635
1747679461.3215964,0.16614197,0.15412214,0.8432788,3.4068463,1.5261233,-0.7869635
1747679461.3221145,0.16614197,0.15412214,0.8432788,3.4068463,1.5261233,-0.7869635
1747679461.3226328,0.16614197,0.15412214,0.8432788,3.4068463,1.5261233,-0.7869635
1747679461.3231516,0.16614197,0.15412214,0.8432788,3.4068463,1.5261233,-0.7869635
1747679461.3236802,0.053387526,0.14728855,0.81203943,3.5442653,1.5112096,-0.724113
1747679461.3242161,0.053387526,0.14728855,0.81203943,3.5442653,1.5112096,-0.724113
1747679461.324736,0.053387526,0.14728855,0.81203943,3.5442653,1.5112096,-0.724113
1747679461.325254,0.053387526,0.14728855,0.81203943,3.5442653,1.5112096,-0.724113
1747679461.3257718,0.053387526,0.14728855,0.81203943,3.5442653,1.5112096,-0.724113
1747679461.32629,0.053387526,0.14728855,0.81203943,3.5442653,1.5112096,-0.724113
1747679461.3268082,0.053387526,0.14728855,0.81203943,3.5442653,1.5112096,-0.724113
1747679461.3273268,0.053387526,0.14728855,0.81203943,3.5442653,1.5112096,-0.724113
1747679461.3278449,0.053387526,0.14728855,0.81203943,3.5442653,1.5112096,-0.724113
1747679461.3283627,0.053387526,0.14728855,0.81203943,3.5442653,1.5112096,-0.724113
1747679461.3288987,0.053387526,0.14728855,0.81203943,3.5442653,1.5112096,-0.724113
1747679461.3294752,0.053387526,0.14728855,0.81203943,3.5442653,1.5112096,-0.724113
1747679461.3300292,0.053387526,0.14728855,0.81203943,3.5442653,1.5112096,-0.724113
1747679461.3305624,0.053387526,0.14728855,0.81203943,3.5442653,1.5112096,-0.724113
1747679461.3310819,0.053387526,0.14728855,0.81203943,3.5442653,1.5112096,-0.724113
1747679461.3316004,0.053387526,0.14728855,0.81203943,3.5442653,1.5112096,-0.724113
1747679461.3321183,0.053387526,0.14728855,0.81203943,3.5442653,1.5112096,-0.724113
1747679461.3326364,0.053387526,0.14728855,0.81203943,3.5442653,1.5112096,-0.724113
1747679461.333155,0.053387526,0.14728855,0.81203943,3.5442653,1.5112096,-0.724113
1747679461.3336735,-0.0652243,0.15363403,0.737358,3.5442653,1.5112096,-0.724113
1747679461.334202,-0.0652243,0.15363403,0.737358,3.6955328,1.306679,-0.60054237
1747679461.3347368,-0.0652243,0.15363403,0.737358,3.6955328,1.306679,-0.60054237
1747679461.3352568,-0.0652243,0.15363403,0.737358,3.6955328,1.306679,-0.60054237
1747679461.3357751,-0.0652243,0.15363403,0.737358,3.6955328,1.306679,-0.60054237
1747679461.3362935,-0.0652243,0.15363403,0.737358,3.6955328,1.306679,-0.60054237
1747679461.3368115,-0.0652243,0.15363403,0.737358,3.6955328,1.306679,-0.60054237
1747679461.3373294,-0.0652243,0.15363403,0.737358,3.6955328,1.306679,-0.60054237
1747679461.3378475,-0.0652243,0.15363403,0.737358,3.6955328,1.306679,-0.60054237
1747679461.3383658,-0.0652243,0.15363403,0.737358,3.6955328,1.306679,-0.60054237
1747679461.3388839,-0.0652243,0.15363403,0.737358,3.6955328,1.306679,-0.60054237
1747679461.3394024,-0.0652243,0.15363403,0.737358,3.6955328,1.306679,-0.60054237
1747679461.3399203,-0.0652243,0.15363403,0.737358,3.6955328,1.306679,-0.60054237
1747679461.3404393,-0.0652243,0.15363403,0.737358,3.6955328,1.306679,-0.60054237
1747679461.3409572,-0.0652243,0.15363403,0.737358,3.6955328,1.306679,-0.60054237
1747679461.3414755,-0.0652243,0.15363403,0.737358,3.6955328,1.306679,-0.60054237
1747679461.3419938,-0.0652243,0.15363403,0.737358,3.6955328,1.306679,-0.60054237
1747679461.3425117,-0.0652243,0.15363403,0.737358,3.6955328,1.306679,-0.60054237
1747679461.3430293,-0.0652243,0.15363403,0.737358,3.6955328,1.306679,-0.60054237
1747679461.3435574,-0.0652243,0.15363403,0.737358,3.6955328,1.306679,-0.60054237
1747679461.3440933,-0.0652243,0.15363403,0.737358,3.6955328,1.306679,-0.60054237
1747679461.3446324,-0.0652243,0.15363403,0.737358,3.6955328,1.306679,-0.60054237
1747679461.3451955,-0.103297226,0.17462297,0.6153294,3.8169727,1.0371673,-0.4354265
1747679461.3457391,-0.103297226,0.17462297,0.6153294,3.8169727,1.0371673,-0.4354265
1747679461.3462715,-0.103297226,0.17462297,0.6153294,3.8169727,1.0371673,-0.4354265
1747679461.3467915,-0.103297226,0.17462297,0.6153294,3.8169727,1.0371673,-0.4354265
1747679461.34731,-0.103297226,0.17462297,0.6153294,3.8169727,1.0371673,-0.4354265
1747679461.3478286,-0.103297226,0.17462297,0.6153294,3.8169727,1.0371673,-0.4354265
1747679461.3483472,-0.103297226,0.17462297,0.6153294,3.8169727,1.0371673,-0.4354265
1747679461.3488653,-0.103297226,0.17462297,0.6153294,3.8169727,1.0371673,-0.4354265
1747679461.3493838,-0.103297226,0.17462297,0.6153294,3.8169727,1.0371673,-0.4354265
1747679461.3499029,-0.103297226,0.17462297,0.6153294,3.8169727,1.0371673,-0.4354265
1747679461.3504212,-0.103297226,0.17462297,0.6153294,3.8169727,1.0371673,-0.4354265
1747679461.350942,-0.016900964,0.1897545,0.51673025,3.886215,0.85074615,-0.3097254
1747679461.351461,-0.016900964,0.1897545,0.51673025,3.886215,0.85074615,-0.3097254
1747679461.3519793,-0.016900964,0.1897545,0.51673025,3.886215,0.85074615,-0.3097254
1747679461.3524976,-0.016900964,0.1897545,0.51673025,3.886215,0.85074615,-0.3097254
1747679461.353016,-0.016900964,0.1897545,0.51673025,3.886215,0.85074615,-0.3097254
1747679461.3535342,-0.016900964,0.1897545,0.51673025,3.886215,0.85074615,-0.3097254
1747679461.354062,-0.016900964,0.1897545,0.51673025,3.886215,0.85074615,-0.3097254
1747679461.354597,-0.016900964,0.1897545,0.51673025,3.886215,0.85074615,-0.3097254
1747679461.355117,-0.016900964,0.1897545,0.51673025,3.886215,0.85074615,-0.3097254
1747679461.3556354,-0.016900964,0.1897545,0.51673025,3.886215,0.85074615,-0.3097254
1747679461.3561532,-0.016900964,0.1897545,0.51673025,3.886215,0.85074615,-0.3097254
1747679461.3566716,-0.016900964,0.1897545,0.51673025,3.886215,0.85074615,-0.3097254
1747679461.3571894,-0.016900964,0.1897545,0.51673025,3.886215,0.85074615,-0.3097254
1747679461.357713,-0.016900964,0.1897545,0.51673025,3.886215,0.85074615,-0.3097254
1747679461.3582344,-0.016900964,0.1897545,0.51673025,3.886215,0.85074615,-0.3097254
1747679461.358755,-0.016900964,0.1897545,0.51673025,3.886215,0.85074615,-0.3097254
1747679461.359276,-0.016900964,0.1897545,0.51673025,3.886215,0.85074615,-0.3097254
1747679461.3598237,-0.016900964,0.1897545,0.51673025,3.886215,0.85074615,-0.3097254
1747679461.3603733,0.15149854,0.22685121,0.37420076,3.886215,0.85074615,-0.3097254
1747679461.3609385,0.15149854,0.22685121,0.37420076,3.8649096,0.7516767,-0.3129212
1747679461.361497,0.15149854,0.22685121,0.37420076,3.8649096,0.7516767,-0.3129212
1747679461.3620322,0.15149854,0.22685121,0.37420076,3.8649096,0.7516767,-0.3129212
1747679461.362554,0.15149854,0.22685121,0.37420076,3.8649096,0.7516767,-0.3129212
1747679461.363075,0.15149854,0.22685121,0.37420076,3.8649096,0.7516767,-0.3129212
1747679461.363596,0.15149854,0.22685121,0.37420076,3.8649096,0.7516767,-0.3129212
1747679461.364127,0.15149854,0.22685121,0.37420076,3.8649096,0.7516767,-0.3129212
1747679461.364667,0.15149854,0.22685121,0.37420076,3.8649096,0.7516767,-0.3129212
1747679461.3651893,0.15149854,0.22685121,0.37420076,3.8649096,0.7516767,-0.3129212
1747679461.3657105,0.15149854,0.22685121,0.37420076,3.8649096,0.7516767,-0.3129212
1747679461.3662312,0.15149854,0.22685121,0.37420076,3.8649096,0.7516767,-0.3129212
1747679461.3667521,0.15149854,0.22685121,0.37420076,3.8649096,0.7516767,-0.3129212
1747679461.3672729,0.15149854,0.22685121,0.37420076,3.8649096,0.7516767,-0.3129212
1747679461.3677933,0.15149854,0.22685121,0.37420076,3.8649096,0.7516767,-0.3129212
1747679461.368314,0.15149854,0.22685121,0.37420076,3.8649096,0.7516767,-0.3129212
1747679461.368836,0.15149854,0.22685121,0.37420076,3.8649096,0.7516767,-0.3129212
1747679461.3693607,0.15149854,0.22685121,0.37420076,3.8649096,0.7516767,-0.3129212
1747679461.3698843,0.23887102,0.272734,0.2741373,3.732817,0.68776083,-0.4588623
1747679461.370406,0.23887102,0.272734,0.2741373,3.732817,0.68776083,-0.4588623
1747679461.3709266,0.23887102,0.272734,0.2741373,3.732817,0.68776083,-0.4588623
1747679461.3714476,0.23887102,0.272734,0.2741373,3.732817,0.68776083,-0.4588623
1747679461.3719685,0.23887102,0.272734,0.2741373,3.732817,0.68776083,-0.4588623
1747679461.372489,0.23887102,0.272734,0.2741373,3.732817,0.68776083,-0.4588623
1747679461.3730125,0.23887102,0.272734,0.2741373,3.732817,0.68776083,-0.4588623
1747679461.3735209,0.23887102,0.272734,0.2741373,3.732817,0.68776083,-0.4588623
1747679461.37404,0.23887102,0.272734,0.2741373,3.732817,0.68776083,-0.4588623
1747679461.3745658,0.23887102,0.272734,0.2741373,3.732817,0.68776083,-0.4588623
1747679461.3751583,0.23887102,0.272734,0.2741373,3.732817,0.68776083,-0.4588623
1747679461.3757226,0.23887102,0.272734,0.2741373,3.732817,0.68776083,-0.4588623
1747679461.3762894,0.23887102,0.272734,0.2741373,3.732817,0.68776083,-0.4588623
1747679461.3768637,0.23887102,0.272734,0.2741373,3.732817,0.68776083,-0.4588623
1747679461.3774126,0.23887102,0.272734,0.2741373,3.732817,0.68776083,-0.4588623
1747679461.3779457,0.23887102,0.272734,0.2741373,3.732817,0.68776083,-0.4588623
1747679461.378465,0.23887102,0.272734,0.2741373,3.732817,0.68776083,-0.4588623
1747679461.3789878,0.23887102,0.272734,0.2741373,3.732817,0.68776083,-0.4588623
1747679461.3795087,0.23887102,0.272734,0.2741373,3.5400043,0.75806826,-0.63995713
1747679461.3800316,0.23887102,0.272734,0.2741373,3.5400043,0.75806826,-0.63995713
1747679461.3805506,0.22569194,0.31861675,0.22727832,3.5400043,0.75806826,-0.63995713
1747679461.381069,0.22569194,0.31861675,0.22727832,3.5400043,0.75806826,-0.63995713
1747679461.3815873,0.22569194,0.31861675,0.22727832,3.5400043,0.75806826,-0.63995713
1747679461.3821054,0.22569194,0.31861675,0.22727832,3.5400043,0.75806826,-0.63995713
1747679461.3826237,0.22569194,0.31861675,0.22727832,3.5400043,0.75806826,-0.63995713
1747679461.383142,0.22569194,0.31861675,0.22727832,3.5400043,0.75806826,-0.63995713
1747679461.3836708,0.22569194,0.31861675,0.22727832,3.5400043,0.75806826,-0.63995713
1747679461.3842,0.22569194,0.31861675,0.22727832,3.5400043,0.75806826,-0.63995713
1747679461.38472,0.22569194,0.31861675,0.22727832,3.5400043,0.75806826,-0.63995713
1747679461.385238,0.22569194,0.31861675,0.22727832,3.5400043,0.75806826,-0.63995713
1747679461.385756,0.22569194,0.31861675,0.22727832,3.5400043,0.75806826,-0.63995713
1747679461.386274,0.22569194,0.31861675,0.22727832,3.5400043,0.75806826,-0.63995713
1747679461.3867922,0.22569194,0.31861675,0.22727832,3.5400043,0.75806826,-0.63995713
1747679461.3873103,0.22569194,0.31861675,0.22727832,3.5400043,0.75806826,-0.63995713
1747679461.387828,0.22569194,0.31861675,0.22727832,3.5400043,0.75806826,-0.63995713
1747679461.3883462,0.22569194,0.31861675,0.22727832,3.5400043,0.75806826,-0.63995713
1747679461.3888643,0.22569194,0.31861675,0.22727832,3.5400043,0.75806826,-0.63995713
1747679461.3893824,0.22569194,0.31861675,0.22727832,3.5400043,0.75806826,-0.63995713
1747679461.3899004,0.22569194,0.31861675,0.22727832,3.5400043,0.75806826,-0.63995713
1747679461.3904443,0.22569194,0.31861675,0.22727832,3.5400043,0.75806826,-0.63995713
1747679461.3910003,0.17492804,0.3479036,0.18530047,3.264101,1.0371673,-0.7795067
1747679461.3915553,0.17492804,0.3479036,0.18530047,3.264101,1.0371673,-0.7795067
1747679461.3920996,0.17492804,0.3479036,0.18530047,3.264101,1.0371673,-0.7795067
1747679461.3926327,0.17492804,0.3479036,0.18530047,3.264101,1.0371673,-0.7795067
1747679461.3931527,0.17492804,0.3479036,0.18530047,3.264101,1.0371673,-0.7795067
1747679461.3936718,0.17492804,0.3479036,0.18530047,3.264101,1.0371673,-0.7795067
1747679461.3942032,0.17492804,0.3479036,0.18530047,3.264101,1.0371673,-0.7795067
1747679461.394741,0.17492804,0.3479036,0.18530047,3.264101,1.0371673,-0.7795067
1747679461.3952613,0.17492804,0.3479036,0.18530047,3.264101,1.0371673,-0.7795067
1747679461.3957794,0.17492804,0.3479036,0.18530047,3.264101,1.0371673,-0.7795067
1747679461.3962977,0.17492804,0.3479036,0.18530047,3.264101,1.0371673,-0.7795067
1747679461.3968158,0.17492804,0.3479036,0.18530047,3.264101,1.0371673,-0.7795067
1747679461.3973339,0.17492804,0.3479036,0.18530047,3.264101,1.0371673,-0.7795067
1747679461.3978515,0.17492804,0.3479036,0.18530047,3.264101,1.0371673,-0.7795067
1747679461.3983698,0.17492804,0.3479036,0.18530047,3.264101,1.0371673,-0.7795067
1747679461.3988876,0.17492804,0.3479036,0.18530047,3.264101,1.0371673,-0.7795067
1747679461.399407,0.17492804,0.3479036,0.18530047,3.264101,1.0371673,-0.7795067
1747679461.399926,0.1334383,0.36596385,0.17163326,3.264101,1.0371673,-0.7795067
1747679461.4004438,0.1334383,0.36596385,0.17163326,3.264101,1.0371673,-0.7795067
1747679461.400962,0.1334383,0.36596385,0.17163326,3.264101,1.0371673,-0.7795067
1747679461.4014807,0.1334383,0.36596385,0.17163326,3.074484,1.2864391,-0.8306393
1747679461.4019985,0.1334383,0.36596385,0.17163326,3.074484,1.2864391,-0.8306393
1747679461.402517,0.1334383,0.36596385,0.17163326,3.074484,1.2864391,-0.8306393
1747679461.4030347,0.1334383,0.36596385,0.17163326,3.074484,1.2864391,-0.8306393
1747679461.4035633,0.1334383,0.36596385,0.17163326,3.074484,1.2864391,-0.8306393
1747679461.4040973,0.1334383,0.36596385,0.17163326,3.074484,1.2864391,-0.8306393
1747679461.4046173,0.1334383,0.36596385,0.17163326,3.074484,1.2864391,-0.8306393
1747679461.4051433,0.1334383,0.36596385,0.17163326,3.074484,1.2864391,-0.8306393
1747679461.4056919,0.1334383,0.36596385,0.17163326,3.074484,1.2864391,-0.8306393
1747679461.40625,0.1334383,0.36596385,0.17163326,3.074484,1.2864391,-0.8306393
1747679461.406806,0.1334383,0.36596385,0.17163326,3.074484,1.2864391,-0.8306393
1747679461.4073536,0.1334383,0.36596385,0.17163326,3.074484,1.2864391,-0.8306393
1747679461.4078953,0.1334383,0.36596385,0.17163326,3.074484,1.2864391,-0.8306393
1747679461.4084277,0.1334383,0.36596385,0.17163326,3.074484,1.2864391,-0.8306393
1747679461.4089477,0.1334383,0.36596385,0.17163326,3.074484,1.2864391,-0.8306393
1747679461.409466,0.1334383,0.36596385,0.17163326,3.074484,1.2864391,-0.8306393
1747679461.409984,0.1334383,0.36596385,0.17163326,3.074484,1.2864391,-0.8306393
1747679461.410503,0.1334383,0.36596385,0.17163326,3.074484,1.2864391,-0.8306393
1747679461.4110222,0.1334383,0.36596385,0.17163326,3.074484,1.2864391,-0.8306393
1747679461.4115405,0.1334383,0.36596385,0.17163326,3.074484,1.2864391,-0.8306393
1747679461.4120593,0.07340022,0.38255972,0.1594304,2.8987155,1.572995,-0.8508793
1747679461.4125774,0.07340022,0.38255972,0.1594304,2.8987155,1.572995,-0.8508793
1747679461.4130952,0.07340022,0.38255972,0.1594304,2.8987155,1.572995,-0.8508793
1747679461.4136243,0.07340022,0.38255972,0.1594304,2.8987155,1.572995,-0.8508793
1747679461.4141536,0.07340022,0.38255972,0.1594304,2.8987155,1.572995,-0.8508793
1747679461.4146736,0.07340022,0.38255972,0.1594304,2.8987155,1.572995,-0.8508793
1747679461.4151921,0.07340022,0.38255972,0.1594304,2.8987155,1.572995,-0.8508793
1747679461.41571,0.07340022,0.38255972,0.1594304,2.8987155,1.572995,-0.8508793
1747679461.4162276,0.07340022,0.38255972,0.1594304,2.8987155,1.572995,-0.8508793
1747679461.4167454,0.07340022,0.38255972,0.1594304,2.8987155,1.572995,-0.8508793
1747679461.417264,0.07340022,0.38255972,0.1594304,2.8987155,1.572995,-0.8508793
1747679461.4177816,0.07340022,0.38255972,0.1594304,2.8987155,1.572995,-0.8508793
1747679461.4182997,0.07340022,0.38255972,0.1594304,2.8987155,1.572995,-0.8508793
1747679461.4188178,0.07340022,0.38255972,0.1594304,2.8987155,1.572995,-0.8508793
1747679461.4193356,0.07340022,0.38255972,0.1594304,2.8987155,1.572995,-0.8508793
1747679461.419854,0.07340022,0.38255972,0.1594304,2.8987155,1.572995,-0.8508793
1747679461.4203973,0.07340022,0.38255972,0.1594304,2.8987155,1.572995,-0.8508793
1747679461.4209485,0.07340022,0.38255972,0.1594304,2.8987155,1.572995,-0.8508793
1747679461.421481,0.07340022,0.38255972,0.1594304,2.8987155,1.572995,-0.8508793
1747679461.4220006,0.07340022,0.38255972,0.1594304,2.8987155,1.572995,-0.8508793
1747679461.422538,0.07340022,0.38255972,0.1594304,2.8987155,1.572995,-0.8508793
1747679461.4230924,0.07340022,0.38255972,0.1594304,2.8987155,1.572995,-0.8508793
1747679461.4236383,0.0045760735,0.39036956,0.15015621,2.8987155,1.572995,-0.8508793
1747679461.424187,0.0045760735,0.39036956,0.15015621,2.738926,1.8947046,-0.8167909
1747679461.424728,0.0045760735,0.39036956,0.15015621,2.738926,1.8947046,-0.8167909
1747679461.4252527,0.0045760735,0.39036956,0.15015621,2.738926,1.8947046,-0.8167909
1747679461.425772,0.0045760735,0.39036956,0.15015621,2.738926,1.8947046,-0.8167909
1747679461.4262905,0.0045760735,0.39036956,0.15015621,2.738926,1.8947046,-0.8167909
1747679461.426809,0.0045760735,0.39036956,0.15015621,2.738926,1.8947046,-0.8167909
1747679461.4273274,0.0045760735,0.39036956,0.15015621,2.738926,1.8947046,-0.8167909
1747679461.4278455,0.0045760735,0.39036956,0.15015621,2.738926,1.8947046,-0.8167909
1747679461.4283636,0.0045760735,0.39036956,0.15015621,2.738926,1.8947046,-0.8167909
1747679461.4288814,0.0045760735,0.39036956,0.15015621,2.738926,1.8947046,-0.8167909
1747679461.4293993,0.0045760735,0.39036956,0.15015621,2.738926,1.8947046,-0.8167909
1747679461.4299173,0.0045760735,0.39036956,0.15015621,2.738926,1.8947046,-0.8167909
1747679461.4304357,0.0045760735,0.39036956,0.15015621,2.738926,1.8947046,-0.8167909
1747679461.4309533,0.0045760735,0.39036956,0.15015621,2.738926,1.8947046,-0.8167909
1747679461.4314709,0.0045760735,0.39036956,0.15015621,2.738926,1.8947046,-0.8167909
1747679461.4319887,0.0045760735,0.39036956,0.15015621,2.738926,1.8947046,-0.8167909
1747679461.4325068,0.0045760735,0.39036956,0.15015621,2.738926,1.8947046,-0.8167909
1747679461.4330254,-0.054485783,0.41575152,0.1125714,2.646248,2.0289278,-0.74967927
1747679461.4335542,-0.054485783,0.41575152,0.1125714,2.646248,2.0289278,-0.74967927
1747679461.4340887,-0.054485783,0.41575152,0.1125714,2.646248,2.0289278,-0.74967927
1747679461.4346085,-0.054485783,0.41575152,0.1125714,2.646248,2.0289278,-0.74967927
1747679461.4351265,-0.054485783,0.41575152,0.1125714,2.646248,2.0289278,-0.74967927
1747679461.435666,-0.054485783,0.41575152,0.1125714,2.646248,2.0289278,-0.74967927
1747679461.4362354,-0.054485783,0.41575152,0.1125714,2.646248,2.0289278,-0.74967927
1747679461.4367628,-0.054485783,0.41575152,0.1125714,2.646248,2.0289278,-0.74967927
1747679461.4373288,-0.054485783,0.41575152,0.1125714,2.646248,2.0289278,-0.74967927
1747679461.43787,-0.054485783,0.41575152,0.1125714,2.646248,2.0289278,-0.74967927
1747679461.4387245,-0.054485783,0.41575152,0.1125714,2.646248,2.0289278,-0.74967927
1747679461.4393725,-0.10524968,0.4494314,0.0652243,2.646248,2.0289278,-0.74967927
1747679461.439921,-0.10524968,0.4494314,0.0652243,2.5940502,1.9064225,-0.6857635
1747679461.440446,-0.10524968,0.4494314,0.0652243,2.5940502,1.9064225,-0.6857635
1747679461.4409678,-0.10524968,0.4494314,0.0652243,2.5940502,1.9064225,-0.6857635
1747679461.44149,-0.10524968,0.4494314,0.0652243,2.5940502,1.9064225,-0.6857635
1747679461.442017,-0.10524968,0.4494314,0.0652243,2.5940502,1.9064225,-0.6857635
1747679461.442538,-0.10524968,0.4494314,0.0652243,2.5940502,1.9064225,-0.6857635
1747679461.4430566,-0.10524968,0.4494314,0.0652243,2.5940502,1.9064225,-0.6857635
1747679461.4435751,-0.10524968,0.4494314,0.0652243,2.5940502,1.9064225,-0.6857635
1747679461.4441063,-0.10524968,0.4494314,0.0652243,2.5940502,1.9064225,-0.6857635
1747679461.444642,-0.10524968,0.4494314,0.0652243,2.5940502,1.9064225,-0.6857635
1747679461.4451652,-0.10524968,0.4494314,0.0652243,2.5940502,1.9064225,-0.6857635
1747679461.4456835,-0.10524968,0.4494314,0.0652243,2.5940502,1.9064225,-0.6857635
1747679461.4462016,-0.10524968,0.4494314,0.0652243,2.5940502,1.9064225,-0.6857635
1747679461.4467196,-0.10524968,0.4494314,0.0652243,2.5940502,1.9064225,-0.6857635
1747679461.447238,-0.10524968,0.4494314,0.0652243,2.5940502,1.9064225,-0.6857635
1747679461.4477563,-0.10524968,0.4494314,0.0652243,2.5940502,1.9064225,-0.6857635
1747679461.4482741,-0.10524968,0.4494314,0.0652243,2.5940502,1.9064225,-0.6857635
1747679461.4487922,-0.10524968,0.4494314,0.0652243,2.5940502,1.9064225,-0.6857635
1747679461.4493148,-0.10524968,0.4494314,0.0652243,2.5940502,1.9064225,-0.6857635
1747679461.4498358,-0.10524968,0.4494314,0.0652243,2.5940502,1.9064225,-0.6857635
1747679461.450358,-0.10524968,0.4494314,0.0652243,2.529069,1.6678034,-0.6037382
1747679461.4508944,-0.10524968,0.4494314,0.0652243,2.529069,1.6678034,-0.6037382
1747679461.4514499,-0.13648902,0.49140924,0.038866114,2.529069,1.6678034,-0.6037382
1747679461.451981,-0.13648902,0.49140924,0.038866114,2.529069,1.6678034,-0.6037382
1747679461.452501,-0.13648902,0.49140924,0.038866114,2.529069,1.6678034,-0.6037382
1747679461.4530194,-0.13648902,0.49140924,0.038866114,2.529069,1.6678034,-0.6037382
1747679461.4535427,-0.13648902,0.49140924,0.038866114,2.529069,1.6678034,-0.6037382
1747679461.454093,-0.13648902,0.49140924,0.038866114,2.529069,1.6678034,-0.6037382
1747679461.454655,-0.13648902,0.49140924,0.038866114,2.529069,1.6678034,-0.6037382
1747679461.4552019,-0.13648902,0.49140924,0.038866114,2.529069,1.6678034,-0.6037382
1747679461.4557266,-0.13648902,0.49140924,0.038866114,2.529069,1.6678034,-0.6037382
1747679461.4562454,-0.13648902,0.49140924,0.038866114,2.529069,1.6678034,-0.6037382
1747679461.4567642,-0.13648902,0.49140924,0.038866114,2.529069,1.6678034,-0.6037382
1747679461.4572873,-0.13648902,0.49140924,0.038866114,2.529069,1.6678034,-0.6037382
1747679461.457815,-0.13648902,0.49140924,0.038866114,2.529069,1.6678034,-0.6037382
1747679461.4583368,-0.13648902,0.49140924,0.038866114,2.529069,1.6678034,-0.6037382
1747679461.4588575,-0.13648902,0.49140924,0.038866114,2.529069,1.6678034,-0.6037382
1747679461.459378,-0.13648902,0.49140924,0.038866114,2.529069,1.6678034,-0.6037382
1747679461.4598987,-0.13648902,0.49140924,0.038866114,2.529069,1.6678034,-0.6037382
1747679461.460424,-0.13648902,0.49140924,0.038866114,2.529069,1.6678034,-0.6037382
1747679461.4609494,-0.15210868,0.5089814,0.05546201,2.4779365,1.4025527,-0.5206476
1747679461.4614723,-0.15210868,0.5089814,0.05546201,2.4779365,1.4025527,-0.5206476
1747679461.4619968,-0.15210868,0.5089814,0.05546201,2.4779365,1.4025527,-0.5206476
1747679461.4625185,-0.15210868,0.5089814,0.05546201,2.4779365,1.4025527,-0.5206476
1747679461.4630525,-0.15210868,0.5089814,0.05546201,2.4779365,1.4025527,-0.5206476
1747679461.4635963,-0.15210868,0.5089814,0.05546201,2.4779365,1.4025527,-0.5206476
1747679461.4641323,-0.15210868,0.5089814,0.05546201,2.4779365,1.4025527,-0.5206476
1747679461.4646714,-0.15210868,0.5089814,0.05546201,2.4779365,1.4025527,-0.5206476
1747679461.4651964,-0.15210868,0.5089814,0.05546201,2.4779365,1.4025527,-0.5206476
1747679461.4659271,-0.15210868,0.5089814,0.05546201,2.4779365,1.4025527,-0.5206476
1747679461.4664896,-0.15210868,0.5089814,0.05546201,2.4779365,1.4025527,-0.5206476
1747679461.467036,-0.15210868,0.5089814,0.05546201,2.4779365,1.4025527,-0.5206476
1747679461.4675715,-0.15210868,0.5089814,0.05546201,2.4779365,1.4025527,-0.5206476
1747679461.4680936,-0.15210868,0.5089814,0.05546201,2.4779365,1.4025527,-0.5206476
1747679461.4686148,-0.15210868,0.5089814,0.05546201,2.4779365,1.4025527,-0.5206476
1747679461.4691417,-0.15210868,0.5089814,0.05546201,2.4779365,1.4025527,-0.5206476
1747679461.4697328,-0.10427345,0.5470543,0.06424807,2.4779365,1.4025527,-0.5206476
1747679461.470286,-0.10427345,0.5470543,0.06424807,2.4779365,1.4025527,-0.5206476
1747679461.4708226,-0.10427345,0.5470543,0.06424807,2.4779365,1.4025527,-0.5206476
1747679461.4713457,-0.10427345,0.5470543,0.06424807,2.4779365,1.4025527,-0.5206476
1747679461.4718668,-0.10427345,0.5470543,0.06424807,2.4779365,1.4025527,-0.5206476
1747679461.4723876,-0.10427345,0.5470543,0.06424807,2.4779365,1.4025527,-0.5206476
1747679461.4729111,-0.10427345,0.5470543,0.06424807,2.4779365,1.4025527,-0.5206476
1747679461.4734323,-0.10427345,0.5470543,0.06424807,2.4779365,1.4025527,-0.5206476
1747679461.4739773,-0.10427345,0.5470543,0.06424807,2.4779365,1.4025527,-0.5206476
1747679461.4745147,-0.10427345,0.5470543,0.06424807,2.4779365,1.4025527,-0.5206476
1747679461.47505,-0.10427345,0.5470543,0.06424807,2.4779365,1.4025527,-0.5206476
1747679461.475573,-0.10427345,0.5470543,0.06424807,2.4779365,1.4025527,-0.5206476
1747679461.4760916,-0.10427345,0.5470543,0.06424807,2.4779365,1.4025527,-0.5206476
1747679461.4766104,-0.10427345,0.5470543,0.06424807,2.4779365,1.4025527,-0.5206476
1747679461.4771287,-0.10427345,0.5470543,0.06424807,2.4779365,1.4025527,-0.5206476
1747679461.4776466,-0.10427345,0.5470543,0.06424807,2.4779365,1.4025527,-0.5206476
1747679461.4781647,-0.10427345,0.5470543,0.06424807,2.4779365,1.4025527,-0.5206476
1747679461.478683,-0.10427345,0.5470543,0.06424807,2.4779365,1.4025527,-0.5206476
1747679461.479201,-0.10427345,0.5470543,0.06424807,2.4779365,1.4025527,-0.5206476
1747679461.4797192,-0.10427345,0.5470543,0.06424807,2.4779365,1.4025527,-0.5206476
1747679461.4802372,-0.10427345,0.5470543,0.06424807,2.4779365,1.4025527,-0.5206476
1747679461.4807599,-0.10427345,0.5470543,0.06424807,2.4417174,1.0659294,-0.41625178
1747679461.4812992,-0.10427345,0.5470543,0.06424807,2.4417174,1.0659294,-0.41625178
1747679461.4818325,-0.10427345,0.5470543,0.06424807,2.4417174,1.0659294,-0.41625178
1747679461.4823542,-0.10427345,0.5470543,0.06424807,2.4417174,1.0659294,-0.41625178
1747679461.4828727,-0.10427345,0.5470543,0.06424807,2.4417174,1.0659294,-0.41625178
1747679461.4833915,-0.10427345,0.5470543,0.06424807,2.4417174,1.0659294,-0.41625178
1747679461.483922,-0.10427345,0.5470543,0.06424807,2.4417174,1.0659294,-0.41625178
1747679461.4844575,-0.10427345,0.5470543,0.06424807,2.4417174,1.0659294,-0.41625178
1747679461.4849842,-0.10427345,0.5470543,0.06424807,2.4417174,1.0659294,-0.41625178
1747679461.4855342,-0.10427345,0.5470543,0.06424807,2.4417174,1.0659294,-0.41625178
1747679461.486083,-0.10427345,0.5470543,0.06424807,2.4417174,1.0659294,-0.41625178
1747679461.4866164,-0.10427345,0.5470543,0.06424807,2.4417174,1.0659294,-0.41625178
1747679461.487136,-0.10427345,0.5470543,0.06424807,2.4417174,1.0659294,-0.41625178
1747679461.4876547,-0.10427345,0.5470543,0.06424807,2.4417174,1.0659294,-0.41625178
1747679461.4881728,-0.10427345,0.5470543,0.06424807,2.4417174,1.0659294,-0.41625178
1747679461.4886909,-0.10427345,0.5470543,0.06424807,2.4417174,1.0659294,-0.41625178
1747679461.4892097,-0.10427345,0.5470543,0.06424807,2.4417174,1.0659294,-0.41625178
1747679461.4897275,-0.10427345,0.5470543,0.06424807,2.4417174,1.0659294,-0.41625178
1747679461.4902496,-0.10427345,0.5470543,0.06424807,2.4417174,1.0659294,-0.41625178
1747679461.4907694,-0.10427345,0.5470543,0.06424807,2.4417174,1.0659294,-0.41625178
1747679461.4913096,-0.10427345,0.5470543,0.06424807,2.4417174,1.0659294,-0.41625178
1747679461.4918551,-0.10427345,0.5470543,0.06424807,2.4417174,1.0659294,-0.41625178
1747679461.4923806,-0.10427345,0.5470543,0.06424807,2.4417174,1.0659294,-0.41625178
1747679461.4929,-0.10427345,0.5470543,0.06424807,2.4417174,1.0659294,-0.41625178
1747679461.4934182,-0.10427345,0.5470543,0.06424807,2.4417174,1.0659294,-0.41625178
1747679461.4939363,-0.10427345,0.5470543,0.06424807,2.4417174,1.0659294,-0.41625178
1747679461.4944687,-0.10427345,0.5470543,0.06424807,2.4417174,1.0659294,-0.41625178
1747679461.4950047,-0.10427345,0.5470543,0.06424807,2.4417174,1.0659294,-0.41625178
1747679461.4955275,-0.10427345,0.5470543,0.06424807,2.4417174,1.0659294,-0.41625178
1747679461.4961946,-0.10427345,0.5470543,0.06424807,2.4417174,1.0659294,-0.41625178
1747679461.4967494,-0.10427345,0.5470543,0.06424807,2.4417174,1.0659294,-0.41625178
1747679461.4972923,-0.10427345,0.5470543,0.06424807,2.4417174,1.0659294,-0.41625178
1747679461.497834,-0.10427345,0.5470543,0.06424807,2.4417174,1.0659294,-0.41625178
1747679461.4983668,-0.10427345,0.5470543,0.06424807,2.4417174,1.0659294,-0.41625178
1747679461.4988868,-0.10427345,0.5470543,0.06424807,2.4417174,1.0659294,-0.41625178
1747679461.4994054,-0.10427345,0.5470543,0.06424807,2.4417174,1.0659294,-0.41625178
1747679461.4999235,-0.10427345,0.5470543,0.06424807,2.4417174,1.0659294,-0.41625178
1747679461.5004416,-0.10427345,0.5470543,0.06424807,2.4417174,1.0659294,-0.41625178
1747679461.500965,-0.10427345,0.5470543,0.06424807,2.4417174,1.0659294,-0.41625178
1747679461.5015254,-0.10427345,0.5470543,0.06424807,2.4417174,1.0659294,-0.41625178
1747679461.5020783,-0.10427345,0.5470543,0.06424807,2.4417174,1.0659294,-0.41625178
1747679461.5026112,-0.10427345,0.5470543,0.06424807,2.4417174,1.0659294,-0.41625178
1747679461.5031312,-0.10427345,0.5470543,0.06424807,2.4417174,1.0659294,-0.41625178
1747679461.5036664,-0.10427345,0.5470543,0.06424807,2.4417174,1.0659294,-0.41625178
1747679461.5042107,-0.10427345,0.5470543,0.06424807,2.4417174,1.0659294,-0.41625178
1747679461.5047393,0.024100652,0.6275932,-0.072912104,2.4417174,1.0659294,-0.41625178
1747679461.50526,0.024100652,0.6275932,-0.072912104,2.4417174,1.0659294,-0.41625178
1747679461.5057788,0.024100652,0.6275932,-0.072912104,2.4417174,1.0659294,-0.41625178
1747679461.506297,0.024100652,0.6275932,-0.072912104,2.4417174,1.0659294,-0.41625178
1747679461.5068173,0.024100652,0.6275932,-0.072912104,2.3053637,1.3343759,-0.4364918
1747679461.5073366,0.024100652,0.6275932,-0.072912104,2.3053637,1.3343759,-0.4364918
1747679461.5078552,0.024100652,0.6275932,-0.072912104,2.3053637,1.3343759,-0.4364918
1747679461.5083733,0.024100652,0.6275932,-0.072912104,2.3053637,1.3343759,-0.4364918
1747679461.5088909,0.024100652,0.6275932,-0.072912104,2.3053637,1.3343759,-0.4364918
1747679461.5094087,0.024100652,0.6275932,-0.072912104,2.3053637,1.3343759,-0.4364918
1747679461.5099266,0.024100652,0.6275932,-0.072912104,2.3053637,1.3343759,-0.4364918
1747679461.5104444,0.024100652,0.6275932,-0.072912104,2.3053637,1.3343759,-0.4364918
1747679461.510965,0.030934256,0.6529752,-0.12221167,2.3053637,1.3343759,-0.4364918
1747679461.5115259,0.030934256,0.6529752,-0.12221167,2.3053637,1.3343759,-0.4364918
1747679461.512067,0.030934256,0.6529752,-0.12221167,2.3053637,1.3343759,-0.4364918
1747679461.5125926,0.030934256,0.6529752,-0.12221167,2.3053637,1.3343759,-0.4364918
1747679461.5131161,0.030934256,0.6529752,-0.12221167,2.2126858,1.5431676,-0.4556665
1747679461.513636,0.030934256,0.6529752,-0.12221167,2.2126858,1.5431676,-0.4556665
1747679461.5141704,0.030934256,0.6529752,-0.12221167,2.2126858,1.5431676,-0.4556665
1747679461.514716,0.030934256,0.6529752,-0.12221167,2.2126858,1.5431676,-0.4556665
1747679461.5152402,0.030934256,0.6529752,-0.12221167,2.2126858,1.5431676,-0.4556665
1747679461.5157638,0.030934256,0.6529752,-0.12221167,2.2126858,1.5431676,-0.4556665
1747679461.5162854,0.030934256,0.6529752,-0.12221167,2.2126858,1.5431676,-0.4556665
1747679461.5168073,0.030934256,0.6529752,-0.12221167,2.2126858,1.5431676,-0.4556665
1747679461.5173585,0.030934256,0.6529752,-0.12221167,2.2126858,1.5431676,-0.4556665
1747679461.517911,0.030934256,0.6529752,-0.12221167,2.2126858,1.5431676,-0.4556665
1747679461.5184438,0.030934256,0.6529752,-0.12221167,2.2126858,1.5431676,-0.4556665
1747679461.5189638,0.030934256,0.6529752,-0.12221167,2.2126858,1.5431676,-0.4556665
1747679461.5194821,0.030934256,0.6529752,-0.12221167,2.2126858,1.5431676,-0.4556665
1747679461.5200002,0.030934256,0.6529752,-0.12221167,2.2126858,1.5431676,-0.4556665
1747679461.5205185,0.030934256,0.6529752,-0.12221167,2.2126858,1.5431676,-0.4556665
1747679461.5210369,0.030934256,0.6529752,-0.12221167,2.2126858,1.5431676,-0.4556665
1747679461.5215595,0.030934256,0.6529752,-0.12221167,2.2126858,1.5431676,-0.4556665
1747679461.5220826,0.00018304294,0.6788452,-0.17834483,2.2126858,1.5431676,-0.4556665
1747679461.5226023,0.00018304294,0.6788452,-0.17834483,2.2126858,1.5431676,-0.4556665
1747679461.5231233,0.00018304294,0.6788452,-0.17834483,2.137052,1.6752602,-0.46312338
1747679461.5236592,0.00018304294,0.6788452,-0.17834483,2.137052,1.6752602,-0.46312338
1747679461.5242057,0.00018304294,0.6788452,-0.17834483,2.137052,1.6752602,-0.46312338
1747679461.5247302,0.00018304294,0.6788452,-0.17834483,2.137052,1.6752602,-0.46312338
1747679461.525249,0.00018304294,0.6788452,-0.17834483,2.137052,1.6752602,-0.46312338
1747679461.525767,0.00018304294,0.6788452,-0.17834483,2.137052,1.6752602,-0.46312338
1747679461.5262852,0.00018304294,0.6788452,-0.17834483,2.137052,1.6752602,-0.46312338
1747679461.5269427,0.00018304294,0.6788452,-0.17834483,2.137052,1.6752602,-0.46312338
1747679461.5275106,0.00018304294,0.6788452,-0.17834483,2.137052,1.6752602,-0.46312338
1747679461.5280766,0.00018304294,0.6788452,-0.17834483,2.137052,1.6752602,-0.46312338
1747679461.5286436,0.00018304294,0.6788452,-0.17834483,2.137052,1.6752602,-0.46312338
1747679461.5292072,0.00018304294,0.6788452,-0.17834483,2.137052,1.6752602,-0.46312338
1747679461.5297425,0.00018304294,0.6788452,-0.17834483,2.137052,1.6752602,-0.46312338
1747679461.5302637,0.00018304294,0.6788452,-0.17834483,2.137052,1.6752602,-0.46312338
1747679461.5307822,0.00018304294,0.6788452,-0.17834483,2.137052,1.6752602,-0.46312338
1747679461.5313008,0.00018304294,0.6788452,-0.17834483,2.137052,1.6752602,-0.46312338
1747679461.5318244,0.00018304294,0.6788452,-0.17834483,2.137052,1.6752602,-0.46312338
1747679461.5323913,0.00018304294,0.6788452,-0.17834483,2.137052,1.6752602,-0.46312338
1747679461.5329409,0.00018304294,0.6788452,-0.17834483,2.137052,1.6752602,-0.46312338
1747679461.533474,0.00018304294,0.6788452,-0.17834483,2.137052,1.6752602,-0.46312338
1747679461.5340097,0.00018304294,0.6788452,-0.17834483,2.137052,1.6752602,-0.46312338
1747679461.5345545,0.00018304294,0.6788452,-0.17834483,2.137052,1.6752602,-0.46312338
1747679461.535079,0.00018304294,0.6788452,-0.17834483,2.137052,1.6752602,-0.46312338
1747679461.535598,0.00018304294,0.6788452,-0.17834483,2.137052,1.6752602,-0.46312338
1747679461.536122,-0.049604636,0.71594197,-0.25009766,2.0283952,1.7998961,-0.4301002
1747679461.536643,-0.049604636,0.71594197,-0.25009766,2.0283952,1.7998961,-0.4301002
1747679461.5371616,-0.049604636,0.71594197,-0.25009766,2.0283952,1.7998961,-0.4301002
1747679461.5376797,-0.049604636,0.71594197,-0.25009766,2.0283952,1.7998961,-0.4301002
1747679461.5381975,-0.049604636,0.71594197,-0.25009766,2.0283952,1.7998961,-0.4301002
1747679461.5387156,-0.049604636,0.71594197,-0.25009766,2.0283952,1.7998961,-0.4301002
1747679461.5392337,-0.049604636,0.71594197,-0.25009766,2.0283952,1.7998961,-0.4301002
1747679461.539752,-0.049604636,0.71594197,-0.25009766,2.0283952,1.7998961,-0.4301002
1747679461.5402699,-0.049604636,0.71594197,-0.25009766,2.0283952,1.7998961,-0.4301002
1747679461.540788,-0.049604636,0.71594197,-0.25009766,2.0283952,1.7998961,-0.4301002
1747679461.541306,-0.049604636,0.71594197,-0.25009766,2.0283952,1.7998961,-0.4301002
1747679461.5418236,-0.049604636,0.71594197,-0.25009766,2.0283952,1.7998961,-0.4301002
1747679461.5423694,-0.049604636,0.71594197,-0.25009766,2.0283952,1.7998961,-0.4301002
1747679461.542915,-0.049604636,0.71594197,-0.25009766,2.0283952,1.7998961,-0.4301002
1747679461.5434482,-0.049604636,0.71594197,-0.25009766,1.9495656,1.7253276,-0.38962018
1747679461.5439696,-0.049604636,0.71594197,-0.25009766,1.9495656,1.7253276,-0.38962018
1747679461.5445075,-0.074498475,0.7564555,-0.29012305,1.9495656,1.7253276,-0.38962018
1747679461.5450532,-0.074498475,0.7564555,-0.29012305,1.9495656,1.7253276,-0.38962018
1747679461.545578,-0.074498475,0.7564555,-0.29012305,1.9495656,1.7253276,-0.38962018
1747679461.5460963,-0.074498475,0.7564555,-0.29012305,1.9495656,1.7253276,-0.38962018
1747679461.5466146,-0.074498475,0.7564555,-0.29012305,1.9495656,1.7253276,-0.38962018
1747679461.547133,-0.074498475,0.7564555,-0.29012305,1.9495656,1.7253276,-0.38962018
1747679461.547655,-0.074498475,0.7564555,-0.29012305,1.9495656,1.7253276,-0.38962018
1747679461.5482059,-0.074498475,0.7564555,-0.29012305,1.9495656,1.7253276,-0.38962018
1747679461.548757,-0.074498475,0.7564555,-0.29012305,1.9495656,1.7253276,-0.38962018
1747679461.5492897,-0.074498475,0.7564555,-0.29012305,1.9495656,1.7253276,-0.38962018
1747679461.5498095,-0.074498475,0.7564555,-0.29012305,1.9495656,1.7253276,-0.38962018
1747679461.550444,-0.074498475,0.7564555,-0.29012305,1.9495656,1.7253276,-0.38962018
1747679461.5509624,-0.074498475,0.7564555,-0.29012305,1.9495656,1.7253276,-0.38962018
1747679461.5514805,-0.074498475,0.7564555,-0.29012305,1.9495656,1.7253276,-0.38962018
1747679461.552,-0.074498475,0.7564555,-0.29012305,1.9495656,1.7253276,-0.38962018
1747679461.552518,-0.074498475,0.7564555,-0.29012305,1.9495656,1.7253276,-0.38962018
1747679461.5530357,-0.074498475,0.7564555,-0.29012305,1.9495656,1.7253276,-0.38962018
1747679461.5535707,-0.074498475,0.7564555,-0.29012305,1.9495656,1.7253276,-0.38962018
1747679461.5541167,-0.074498475,0.7564555,-0.29012305,1.9495656,1.7253276,-0.38962018
1747679461.5546412,-0.074498475,0.7564555,-0.29012305,1.9495656,1.7253276,-0.38962018
1747679461.5551598,-0.074498475,0.7564555,-0.29012305,1.9495656,1.7253276,-0.38962018
1747679461.5556805,-0.074498475,0.7564555,-0.29012305,1.9495656,1.7253276,-0.38962018
1747679461.5562053,-0.07693905,0.7862304,-0.29744476,1.9495656,1.7253276,-0.38962018
1747679461.556726,-0.07693905,0.7862304,-0.29744476,1.9495656,1.7253276,-0.38962018
1747679461.5573516,-0.07693905,0.7862304,-0.29744476,1.8973677,1.5026876,-0.3534012
1747679461.557905,-0.07693905,0.7862304,-0.29744476,1.8973677,1.5026876,-0.3534012
1747679461.5584497,-0.07693905,0.7862304,-0.29744476,1.8973677,1.5026876,-0.3534012
1747679461.5589938,-0.07693905,0.7862304,-0.29744476,1.8973677,1.5026876,-0.3534012
1747679461.5595295,-0.07693905,0.7862304,-0.29744476,1.8973677,1.5026876,-0.3534012
1747679461.560052,-0.07693905,0.7862304,-0.29744476,1.8973677,1.5026876,-0.3534012
1747679461.5605736,-0.07693905,0.7862304,-0.29744476,1.8973677,1.5026876,-0.3534012
1747679461.5610995,-0.07693905,0.7862304,-0.29744476,1.8973677,1.5026876,-0.3534012
1747679461.5616245,-0.07693905,0.7862304,-0.29744476,1.8899108,1.2129358,-0.3416833
1747679461.5621505,-0.07693905,0.7862304,-0.29744476,1.8899108,1.2129358,-0.3416833
1747679461.562676,-0.06912921,0.80233824,-0.3008616,1.8899108,1.2129358,-0.3416833
1747679461.5632012,-0.06912921,0.80233824,-0.3008616,1.8899108,1.2129358,-0.3416833
1747679461.5637717,-0.06912921,0.80233824,-0.3008616,1.8899108,1.2129358,-0.3416833
1747679461.5643294,-0.06912921,0.80233824,-0.3008616,1.8899108,1.2129358,-0.3416833
1747679461.5648823,-0.06912921,0.80233824,-0.3008616,1.8899108,1.2129358,-0.3416833
1747679461.5654178,-0.06912921,0.80233824,-0.3008616,1.8899108,1.2129358,-0.3416833
1747679461.565941,-0.06912921,0.80233824,-0.3008616,1.8899108,1.2129358,-0.3416833
1747679461.5664623,-0.06912921,0.80233824,-0.3008616,1.8899108,1.2129358,-0.3416833
1747679461.5669835,-0.06912921,0.80233824,-0.3008616,1.8899108,1.2129358,-0.3416833
1747679461.5675044,-0.06912921,0.80233824,-0.3008616,1.8899108,1.2129358,-0.3416833
1747679461.5680249,-0.06912921,0.80233824,-0.3008616,1.8899108,1.2129358,-0.3416833
1747679461.5685456,-0.06912921,0.80233824,-0.3008616,1.8899108,1.2129358,-0.3416833
1747679461.5690663,-0.06912921,0.80233824,-0.3008616,1.8899108,1.2129358,-0.3416833
1747679461.5696054,-0.06912921,0.80233824,-0.3008616,1.8899108,1.2129358,-0.3416833
1747679461.570161,-0.062295612,0.81356484,-0.32477918,1.902694,0.9114662,-0.34807488
1747679461.5706868,-0.062295612,0.81356484,-0.32477918,1.902694,0.9114662,-0.34807488
1747679461.5712082,-0.062295612,0.81356484,-0.32477918,1.902694,0.9114662,-0.34807488
1747679461.5717292,-0.062295612,0.81356484,-0.32477918,1.902694,0.9114662,-0.34807488
1747679461.572329,-0.062295612,0.81356484,-0.32477918,1.902694,0.9114662,-0.34807488
1747679461.5728867,-0.062295612,0.81356484,-0.32477918,1.902694,0.9114662,-0.34807488
1747679461.5733988,-0.062295612,0.81356484,-0.32477918,1.902694,0.9114662,-0.34807488
1747679461.5739377,-0.062295612,0.81356484,-0.32477918,1.902694,0.9114662,-0.34807488
1747679461.5744736,-0.062295612,0.81356484,-0.32477918,1.902694,0.9114662,-0.34807488
1747679461.5749986,-0.062295612,0.81356484,-0.32477918,1.902694,0.9114662,-0.34807488
1747679461.5755174,-0.062295612,0.81356484,-0.32477918,1.902694,0.9114662,-0.34807488
1747679461.5760362,-0.062295612,0.81356484,-0.32477918,1.902694,0.9114662,-0.34807488
1747679461.5765548,-0.062295612,0.81356484,-0.32477918,1.902694,0.9114662,-0.34807488
1747679461.5770724,-0.062295612,0.81356484,-0.32477918,1.902694,0.9114662,-0.34807488
1747679461.5775902,-0.062295612,0.81356484,-0.32477918,1.902694,0.9114662,-0.34807488
1747679461.5781083,-0.062295612,0.81356484,-0.32477918,1.902694,0.9114662,-0.34807488
1747679461.5786307,-0.062295612,0.81356484,-0.32477918,1.902694,0.9114662,-0.34807488
1747679461.579185,-0.062295612,0.81356484,-0.32477918,1.902694,0.9114662,-0.34807488
1747679461.579736,-0.0754747,0.8252796,-0.38042423,1.902694,0.9114662,-0.34807488
1747679461.5802615,-0.0754747,0.8252796,-0.38042423,1.902694,0.9114662,-0.34807488
1747679461.5807838,-0.0754747,0.8252796,-0.38042423,1.8973677,0.6856303,-0.35872754
1747679461.5813038,-0.0754747,0.8252796,-0.38042423,1.8973677,0.6856303,-0.35872754
1747679461.581822,-0.0754747,0.8252796,-0.38042423,1.8973677,0.6856303,-0.35872754
1747679461.5823398,-0.0754747,0.8252796,-0.38042423,1.8973677,0.6856303,-0.35872754
1747679461.582858,-0.0754747,0.8252796,-0.38042423,1.8973677,0.6856303,-0.35872754
1747679461.583376,-0.0754747,0.8252796,-0.38042423,1.8973677,0.6856303,-0.35872754
1747679461.583894,-0.0754747,0.8252796,-0.38042423,1.8973677,0.6856303,-0.35872754
1747679461.5844288,-0.0754747,0.8252796,-0.38042423,1.8973677,0.6856303,-0.35872754
1747679461.5849745,-0.0754747,0.8252796,-0.38042423,1.8973677,0.6856303,-0.35872754
1747679461.585499,-0.0754747,0.8252796,-0.38042423,1.8973677,0.6856303,-0.35872754
1747679461.5860178,-0.0754747,0.8252796,-0.38042423,1.8973677,0.6856303,-0.35872754
1747679461.586536,-0.0754747,0.8252796,-0.38042423,1.8973677,0.6856303,-0.35872754
1747679461.5870538,-0.0754747,0.8252796,-0.38042423,1.8973677,0.6856303,-0.35872754
1747679461.587688,-0.0754747,0.8252796,-0.38042423,1.8973677,0.6856303,-0.35872754
1747679461.588251,-0.0754747,0.8252796,-0.38042423,1.8973677,0.6856303,-0.35872754
1747679461.588798,-0.0754747,0.8252796,-0.38042423,1.8973677,0.6856303,-0.35872754
1747679461.5893247,-0.077427156,0.8179579,-0.44436726,1.8973677,0.6856303,-0.35872754
1747679461.5898445,-0.077427156,0.8179579,-0.44436726,1.8973677,0.6856303,-0.35872754
1747679461.5903664,-0.077427156,0.8179579,-0.44436726,1.8547572,0.6217145,-0.35233596
1747679461.590888,-0.077427156,0.8179579,-0.44436726,1.8547572,0.6217145,-0.35233596
1747679461.5914073,-0.077427156,0.8179579,-0.44436726,1.8547572,0.6217145,-0.35233596
1747679461.5919256,-0.077427156,0.8179579,-0.44436726,1.8547572,0.6217145,-0.35233596
1747679461.5924437,-0.077427156,0.8179579,-0.44436726,1.8547572,0.6217145,-0.35233596
1747679461.5929615,-0.077427156,0.8179579,-0.44436726,1.8547572,0.6217145,-0.35233596
1747679461.5934954,-0.077427156,0.8179579,-0.44436726,1.8547572,0.6217145,-0.35233596
1747679461.594034,-0.077427156,0.8179579,-0.44436726,1.8547572,0.6217145,-0.35233596
1747679461.5945613,-0.077427156,0.8179579,-0.44436726,1.8547572,0.6217145,-0.35233596
1747679461.5951118,-0.077427156,0.8179579,-0.44436726,1.8547572,0.6217145,-0.35233596
1747679461.5956619,-0.077427156,0.8179579,-0.44436726,1.8547572,0.6217145,-0.35233596
1747679461.5961945,-0.077427156,0.8179579,-0.44436726,1.8547572,0.6217145,-0.35233596
1747679461.5967145,-0.077427156,0.8179579,-0.44436726,1.8547572,0.6217145,-0.35233596
1747679461.5972328,-0.077427156,0.8179579,-0.44436726,1.8547572,0.6217145,-0.35233596
1747679461.5977514,-0.077427156,0.8179579,-0.44436726,1.8547572,0.6217145,-0.35233596
1747679461.5982697,-0.077427156,0.8179579,-0.44436726,1.8547572,0.6217145,-0.35233596
1747679461.5987883,-0.077427156,0.8179579,-0.44436726,1.8547572,0.6217145,-0.35233596
1747679461.5993059,-0.077427156,0.8179579,-0.44436726,1.8547572,0.6217145,-0.35233596
1747679461.5998244,-0.077427156,0.8179579,-0.44436726,1.8547572,0.6217145,-0.35233596
1747679461.6003425,-0.077427156,0.8179579,-0.44436726,1.8547572,0.6217145,-0.35233596
1747679461.6008604,-0.077427156,0.8179579,-0.44436726,1.8547572,0.6217145,-0.35233596
1747679461.6013784,-0.077427156,0.8179579,-0.44436726,1.8547572,0.6217145,-0.35233596
1747679461.6018965,-0.077427156,0.8179579,-0.44436726,1.8547572,0.6217145,-0.35233596
1747679461.6024146,-0.077427156,0.8179579,-0.44436726,1.8547572,0.6217145,-0.35233596
1747679461.6029673,-0.077427156,0.8179579,-0.44436726,1.8547572,0.6217145,-0.35233596
1747679461.6035228,-0.077427156,0.8179579,-0.44436726,1.8547572,0.6217145,-0.35233596
1747679461.6040676,-0.059855044,0.8164935,-0.5053815,1.7908413,0.64621556,-0.35233596
1747679461.6046076,-0.059855044,0.8164935,-0.5053815,1.7908413,0.64621556,-0.35233596
1747679461.6051302,-0.059855044,0.8164935,-0.5053815,1.7908413,0.64621556,-0.35233596
1747679461.6056488,-0.059855044,0.8164935,-0.5053815,1.7908413,0.64621556,-0.35233596
1747679461.606167,-0.059855044,0.8164935,-0.5053815,1.7908413,0.64621556,-0.35233596
1747679461.6066852,-0.059855044,0.8164935,-0.5053815,1.7908413,0.64621556,-0.35233596
1747679461.6072035,-0.059855044,0.8164935,-0.5053815,1.7908413,0.64621556,-0.35233596
1747679461.6077216,-0.059855044,0.8164935,-0.5053815,1.7908413,0.64621556,-0.35233596
1747679461.60824,-0.059855044,0.8164935,-0.5053815,1.7908413,0.64621556,-0.35233596
1747679461.608758,-0.059855044,0.8164935,-0.5053815,1.7908413,0.64621556,-0.35233596
1747679461.6092758,-0.059855044,0.8164935,-0.5053815,1.7908413,0.64621556,-0.35233596
1747679461.609794,-0.059855044,0.8164935,-0.5053815,1.7908413,0.64621556,-0.35233596
1747679461.6103168,-0.059855044,0.8164935,-0.5053815,1.7908413,0.64621556,-0.35233596
1747679461.6108668,-0.059855044,0.8164935,-0.5053815,1.7908413,0.64621556,-0.35233596
1747679461.6114159,-0.059855044,0.8164935,-0.5053815,1.6736623,0.6771082,-0.38748965
1747679461.611941,-0.059855044,0.8164935,-0.5053815,1.6736623,0.6771082,-0.38748965
1747679461.612463,-0.040818576,0.8423636,-0.5995877,1.6736623,0.6771082,-0.38748965
1747679461.6129827,-0.040818576,0.8423636,-0.5995877,1.6736623,0.6771082,-0.38748965
1747679461.613503,-0.040818576,0.8423636,-0.5995877,1.6736623,0.6771082,-0.38748965
1747679461.6140227,-0.040818576,0.8423636,-0.5995877,1.6736623,0.6771082,-0.38748965
1747679461.6145582,-0.040818576,0.8423636,-0.5995877,1.6736623,0.6771082,-0.38748965
1747679461.6151035,-0.040818576,0.8423636,-0.5995877,1.6736623,0.6771082,-0.38748965
1747679461.615628,-0.040818576,0.8423636,-0.5995877,1.6736623,0.6771082,-0.38748965
1747679461.616147,-0.040818576,0.8423636,-0.5995877,1.6736623,0.6771082,-0.38748965
1747679461.616665,-0.040818576,0.8423636,-0.5995877,1.6736623,0.6771082,-0.38748965
1747679461.617183,-0.040818576,0.8423636,-0.5995877,1.6736623,0.6771082,-0.38748965
1747679461.6177013,-0.040818576,0.8423636,-0.5995877,1.6736623,0.6771082,-0.38748965
1747679461.618276,-0.040818576,0.8423636,-0.5995877,1.6736623,0.6771082,-0.38748965
1747679461.6188319,-0.040818576,0.8423636,-0.5995877,1.6736623,0.6771082,-0.38748965
1747679461.619516,-0.040818576,0.8423636,-0.5995877,1.6736623,0.6771082,-0.38748965
1747679461.6200755,-0.040818576,0.8423636,-0.5995877,1.6736623,0.6771082,-0.38748965
1747679461.620596,-0.040818576,0.8423636,-0.5995877,1.6736623,0.6771082,-0.38748965
1747679461.6211293,-0.040818576,0.8423636,-0.5995877,1.6736623,0.6771082,-0.38748965
1747679461.6216683,-0.040818576,0.8423636,-0.5995877,1.6736623,0.6771082,-0.38748965
1747679461.6221943,-0.040818576,0.8423636,-0.5995877,1.6736623,0.6771082,-0.38748965
1747679461.6227174,-0.02959194,0.8496853,-0.647911,1.5937675,0.6984135,-0.42157808
1747679461.6232374,-0.02959194,0.8496853,-0.647911,1.5937675,0.6984135,-0.42157808
1747679461.6237714,-0.02959194,0.8496853,-0.647911,1.5937675,0.6984135,-0.42157808
1747679461.62431,-0.02959194,0.8496853,-0.647911,1.5937675,0.6984135,-0.42157808
1747679461.6248333,-0.02959194,0.8496853,-0.647911,1.5937675,0.6984135,-0.42157808
1747679461.6253521,-0.02959194,0.8496853,-0.647911,1.5937675,0.6984135,-0.42157808
1747679461.6258707,-0.02959194,0.8496853,-0.647911,1.5937675,0.6984135,-0.42157808
1747679461.626393,-0.02959194,0.8496853,-0.647911,1.5937675,0.6984135,-0.42157808
1747679461.6269429,-0.02959194,0.8496853,-0.647911,1.5937675,0.6984135,-0.42157808
1747679461.6274927,-0.02959194,0.8496853,-0.647911,1.5937675,0.6984135,-0.42157808
1747679461.6280255,-0.02959194,0.8496853,-0.647911,1.5937675,0.6984135,-0.42157808
1747679461.6285453,-0.02959194,0.8496853,-0.647911,1.5937675,0.6984135,-0.42157808
1747679461.6290636,-0.02959194,0.8496853,-0.647911,1.5937675,0.6984135,-0.42157808
1747679461.6295824,-0.02959194,0.8496853,-0.647911,1.5937675,0.6984135,-0.42157808
1747679461.6301005,-0.02959194,0.8496853,-0.647911,1.5937675,0.6984135,-0.42157808
1747679461.6306188,-0.02959194,0.8496853,-0.647911,1.5937675,0.6984135,-0.42157808
1747679461.6311364,-0.02959194,0.8496853,-0.647911,1.5937675,0.6984135,-0.42157808
1747679461.631655,-0.02959194,0.8496853,-0.647911,1.5937675,0.6984135,-0.42157808
1747679461.632173,-0.02959194,0.8496853,-0.647911,1.5937675,0.6984135,-0.42157808
1747679461.6326911,-0.02959194,0.8496853,-0.647911,1.5937675,0.6984135,-0.42157808
1747679461.6332092,-0.02959194,0.8496853,-0.647911,1.5937675,0.6984135,-0.42157808
1747679461.6337543,-0.018365309,0.84724474,-0.7191757,1.4382391,0.7356977,-0.50466865
1747679461.6343043,-0.018365309,0.84724474,-0.7191757,1.4382391,0.7356977,-0.50466865
1747679461.6348412,-0.018365309,0.84724474,-0.7191757,1.4382391,0.7356977,-0.50466865
1747679461.6353655,-0.018365309,0.84724474,-0.7191757,1.4382391,0.7356977,-0.50466865
1747679461.6358843,-0.018365309,0.84724474,-0.7191757,1.4382391,0.7356977,-0.50466865
1747679461.6364026,-0.018365309,0.84724474,-0.7191757,1.4382391,0.7356977,-0.50466865
1747679461.636921,-0.018365309,0.84724474,-0.7191757,1.4382391,0.7356977,-0.50466865
1747679461.6374853,-0.018365309,0.84724474,-0.7191757,1.4382391,0.7356977,-0.50466865
1747679461.638005,-0.018365309,0.84724474,-0.7191757,1.4382391,0.7356977,-0.50466865
1747679461.638523,-0.018365309,0.84724474,-0.7191757,1.4382391,0.7356977,-0.50466865
1747679461.639041,-0.018365309,0.84724474,-0.7191757,1.4382391,0.7356977,-0.50466865
1747679461.639559,-0.018365309,0.84724474,-0.7191757,1.4382391,0.7356977,-0.50466865
1747679461.6400766,-0.018365309,0.84724474,-0.7191757,1.4382391,0.7356977,-0.50466865
1747679461.6405942,-0.018365309,0.84724474,-0.7191757,1.4382391,0.7356977,-0.50466865
1747679461.6411166,-0.018365309,0.84724474,-0.7191757,1.4382391,0.7356977,-0.50466865
1747679461.641667,-0.018365309,0.84724474,-0.7191757,1.4382391,0.7356977,-0.50466865
1747679461.6422157,-0.018365309,0.84724474,-0.7191757,1.4382391,0.7356977,-0.50466865
1747679461.6427495,-0.018365309,0.84724474,-0.7191757,1.4382391,0.7356977,-0.50466865
1747679461.643273,-0.018365309,0.84724474,-0.7191757,1.2145337,0.68456507,-0.64208764
1747679461.6438127,-0.04472349,0.83113694,-0.79044044,1.2145337,0.68456507,-0.64208764
1747679461.6443584,-0.04472349,0.83113694,-0.79044044,1.2145337,0.68456507,-0.64208764
1747679461.6448832,-0.04472349,0.83113694,-0.79044044,1.2145337,0.68456507,-0.64208764
1747679461.6454024,-0.04472349,0.83113694,-0.79044044,1.2145337,0.68456507,-0.64208764
1747679461.645921,-0.04472349,0.83113694,-0.79044044,1.2145337,0.68456507,-0.64208764
1747679461.6464393,-0.04472349,0.83113694,-0.79044044,1.2145337,0.68456507,-0.64208764
1747679461.6469576,-0.04472349,0.83113694,-0.79044044,1.2145337,0.68456507,-0.64208764
1747679461.6474752,-0.04472349,0.83113694,-0.79044044,1.2145337,0.68456507,-0.64208764
1747679461.647993,-0.04472349,0.83113694,-0.79044044,1.2145337,0.68456507,-0.64208764
1747679461.648624,-0.04472349,0.83113694,-0.79044044,1.2145337,0.68456507,-0.64208764
1747679461.6491795,-0.04472349,0.83113694,-0.79044044,1.2145337,0.68456507,-0.64208764
1747679461.6498182,-0.04472349,0.83113694,-0.79044044,1.2145337,0.68456507,-0.64208764
1747679461.6503649,-0.04472349,0.83113694,-0.79044044,1.2145337,0.68456507,-0.64208764
1747679461.6508975,-0.04472349,0.83113694,-0.79044044,1.2145337,0.68456507,-0.64208764
1747679461.651417,-0.04472349,0.83113694,-0.79044044,1.2145337,0.68456507,-0.64208764
1747679461.651936,-0.04472349,0.83113694,-0.79044044,1.2145337,0.68456507,-0.64208764
1747679461.652476,-0.04472349,0.83113694,-0.79044044,1.2145337,0.68456507,-0.64208764
1747679461.653023,-0.04472349,0.83113694,-0.79044044,1.2145337,0.68456507,-0.64208764
1747679461.6535492,-0.04472349,0.83113694,-0.79044044,1.0323737,0.547146,-0.74754876
1747679461.6540837,-0.04472349,0.83113694,-0.79044044,1.0323737,0.547146,-0.74754876
1747679461.6546211,-0.108666494,0.8077075,-0.792881,1.0323737,0.547146,-0.74754876
1747679461.6551433,-0.108666494,0.8077075,-0.792881,1.0323737,0.547146,-0.74754876
1747679461.6556616,-0.108666494,0.8077075,-0.792881,1.0323737,0.547146,-0.74754876
1747679461.6561801,-0.108666494,0.8077075,-0.792881,1.0323737,0.547146,-0.74754876
1747679461.6567028,-0.108666494,0.8077075,-0.792881,1.0323737,0.547146,-0.74754876
1747679461.6572526,-0.108666494,0.8077075,-0.792881,1.0323737,0.547146,-0.74754876
1747679461.6578047,-0.108666494,0.8077075,-0.792881,1.0323737,0.547146,-0.74754876
1747679461.6583405,-0.108666494,0.8077075,-0.792881,1.0323737,0.547146,-0.74754876
1747679461.6588626,-0.108666494,0.8077075,-0.792881,1.0323737,0.547146,-0.74754876
1747679461.659387,-0.108666494,0.8077075,-0.792881,1.0323737,0.547146,-0.74754876
1747679461.6599095,-0.108666494,0.8077075,-0.792881,1.0323737,0.547146,-0.74754876
1747679461.6604443,-0.108666494,0.8077075,-0.792881,1.0323737,0.547146,-0.74754876
1747679461.6610065,-0.108666494,0.8077075,-0.792881,1.0323737,0.547146,-0.74754876
1747679461.66155,-0.108666494,0.8077075,-0.792881,1.0323737,0.547146,-0.74754876
1747679461.662076,-0.108666494,0.8077075,-0.792881,1.0323737,0.547146,-0.74754876
1747679461.6625974,-0.108666494,0.8077075,-0.792881,1.0323737,0.547146,-0.74754876
1747679461.6631186,-0.108666494,0.8077075,-0.792881,1.0323737,0.547146,-0.74754876
1747679461.6636562,-0.108666494,0.8077075,-0.792881,1.0323737,0.547146,-0.74754876
1747679461.6641972,-0.108666494,0.8077075,-0.792881,1.0323737,0.547146,-0.74754876
1747679461.664734,-0.108666494,0.8077075,-0.792881,1.0323737,0.547146,-0.74754876
1747679461.6652591,-0.108666494,0.8077075,-0.792881,1.0323737,0.547146,-0.74754876
1747679461.6657913,-0.108666494,0.8077075,-0.792881,1.0323737,0.547146,-0.74754876
1747679461.6663363,-0.18041931,0.7667059,-0.78555924,0.8811062,0.32237542,-0.80720353
1747679461.6668606,-0.18041931,0.7667059,-0.78555924,0.8811062,0.32237542,-0.80720353
1747679461.6673849,-0.18041931,0.7667059,-0.78555924,0.8811062,0.32237542,-0.80720353
1747679461.6679115,-0.18041931,0.7667059,-0.78555924,0.7649925,0.08695214,-0.83809614
1747679461.6684363,-0.18041931,0.7667059,-0.78555924,0.7649925,0.08695214,-0.83809614
1747679461.6689615,-0.2604701,0.7237518,-0.7518794,0.7649925,0.08695214,-0.83809614
1747679461.6694858,-0.2604701,0.7237518,-0.7518794,0.7649925,0.08695214,-0.83809614
1747679461.6700082,-0.2604701,0.7237518,-0.7518794,0.7649925,0.08695214,-0.83809614
1747679461.6705287,-0.2604701,0.7237518,-0.7518794,0.7649925,0.08695214,-0.83809614
1747679461.6710498,-0.2604701,0.7237518,-0.7518794,0.7649925,0.08695214,-0.83809614
1747679461.6715705,-0.2604701,0.7237518,-0.7518794,0.7649925,0.08695214,-0.83809614
1747679461.6720915,-0.2604701,0.7237518,-0.7518794,0.7649925,0.08695214,-0.83809614
1747679461.672618,-0.2604701,0.7237518,-0.7518794,0.7649925,0.08695214,-0.83809614
1747679461.6732001,-0.2604701,0.7237518,-0.7518794,0.7649925,0.08695214,-0.83809614
1747679461.6737225,-0.2604701,0.7237518,-0.7518794,0.7649925,0.08695214,-0.83809614
1747679461.6742687,-0.2604701,0.7237518,-0.7518794,0.7649925,0.08695214,-0.83809614
1747679461.6747932,-0.2604701,0.7237518,-0.7518794,0.7649925,0.08695214,-0.83809614
1747679461.675312,-0.2604701,0.7237518,-0.7518794,0.7649925,0.08695214,-0.83809614
1747679461.6758306,-0.2604701,0.7237518,-0.7518794,0.7649925,0.08695214,-0.83809614
1747679461.676349,-0.2604701,0.7237518,-0.7518794,0.7649925,0.08695214,-0.83809614
1747679461.676867,-0.2604701,0.7237518,-0.7518794,0.7649925,0.08695214,-0.83809614
1747679461.6773856,-0.2604701,0.7237518,-0.7518794,0.7649925,0.08695214,-0.83809614
1747679461.6779032,-0.2604701,0.7237518,-0.7518794,0.7649925,0.08695214,-0.83809614
1747679461.678421,-0.2604701,0.7237518,-0.7518794,0.7649925,0.08695214,-0.83809614
1747679461.6790493,-0.2604701,0.7237518,-0.7518794,0.7649925,0.08695214,-0.83809614
1747679461.6796167,-0.2604701,0.7237518,-0.7518794,0.7649925,0.08695214,-0.83809614
1747679461.6801946,-0.2604701,0.7237518,-0.7518794,0.7649925,0.08695214,-0.83809614
1747679461.6807394,-0.2604701,0.7237518,-0.7518794,0.7649925,0.08695214,-0.83809614
1747679461.6812723,-0.2604701,0.7237518,-0.7518794,0.7649925,0.08695214,-0.83809614
1747679461.6817956,-0.35028318,0.6925124,-0.73772407,0.68403244,-0.07390267,-0.80933404
1747679461.6823163,-0.35028318,0.6925124,-0.73772407,0.68403244,-0.07390267,-0.80933404
1747679461.6828365,-0.35028318,0.6925124,-0.73772407,0.68403244,-0.07390267,-0.80933404
1747679461.683356,-0.35028318,0.6925124,-0.73772407,0.68403244,-0.07390267,-0.80933404
1747679461.6838915,-0.35028318,0.6925124,-0.73772407,0.68403244,-0.07390267,-0.80933404
1747679461.6844368,-0.35028318,0.6925124,-0.73772407,0.68403244,-0.07390267,-0.80933404
1747679461.6849608,-0.35028318,0.6925124,-0.73772407,0.68403244,-0.07390267,-0.80933404
1747679461.6854794,-0.35028318,0.6925124,-0.73772407,0.68403244,-0.07390267,-0.80933404
1747679461.6859972,-0.35028318,0.6925124,-0.73772407,0.68403244,-0.07390267,-0.80933404
1747679461.686515,-0.35028318,0.6925124,-0.73772407,0.68403244,-0.07390267,-0.80933404
1747679461.6870325,-0.35028318,0.6925124,-0.73772407,0.68403244,-0.07390267,-0.80933404
1747679461.6875503,-0.35028318,0.6925124,-0.73772407,0.68403244,-0.07390267,-0.80933404
1747679461.6880682,-0.35028318,0.6925124,-0.73772407,0.68403244,-0.07390267,-0.80933404
1747679461.68859,-0.35028318,0.6925124,-0.73772407,0.68403244,-0.07390267,-0.80933404
1747679461.6892014,-0.35028318,0.6925124,-0.73772407,0.68403244,-0.07390267,-0.80933404
1747679461.6897507,-0.35028318,0.6925124,-0.73772407,0.68403244,-0.07390267,-0.80933404
1747679461.6902864,-0.35028318,0.6925124,-0.73772407,0.68403244,-0.07390267,-0.80933404
1747679461.6908095,-0.35028318,0.6925124,-0.73772407,0.68403244,-0.07390267,-0.80933404
1747679461.6913354,-0.4357032,0.66517806,-0.7435814,0.68403244,-0.07390267,-0.80933404
1747679461.6918674,-0.4357032,0.66517806,-0.7435814,0.60413766,-0.14953639,-0.72943926
1747679461.692395,-0.4357032,0.66517806,-0.7435814,0.60413766,-0.14953639,-0.72943926
1747679461.6929162,-0.4357032,0.66517806,-0.7435814,0.60413766,-0.14953639,-0.72943926
1747679461.6934347,-0.4357032,0.66517806,-0.7435814,0.60413766,-0.14953639,-0.72943926
1747679461.6939673,-0.4357032,0.66517806,-0.7435814,0.60413766,-0.14953639,-0.72943926
1747679461.6945188,-0.4357032,0.66517806,-0.7435814,0.60413766,-0.14953639,-0.72943926
1747679461.695056,-0.4357032,0.66517806,-0.7435814,0.60413766,-0.14953639,-0.72943926
1747679461.6955802,-0.4357032,0.66517806,-0.7435814,0.60413766,-0.14953639,-0.72943926
1747679461.6960993,-0.4357032,0.66517806,-0.7435814,0.60413766,-0.14953639,-0.72943926
1747679461.6966183,-0.4357032,0.66517806,-0.7435814,0.60413766,-0.14953639,-0.72943926
1747679461.6971364,-0.4357032,0.66517806,-0.7435814,0.60413766,-0.14953639,-0.72943926
1747679461.6976597,-0.4357032,0.66517806,-0.7435814,0.60413766,-0.14953639,-0.72943926
1747679461.698178,-0.4357032,0.66517806,-0.7435814,0.60413766,-0.14953639,-0.72943926
1747679461.698696,-0.4357032,0.66517806,-0.7435814,0.60413766,-0.14953639,-0.72943926
1747679461.6992137,-0.4357032,0.66517806,-0.7435814,0.60413766,-0.14953639,-0.72943926
1747679461.6997364,-0.48500276,0.6573682,-0.75871295,0.60413766,-0.14953639,-0.72943926
1747679461.7002585,-0.48500276,0.6573682,-0.75871295,0.60413766,-0.14953639,-0.72943926
1747679461.7007825,-0.48500276,0.6573682,-0.75871295,0.52211237,-0.14101428,-0.61652136
1747679461.7013025,-0.48500276,0.6573682,-0.75871295,0.52211237,-0.14101428,-0.61652136
1747679461.7018206,-0.48500276,0.6573682,-0.75871295,0.52211237,-0.14101428,-0.61652136
1747679461.7023392,-0.48500276,0.6573682,-0.75871295,0.52211237,-0.14101428,-0.61652136
1747679461.7028573,-0.48500276,0.6573682,-0.75871295,0.52211237,-0.14101428,-0.61652136
1747679461.7033796,-0.48500276,0.6573682,-0.75871295,0.52211237,-0.14101428,-0.61652136
1747679461.703931,-0.48500276,0.6573682,-0.75871295,0.52211237,-0.14101428,-0.61652136
1747679461.7045243,-0.48500276,0.6573682,-0.75871295,0.52211237,-0.14101428,-0.61652136
1747679461.7050736,-0.48500276,0.6573682,-0.75871295,0.52211237,-0.14101428,-0.61652136
1747679461.7056065,-0.48500276,0.6573682,-0.75871295,0.52211237,-0.14101428,-0.61652136
1747679461.706126,-0.48500276,0.6573682,-0.75871295,0.52211237,-0.14101428,-0.61652136
1747679461.7066448,-0.48500276,0.6573682,-0.75871295,0.52211237,-0.14101428,-0.61652136
1747679461.7071633,-0.48500276,0.6573682,-0.75871295,0.52211237,-0.14101428,-0.61652136
1747679461.7076814,-0.48500276,0.6573682,-0.75871295,0.52211237,-0.14101428,-0.61652136
1747679461.7082,-0.48500276,0.6573682,-0.75871295,0.52211237,-0.14101428,-0.61652136
1747679461.708718,-0.48500276,0.6573682,-0.75871295,0.52211237,-0.14101428,-0.61652136
1747679461.709398,-0.48500276,0.6573682,-0.75871295,0.52211237,-0.14101428,-0.61652136
1747679461.7100558,-0.48500276,0.6573682,-0.75871295,0.43156493,-0.06751108,-0.4854939
1747679461.7105975,-0.48500276,0.6573682,-0.75871295,0.43156493,-0.06751108,-0.4854939
1747679461.7111313,-0.5147778,0.65102273,-0.80752444,0.43156493,-0.06751108,-0.4854939
1747679461.7116525,-0.5147778,0.65102273,-0.80752444,0.43156493,-0.06751108,-0.4854939
1747679461.712171,-0.5147778,0.65102273,-0.80752444,0.43156493,-0.06751108,-0.4854939
1747679461.7126892,-0.5147778,0.65102273,-0.80752444,0.43156493,-0.06751108,-0.4854939
1747679461.713207,-0.5147778,0.65102273,-0.80752444,0.43156493,-0.06751108,-0.4854939
1747679461.7137408,-0.5147778,0.65102273,-0.80752444,0.43156493,-0.06751108,-0.4854939
1747679461.7142801,-0.5147778,0.65102273,-0.80752444,0.43156493,-0.06751108,-0.4854939
1747679461.714803,-0.5147778,0.65102273,-0.80752444,0.43156493,-0.06751108,-0.4854939
1747679461.715321,-0.5147778,0.65102273,-0.80752444,0.43156493,-0.06751108,-0.4854939
1747679461.7158394,-0.5147778,0.65102273,-0.80752444,0.43156493,-0.06751108,-0.4854939
1747679461.716358,-0.5147778,0.65102273,-0.80752444,0.43156493,-0.06751108,-0.4854939
1747679461.7168758,-0.5147778,0.65102273,-0.80752444,0.43156493,-0.06751108,-0.4854939
1747679461.7173936,-0.5147778,0.65102273,-0.80752444,0.43156493,-0.06751108,-0.4854939
1747679461.7179124,-0.5147778,0.65102273,-0.80752444,0.43156493,-0.06751108,-0.4854939
1747679461.7184305,-0.5147778,0.65102273,-0.80752444,0.43156493,-0.06751108,-0.4854939
1747679461.7189531,-0.5147778,0.65102273,-0.80752444,0.43156493,-0.06751108,-0.4854939
1747679461.7195036,-0.5147778,0.65102273,-0.80752444,0.43156493,-0.06751108,-0.4854939
1747679461.7200565,-0.5147778,0.65102273,-0.80752444,0.43156493,-0.06751108,-0.4854939
1747679461.7205894,-0.5147778,0.65102273,-0.80752444,0.43156493,-0.06751108,-0.4854939
1747679461.7211092,-0.5147778,0.65102273,-0.80752444,0.43156493,-0.06751108,-0.4854939
1747679461.7216318,-0.5147778,0.65102273,-0.80752444,0.43156493,-0.06751108,-0.4854939
1747679461.7221518,-0.5147778,0.65102273,-0.80752444,0.43156493,-0.06751108,-0.4854939
1747679461.7227035,-0.5147778,0.65102273,-0.80752444,0.43156493,-0.06751108,-0.4854939
1747679461.7232533,-0.5147778,0.6534633,-0.8880633,0.43156493,-0.06751108,-0.4854939
1747679461.7237937,-0.5147778,0.6534633,-0.8880633,0.29947224,-0.00785632,-0.3651191
1747679461.7243745,-0.5147778,0.6534633,-0.8880633,0.29947224,-0.00785632,-0.3651191
1747679461.7249212,-0.5147778,0.6534633,-0.8880633,0.29947224,-0.00785632,-0.3651191
1747679461.7254467,-0.5147778,0.6534633,-0.8880633,0.29947224,-0.00785632,-0.3651191
1747679461.7259655,-0.5147778,0.6534633,-0.8880633,0.29947224,-0.00785632,-0.3651191
1747679461.7264838,-0.5147778,0.6534633,-0.8880633,0.29947224,-0.00785632,-0.3651191
1747679461.727002,-0.5147778,0.6534633,-0.8880633,0.29947224,-0.00785632,-0.3651191
1747679461.72752,-0.5147778,0.6534633,-0.8880633,0.29947224,-0.00785632,-0.3651191
1747679461.728038,-0.5147778,0.6534633,-0.8880633,0.29947224,-0.00785632,-0.3651191
1747679461.7285564,-0.5147778,0.6534633,-0.8880633,0.29947224,-0.00785632,-0.3651191
1747679461.7290745,-0.5147778,0.6534633,-0.8880633,0.29947224,-0.00785632,-0.3651191
1747679461.7295926,-0.5147778,0.6534633,-0.8880633,0.29947224,-0.00785632,-0.3651191
1747679461.7301106,-0.5147778,0.6534633,-0.8880633,0.29947224,-0.00785632,-0.3651191
1747679461.7306285,-0.5147778,0.6534633,-0.8880633,0.29947224,-0.00785632,-0.3651191
1747679461.7311513,-0.50843227,0.6646899,-0.92711246,0.29947224,-0.00785632,-0.3651191
1747679461.7316737,-0.50843227,0.6646899,-0.92711246,0.19614168,-0.014247901,-0.30866015
1747679461.732193,-0.50843227,0.6646899,-0.92711246,0.19614168,-0.014247901,-0.30866015
1747679461.7327142,-0.50843227,0.6646899,-0.92711246,0.19614168,-0.014247901,-0.30866015
1747679461.7332337,-0.50843227,0.6646899,-0.92711246,0.19614168,-0.014247901,-0.30866015
1747679461.733752,-0.50843227,0.6646899,-0.92711246,0.19614168,-0.014247901,-0.30866015
1747679461.734286,-0.50843227,0.6646899,-0.92711246,0.19614168,-0.014247901,-0.30866015
1747679461.7348282,-0.50843227,0.6646899,-0.92711246,0.19614168,-0.014247901,-0.30866015
1747679461.7353837,-0.50843227,0.6646899,-0.92711246,0.19614168,-0.014247901,-0.30866015
1747679461.735933,-0.50843227,0.6646899,-0.92711246,0.19614168,-0.014247901,-0.30866015
1747679461.7364662,-0.50843227,0.6646899,-0.92711246,0.19614168,-0.014247901,-0.30866015
1747679461.7369854,-0.50843227,0.6646899,-0.92711246,0.19614168,-0.014247901,-0.30866015
1747679461.7375042,-0.50843227,0.6646899,-0.92711246,0.19614168,-0.014247901,-0.30866015
1747679461.7380223,-0.50843227,0.6646899,-0.92711246,0.19614168,-0.014247901,-0.30866015
1747679461.738541,-0.50843227,0.6646899,-0.92711246,0.19614168,-0.014247901,-0.30866015
1747679461.7390592,-0.50843227,0.6646899,-0.92711246,0.19614168,-0.014247901,-0.30866015
1747679461.7396917,-0.50843227,0.6646899,-0.92711246,0.19614168,-0.014247901,-0.30866015
1747679461.7402418,-0.50843227,0.6646899,-0.92711246,0.19614168,-0.014247901,-0.30866015
1747679461.740785,-0.50843227,0.6646899,-0.92711246,0.19614168,-0.014247901,-0.30866015
1747679461.741326,-0.50843227,0.6646899,-0.92711246,0.19614168,-0.014247901,-0.30866015
1747679461.741863,-0.52502817,0.6886075,-0.9910555,-0.064847924,-0.09840373,-0.21917799
1747679461.7423842,-0.52502817,0.6886075,-0.9910555,-0.064847924,-0.09840373,-0.21917799
1747679461.7429025,-0.52502817,0.6886075,-0.9910555,-0.064847924,-0.09840373,-0.21917799
1747679461.7434378,-0.52502817,0.6886075,-0.9910555,-0.064847924,-0.09840373,-0.21917799
1747679461.7439833,-0.52502817,0.6886075,-0.9910555,-0.064847924,-0.09840373,-0.21917799
1747679461.7445078,-0.52502817,0.6886075,-0.9910555,-0.064847924,-0.09840373,-0.21917799
1747679461.7450264,-0.52502817,0.6886075,-0.9910555,-0.064847924,-0.09840373,-0.21917799
1747679461.7455447,-0.52502817,0.6886075,-0.9910555,-0.064847924,-0.09840373,-0.21917799
1747679461.746063,-0.52502817,0.6886075,-0.9910555,-0.064847924,-0.09840373,-0.21917799
1747679461.746581,-0.52502817,0.6886075,-0.9910555,-0.064847924,-0.09840373,-0.21917799
1747679461.7470992,-0.52502817,0.6886075,-0.9910555,-0.064847924,-0.09840373,-0.21917799
1747679461.747617,-0.52502817,0.6886075,-0.9910555,-0.064847924,-0.09840373,-0.21917799
1747679461.7481349,-0.52502817,0.6886075,-0.9910555,-0.064847924,-0.09840373,-0.21917799
1747679461.7486532,-0.52502817,0.6886075,-0.9910555,-0.064847924,-0.09840373,-0.21917799
1747679461.749171,-0.52502817,0.6886075,-0.9910555,-0.064847924,-0.09840373,-0.21917799
1747679461.7496886,-0.52502817,0.6886075,-0.9910555,-0.064847924,-0.09840373,-0.21917799
1747679461.7502067,-0.52502817,0.6886075,-0.9910555,-0.064847924,-0.09840373,-0.21917799
1747679461.7507284,-0.52502817,0.6886075,-0.9910555,-0.064847924,-0.09840373,-0.21917799
1747679461.751279,-0.52502817,0.6886075,-0.9910555,-0.064847924,-0.09840373,-0.21917799
1747679461.7518284,-0.52502817,0.6886075,-0.9910555,-0.064847924,-0.09840373,-0.21917799
1747679461.7523615,-0.52502817,0.6886075,-0.9910555,-0.064847924,-0.09840373,-0.21917799
1747679461.7528808,-0.52502817,0.6886075,-0.9910555,-0.064847924,-0.09840373,-0.21917799
1747679461.753404,-0.52502817,0.6886075,-0.9910555,-0.39507964,-0.216648,-0.10626005
1747679461.7540019,-0.52502817,0.6886075,-0.9910555,-0.39507964,-0.216648,-0.10626005
1747679461.754542,-0.55431503,0.69641733,-1.023271,-0.39507964,-0.216648,-0.10626005
1747679461.7550702,-0.55431503,0.69641733,-1.023271,-0.39507964,-0.216648,-0.10626005
1747679461.7555952,-0.55431503,0.69641733,-1.023271,-0.39507964,-0.216648,-0.10626005
1747679461.7561147,-0.55431503,0.69641733,-1.023271,-0.39507964,-0.216648,-0.10626005
1747679461.756633,-0.55431503,0.69641733,-1.023271,-0.39507964,-0.216648,-0.10626005
1747679461.7571511,-0.55431503,0.69641733,-1.023271,-0.39507964,-0.216648,-0.10626005
1747679461.7576694,-0.55431503,0.69641733,-1.023271,-0.39507964,-0.216648,-0.10626005
1747679461.7581902,-0.55431503,0.69641733,-1.023271,-0.39507964,-0.216648,-0.10626005
1747679461.7587113,-0.55431503,0.69641733,-1.023271,-0.39507964,-0.216648,-0.10626005
1747679461.759232,-0.55431503,0.69641733,-1.023271,-0.39507964,-0.216648,-0.10626005
1747679461.7598069,-0.55431503,0.69641733,-1.023271,-0.39507964,-0.216648,-0.10626005
1747679461.7603483,-0.55431503,0.69641733,-1.023271,-0.39507964,-0.216648,-0.10626005
1747679461.7608929,-0.567006,0.69641733,-1.0027702,-0.7103977,-0.30826068,0.0023968432
1747679461.7614315,-0.567006,0.69641733,-1.0027702,-0.7103977,-0.30826068,0.0023968432
1747679461.7619677,-0.567006,0.69641733,-1.0027702,-0.7103977,-0.30826068,0.0023968432
1747679461.7625031,-0.567006,0.69641733,-1.0027702,-0.7103977,-0.30826068,0.0023968432
1747679461.7630365,-0.567006,0.69641733,-1.0027702,-0.7103977,-0.30826068,0.0023968432
1747679461.7635715,-0.567006,0.69641733,-1.0027702,-0.7103977,-0.30826068,0.0023968432
1747679461.7641115,-0.567006,0.69641733,-1.0027702,-0.7103977,-0.30826068,0.0023968432
1747679461.7646527,-0.567006,0.69641733,-1.0027702,-0.7103977,-0.30826068,0.0023968432
1747679461.7651932,-0.567006,0.69641733,-1.0027702,-0.7103977,-0.30826068,0.0023968432
1747679461.765729,-0.567006,0.69641733,-1.0027702,-0.7103977,-0.30826068,0.0023968432
1747679461.7662652,-0.567006,0.69641733,-1.0027702,-0.7103977,-0.30826068,0.0023968432
1747679461.7668018,-0.567006,0.69641733,-1.0027702,-0.7103977,-0.30826068,0.0023968432
1747679461.76736,-0.567006,0.69641733,-1.0027702,-0.7103977,-0.30826068,0.0023968432
1747679461.767914,-0.567006,0.69641733,-1.0027702,-0.7103977,-0.30826068,0.0023968432
1747679461.7684681,-0.567006,0.69641733,-1.0027702,-0.7103977,-0.30826068,0.0023968432
1747679461.7690094,-0.567006,0.69641733,-1.0027702,-0.7103977,-0.30826068,0.0023968432
1747679461.7695475,-0.567006,0.69641733,-1.0027702,-0.7103977,-0.30826068,0.0023968432
1747679461.7702014,-0.5577318,0.6978817,-0.9144215,-0.7103977,-0.30826068,0.0023968432
1747679461.7707596,-0.5577318,0.6978817,-0.9144215,-0.7103977,-0.30826068,0.0023968432
1747679461.7713072,-0.5577318,0.6978817,-0.9144215,-0.7103977,-0.30826068,0.0023968432
1747679461.7718546,-0.5577318,0.6978817,-0.9144215,-1.0235852,-0.3956123,0.12596743
1747679461.772393,-0.5577318,0.6978817,-0.9144215,-1.0235852,-0.3956123,0.12596743
1747679461.7729292,-0.5577318,0.6978817,-0.9144215,-1.0235852,-0.3956123,0.12596743
1747679461.7734632,-0.5577318,0.6978817,-0.9144215,-1.0235852,-0.3956123,0.12596743
1747679461.7739763,-0.5577318,0.6978817,-0.9144215,-1.0235852,-0.3956123,0.12596743
1747679461.7745132,-0.5577318,0.6978817,-0.9144215,-1.0235852,-0.3956123,0.12596743
1747679461.775071,-0.5577318,0.6978817,-0.9144215,-1.0235852,-0.3956123,0.12596743
1747679461.7755973,-0.5577318,0.6978817,-0.9144215,-1.0235852,-0.3956123,0.12596743
1747679461.776117,-0.5577318,0.6978817,-0.9144215,-1.0235852,-0.3956123,0.12596743
1747679461.7766352,-0.5577318,0.6978817,-0.9144215,-1.0235852,-0.3956123,0.12596743
1747679461.7771533,-0.5577318,0.6978817,-0.9144215,-1.0235852,-0.3956123,0.12596743
1747679461.7776716,-0.5577318,0.6978817,-0.9144215,-1.0235852,-0.3956123,0.12596743
1747679461.77819,-0.5577318,0.6978817,-0.9144215,-1.0235852,-0.3956123,0.12596743
1747679461.7787077,-0.5577318,0.6978817,-0.9144215,-1.0235852,-0.3956123,0.12596743
1747679461.7792258,-0.5577318,0.6978817,-0.9144215,-1.0235852,-0.3956123,0.12596743
1747679461.779744,-0.5577318,0.6978817,-0.9144215,-1.0235852,-0.3956123,0.12596743
1747679461.780262,-0.5577318,0.6978817,-0.9144215,-1.0235852,-0.3956123,0.12596743
1747679461.7807844,-0.5577318,0.6978817,-0.9144215,-1.3186632,-0.471246,0.26764748
1747679461.7813046,-0.5577318,0.6978817,-0.9144215,-1.3186632,-0.471246,0.26764748
1747679461.7818322,-0.52454007,0.69739354,-0.7343072,-1.3186632,-0.471246,0.26764748
1747679461.7823853,-0.52454007,0.69739354,-0.7343072,-1.3186632,-0.471246,0.26764748
1747679461.782934,-0.52454007,0.69739354,-0.7343072,-1.3186632,-0.471246,0.26764748
1747679461.7834668,-0.52454007,0.69739354,-0.7343072,-1.3186632,-0.471246,0.26764748
1747679461.784003,-0.52454007,0.69739354,-0.7343072,-1.3186632,-0.471246,0.26764748
1747679461.7845492,-0.52454007,0.69739354,-0.7343072,-1.3186632,-0.471246,0.26764748
1747679461.785074,-0.52454007,0.69739354,-0.7343072,-1.3186632,-0.471246,0.26764748
1747679461.7856145,-0.52454007,0.69739354,-0.7343072,-1.3186632,-0.471246,0.26764748
1747679461.7861612,-0.52454007,0.69739354,-0.7343072,-1.3186632,-0.471246,0.26764748
1747679461.7866871,-0.52454007,0.69739354,-0.7343072,-1.3186632,-0.471246,0.26764748
1747679461.7872062,-0.52454007,0.69739354,-0.7343072,-1.3186632,-0.471246,0.26764748
1747679461.7877245,-0.52454007,0.69739354,-0.7343072,-1.3186632,-0.471246,0.26764748
1747679461.7882423,-0.52454007,0.69739354,-0.7343072,-1.3186632,-0.471246,0.26764748
1747679461.7887607,-0.52454007,0.69739354,-0.7343072,-1.3186632,-0.471246,0.26764748
1747679461.7892787,-0.52454007,0.69739354,-0.7343072,-1.3186632,-0.471246,0.26764748
1747679461.789797,-0.52454007,0.69739354,-0.7343072,-1.3186632,-0.471246,0.26764748
1747679461.7903152,-0.52454007,0.69739354,-0.7343072,-1.3186632,-0.471246,0.26764748
1747679461.790839,-0.49915808,0.6920243,-0.6156954,-1.4411685,-0.49042076,0.35712963
1747679461.7913597,-0.49915808,0.6920243,-0.6156954,-1.4411685,-0.49042076,0.35712963
1747679461.791878,-0.49915808,0.6920243,-0.6156954,-1.4411685,-0.49042076,0.35712963
1747679461.7923963,-0.49915808,0.6920243,-0.6156954,-1.4411685,-0.49042076,0.35712963
1747679461.7929144,-0.49915808,0.6920243,-0.6156954,-1.4411685,-0.49042076,0.35712963
1747679461.7934325,-0.49915808,0.6920243,-0.6156954,-1.4411685,-0.49042076,0.35712963
1747679461.7939503,-0.49915808,0.6920243,-0.6156954,-1.4411685,-0.49042076,0.35712963
1747679461.7944863,-0.49915808,0.6920243,-0.6156954,-1.4411685,-0.49042076,0.35712963
1747679461.7950318,-0.49915808,0.6920243,-0.6156954,-1.4411685,-0.49042076,0.35712963
1747679461.7955563,-0.49915808,0.6920243,-0.6156954,-1.4411685,-0.49042076,0.35712963
1747679461.7960749,-0.49915808,0.6920243,-0.6156954,-1.4411685,-0.49042076,0.35712963
1747679461.7965932,-0.49915808,0.6920243,-0.6156954,-1.4411685,-0.49042076,0.35712963
1747679461.7971115,-0.49915808,0.6920243,-0.6156954,-1.4411685,-0.49042076,0.35712963
1747679461.7976344,-0.49915808,0.6920243,-0.6156954,-1.4411685,-0.49042076,0.35712963
1747679461.7981846,-0.49915808,0.6920243,-0.6156954,-1.4411685,-0.49042076,0.35712963
1747679461.7987366,-0.49915808,0.6920243,-0.6156954,-1.4411685,-0.49042076,0.35712963
1747679461.7992697,-0.49915808,0.6920243,-0.6156954,-1.4411685,-0.49042076,0.35712963
1747679461.7997935,-0.49915808,0.6920243,-0.6156954,-1.5263896,-0.5063997,0.46259072
1747679461.8003163,-0.49915808,0.6920243,-0.6156954,-1.5263896,-0.5063997,0.46259072
1747679461.800895,-0.45864457,0.68275017,-0.49805984,-1.5263896,-0.5063997,0.46259072
1747679461.8014443,-0.45864457,0.68275017,-0.49805984,-1.5263896,-0.5063997,0.46259072
1747679461.8021297,-0.45864457,0.68275017,-0.49805984,-1.5263896,-0.5063997,0.46259072
1747679461.8026893,-0.45864457,0.68275017,-0.49805984,-1.5263896,-0.5063997,0.46259072
1747679461.803211,-0.45864457,0.68275017,-0.49805984,-1.5263896,-0.5063997,0.46259072
1747679461.8037446,-0.45864457,0.68275017,-0.49805984,-1.5263896,-0.5063997,0.46259072
1747679461.8042827,-0.45864457,0.68275017,-0.49805984,-1.5263896,-0.5063997,0.46259072
1747679461.8048053,-0.45864457,0.68275017,-0.49805984,-1.5263896,-0.5063997,0.46259072
1747679461.8053238,-0.45864457,0.68275017,-0.49805984,-1.5263896,-0.5063997,0.46259072
1747679461.805842,-0.45864457,0.68275017,-0.49805984,-1.5263896,-0.5063997,0.46259072
1747679461.8063602,-0.45864457,0.68275017,-0.49805984,-1.5263896,-0.5063997,0.46259072
1747679461.8068786,-0.45864457,0.68275017,-0.49805984,-1.5263896,-0.5063997,0.46259072
1747679461.8073964,-0.45864457,0.68275017,-0.49805984,-1.5263896,-0.5063997,0.46259072
1747679461.807914,-0.45864457,0.68275017,-0.49805984,-1.5263896,-0.5063997,0.46259072
1747679461.808432,-0.45864457,0.68275017,-0.49805984,-1.5263896,-0.5063997,0.46259072
1747679461.80895,-0.45864457,0.68275017,-0.49805984,-1.5263896,-0.5063997,0.46259072
1747679461.8094678,-0.45864457,0.68275017,-0.49805984,-1.5263896,-0.5063997,0.46259072
1747679461.8099904,-0.45864457,0.68275017,-0.49805984,-1.5263896,-0.5063997,0.46259072
1747679461.8105104,-0.45864457,0.68275017,-0.49805984,-1.5263896,-0.5063997,0.46259072
1747679461.8110352,-0.43716756,0.6803096,-0.43997422,-1.5476949,-0.5127913,0.5190497
1747679461.8115554,-0.43716756,0.6803096,-0.43997422,-1.5476949,-0.5127913,0.5190497
1747679461.8120735,-0.43716756,0.6803096,-0.43997422,-1.5476949,-0.5127913,0.5190497
1747679461.8125916,-0.43716756,0.6803096,-0.43997422,-1.5476949,-0.5127913,0.5190497
1747679461.8131099,-0.43716756,0.6803096,-0.43997422,-1.5476949,-0.5127913,0.5190497
1747679461.8136325,-0.43716756,0.6803096,-0.43997422,-1.5476949,-0.5127913,0.5190497
1747679461.8141832,-0.43716756,0.6803096,-0.43997422,-1.5476949,-0.5127913,0.5190497
1747679461.8147354,-0.43716756,0.6803096,-0.43997422,-1.5476949,-0.5127913,0.5190497
1747679461.815268,-0.43716756,0.6803096,-0.43997422,-1.5476949,-0.5127913,0.5190497
1747679461.8158247,-0.43716756,0.6803096,-0.43997422,-1.5476949,-0.5127913,0.5190497
1747679461.816374,-0.43716756,0.6803096,-0.43997422,-1.5476949,-0.5127913,0.5190497
1747679461.8169003,-0.43716756,0.6803096,-0.43997422,-1.5476949,-0.5127913,0.5190497
1747679461.8174195,-0.43716756,0.6803096,-0.43997422,-1.5476949,-0.5127913,0.5190497
1747679461.8179376,-0.43716756,0.6803096,-0.43997422,-1.5476949,-0.5127913,0.5190497
1747679461.8184557,-0.43716756,0.6803096,-0.43997422,-1.5476949,-0.5127913,0.5190497
1747679461.8189743,-0.43716756,0.6803096,-0.43997422,-1.5476949,-0.5127913,0.5190497
1747679461.8194926,-0.43716756,0.6803096,-0.43997422,-1.5476949,-0.5127913,0.5190497
1747679461.8200104,-0.43716756,0.6803096,-0.43997422,-1.5476949,-0.5127913,0.5190497
1747679461.8205323,-0.43716756,0.6803096,-0.43997422,-1.5476949,-0.5127913,0.5190497
1747679461.8210528,-0.43716756,0.6803096,-0.43997422,-1.5476949,-0.5127913,0.5190497
1747679461.8215811,-0.43716756,0.6803096,-0.43997422,-1.5476949,-0.5127913,0.5190497
1747679461.8221855,-0.36785528,0.67640465,-0.33844638,-1.531716,-0.5351618,0.61811924
1747679461.8227265,-0.36785528,0.67640465,-0.33844638,-1.531716,-0.5351618,0.61811924
1747679461.8232632,-0.36785528,0.67640465,-0.33844638,-1.531716,-0.5351618,0.61811924
1747679461.8238175,-0.36785528,0.67640465,-0.33844638,-1.531716,-0.5351618,0.61811924
1747679461.8243418,-0.36785528,0.67640465,-0.33844638,-1.531716,-0.5351618,0.61811924
1747679461.8248603,-0.36785528,0.67640465,-0.33844638,-1.531716,-0.5351618,0.61811924
1747679461.8253791,-0.36785528,0.67640465,-0.33844638,-1.531716,-0.5351618,0.61811924
1747679461.8258972,-0.36785528,0.67640465,-0.33844638,-1.531716,-0.5351618,0.61811924
1747679461.8264153,-0.36785528,0.67640465,-0.33844638,-1.531716,-0.5351618,0.61811924
1747679461.8269336,-0.36785528,0.67640465,-0.33844638,-1.531716,-0.5351618,0.61811924
1747679461.8274517,-0.36785528,0.67640465,-0.33844638,-1.531716,-0.5351618,0.61811924
1747679461.8279698,-0.36785528,0.67640465,-0.33844638,-1.531716,-0.5351618,0.61811924
1747679461.8284938,-0.36785528,0.67640465,-0.33844638,-1.531716,-0.5351618,0.61811924
1747679461.829046,-0.36785528,0.67640465,-0.33844638,-1.531716,-0.5351618,0.61811924
1747679461.829595,-0.36785528,0.67640465,-0.33844638,-1.531716,-0.5351618,0.61811924
1747679461.8301282,-0.36785528,0.67640465,-0.33844638,-1.531716,-0.5351618,0.61811924
1747679461.8306484,-0.36785528,0.67640465,-0.33844638,-1.531716,-0.5351618,0.61811924
1747679461.8313153,-0.36785528,0.67640465,-0.33844638,-1.531716,-0.5351618,0.61811924
1747679461.831874,-0.32099628,0.66664237,-0.2920755,-1.4678001,-0.57883763,0.6596645
1747679461.8324254,-0.32099628,0.66664237,-0.2920755,-1.4678001,-0.57883763,0.6596645
1747679461.83297,-0.32099628,0.66664237,-0.2920755,-1.4678001,-0.57883763,0.6596645
1747679461.8335185,-0.32099628,0.66664237,-0.2920755,-1.4678001,-0.57883763,0.6596645
1747679461.8340645,-0.32099628,0.66664237,-0.2920755,-1.4678001,-0.57883763,0.6596645
1747679461.8345888,-0.32099628,0.66664237,-0.2920755,-1.4678001,-0.57883763,0.6596645
1747679461.8351076,-0.32099628,0.66664237,-0.2920755,-1.4678001,-0.57883763,0.6596645
1747679461.8356256,-0.32099628,0.66664237,-0.2920755,-1.4678001,-0.57883763,0.6596645
1747679461.8361437,-0.32099628,0.66664237,-0.2920755,-1.4678001,-0.57883763,0.6596645
1747679461.8366618,-0.32099628,0.66664237,-0.2920755,-1.4678001,-0.57883763,0.6596645
1747679461.8372247,-0.32099628,0.66664237,-0.2920755,-1.4678001,-0.57883763,0.6596645
1747679461.8377445,-0.32099628,0.66664237,-0.2920755,-1.4678001,-0.57883763,0.6596645
1747679461.8382626,-0.32099628,0.66664237,-0.2920755,-1.4678001,-0.57883763,0.6596645
1747679461.8387804,-0.32099628,0.66664237,-0.2920755,-1.4678001,-0.57883763,0.6596645
1747679461.8392982,-0.32099628,0.66664237,-0.2920755,-1.4678001,-0.57883763,0.6596645
1747679461.8398159,-0.32099628,0.66664237,-0.2920755,-1.4678001,-0.57883763,0.6596645
1747679461.8403332,-0.32099628,0.66664237,-0.2920755,-1.4678001,-0.57883763,0.6596645
1747679461.8408513,-0.32099628,0.66664237,-0.2920755,-1.4678001,-0.57883763,0.6596645
1747679461.841369,-0.32099628,0.66664237,-0.2920755,-1.4678001,-0.57883763,0.6596645
1747679461.8418868,-0.32099628,0.66664237,-0.2920755,-1.4678001,-0.57883763,0.6596645
1747679461.8424094,-0.30000737,0.660785,-0.28719437,-1.4678001,-0.57883763,0.6596645
1747679461.842933,-0.30000737,0.660785,-0.28719437,-1.3772527,-0.6321008,0.6905572
1747679461.843453,-0.30000737,0.660785,-0.28719437,-1.3772527,-0.6321008,0.6905572
1747679461.8439872,-0.30000737,0.660785,-0.28719437,-1.3772527,-0.6321008,0.6905572
1747679461.8445294,-0.30000737,0.660785,-0.28719437,-1.3772527,-0.6321008,0.6905572
1747679461.8450844,-0.30000737,0.660785,-0.28719437,-1.3772527,-0.6321008,0.6905572
1747679461.8456326,-0.30000737,0.660785,-0.28719437,-1.3772527,-0.6321008,0.6905572
1747679461.846185,-0.30000737,0.660785,-0.28719437,-1.3772527,-0.6321008,0.6905572
1747679461.8467317,-0.30000737,0.660785,-0.28719437,-1.3772527,-0.6321008,0.6905572
1747679461.8472564,-0.30000737,0.660785,-0.28719437,-1.3772527,-0.6321008,0.6905572
1747679461.847775,-0.30000737,0.660785,-0.28719437,-1.3772527,-0.6321008,0.6905572
1747679461.8482933,-0.30000737,0.660785,-0.28719437,-1.3772527,-0.6321008,0.6905572
1747679461.8488119,-0.30000737,0.660785,-0.28719437,-1.3772527,-0.6321008,0.6905572
1747679461.8493297,-0.30000737,0.660785,-0.28719437,-1.3772527,-0.6321008,0.6905572
1747679461.8498473,-0.30000737,0.660785,-0.28719437,-1.3772527,-0.6321008,0.6905572
1747679461.8503652,-0.30000737,0.660785,-0.28719437,-1.3772527,-0.6321008,0.6905572
1747679461.850883,-0.30000737,0.660785,-0.28719437,-1.3772527,-0.6321008,0.6905572
1747679461.8514144,-0.30000737,0.660785,-0.28719437,-1.3772527,-0.6321008,0.6905572
1747679461.8519669,-0.30000737,0.660785,-0.28719437,-1.3772527,-0.6321008,0.6905572
1747679461.85251,-0.30000737,0.660785,-0.28719437,-1.3772527,-0.6321008,0.6905572
1747679461.853034,-0.30000737,0.660785,-0.28719437,-1.3772527,-0.6321008,0.6905572
1747679461.8535523,-0.30000737,0.660785,-0.28719437,-1.3772527,-0.6321008,0.6905572
1747679461.8540893,-0.30000737,0.660785,-0.28719437,-1.3772527,-0.6321008,0.6905572
1747679461.854627,-0.28829262,0.6549277,-0.31648123,-1.3772527,-0.6321008,0.6905572
1747679461.8551524,-0.28829262,0.6549277,-0.31648123,-1.3069453,-0.689625,0.7150582
1747679461.8556724,-0.28829262,0.6549277,-0.31648123,-1.3069453,-0.689625,0.7150582
1747679461.8561907,-0.28829262,0.6549277,-0.31648123,-1.3069453,-0.689625,0.7150582
1747679461.8567085,-0.28829262,0.6549277,-0.31648123,-1.3069453,-0.689625,0.7150582
1747679461.8572288,-0.28829262,0.6549277,-0.31648123,-1.3069453,-0.689625,0.7150582
1747679461.8577483,-0.28829262,0.6549277,-0.31648123,-1.3069453,-0.689625,0.7150582
1747679461.8582695,-0.28829262,0.6549277,-0.31648123,-1.3069453,-0.689625,0.7150582
1747679461.8587909,-0.28829262,0.6549277,-0.31648123,-1.3069453,-0.689625,0.7150582
1747679461.8593116,-0.28829262,0.6549277,-0.31648123,-1.3069453,-0.689625,0.7150582
1747679461.8598323,-0.28829262,0.6549277,-0.31648123,-1.3069453,-0.689625,0.7150582
1747679461.860359,-0.28829262,0.6549277,-0.31648123,-1.3069453,-0.689625,0.7150582
1747679461.8609102,-0.28829262,0.6549277,-0.31648123,-1.3069453,-0.689625,0.7150582
1747679461.8615756,-0.28829262,0.6549277,-0.31648123,-1.3069453,-0.689625,0.7150582
1747679461.862145,-0.28829262,0.6549277,-0.31648123,-1.3069453,-0.689625,0.7150582
1747679461.8627043,-0.28829262,0.6549277,-0.31648123,-1.3069453,-0.689625,0.7150582
1747679461.8634255,-0.28829262,0.6549277,-0.31648123,-1.3069453,-0.689625,0.7150582
1747679461.8639917,-0.28926885,0.6568801,-0.39018652,-1.2717916,-0.82171774,0.76938665
1747679461.8645284,-0.28926885,0.6568801,-0.39018652,-1.2717916,-0.82171774,0.76938665
1747679461.8650692,-0.28926885,0.6568801,-0.39018652,-1.2717916,-0.82171774,0.76938665
1747679461.865594,-0.28926885,0.6568801,-0.39018652,-1.2717916,-0.82171774,0.76938665
1747679461.8661156,-0.28926885,0.6568801,-0.39018652,-1.2717916,-0.82171774,0.76938665
1747679461.8666368,-0.28926885,0.6568801,-0.39018652,-1.2717916,-0.82171774,0.76938665
1747679461.8671577,-0.28926885,0.6568801,-0.39018652,-1.2717916,-0.82171774,0.76938665
1747679461.8676784,-0.28926885,0.6568801,-0.39018652,-1.2717916,-0.82171774,0.76938665
1747679461.8681993,-0.28926885,0.6568801,-0.39018652,-1.2717916,-0.82171774,0.76938665
1747679461.8687198,-0.28926885,0.6568801,-0.39018652,-1.2717916,-0.82171774,0.76938665
1747679461.8692405,-0.28926885,0.6568801,-0.39018652,-1.2717916,-0.82171774,0.76938665
1747679461.8697615,-0.28926885,0.6568801,-0.39018652,-1.2717916,-0.82171774,0.76938665
1747679461.8702822,-0.28926885,0.6568801,-0.39018652,-1.2717916,-0.82171774,0.76938665
1747679461.870803,-0.28926885,0.6568801,-0.39018652,-1.2717916,-0.82171774,0.76938665
1747679461.871336,-0.28926885,0.6568801,-0.39018652,-1.2717916,-0.82171774,0.76938665
1747679461.871877,-0.25851765,0.6637137,-0.4497365,-1.2717916,-0.82171774,0.76938665
1747679461.8724015,-0.25851765,0.6637137,-0.4497365,-1.2717916,-0.82171774,0.76938665
1747679461.8729246,-0.25851765,0.6637137,-0.4497365,-1.2717916,-0.82171774,0.76938665
1747679461.8734493,-0.25851765,0.6637137,-0.4497365,-1.2717916,-0.82171774,0.76938665
1747679461.8739781,-0.25851765,0.6637137,-0.4497365,-1.3474253,-0.98896414,0.82264984
1747679461.8745172,-0.25851765,0.6637137,-0.4497365,-1.3474253,-0.98896414,0.82264984
1747679461.8750403,-0.25851765,0.6637137,-0.4497365,-1.3474253,-0.98896414,0.82264984
1747679461.8755586,-0.25851765,0.6637137,-0.4497365,-1.3474253,-0.98896414,0.82264984
1747679461.8760817,-0.25851765,0.6637137,-0.4497365,-1.3474253,-0.98896414,0.82264984
1747679461.8766334,-0.25851765,0.6637137,-0.4497365,-1.3474253,-0.98896414,0.82264984
1747679461.8771873,-0.25851765,0.6637137,-0.4497365,-1.3474253,-0.98896414,0.82264984
1747679461.8777206,-0.25851765,0.6637137,-0.4497365,-1.3474253,-0.98896414,0.82264984
1747679461.8782406,-0.25851765,0.6637137,-0.4497365,-1.3474253,-0.98896414,0.82264984
1747679461.878759,-0.25851765,0.6637137,-0.4497365,-1.3474253,-0.98896414,0.82264984
1747679461.879277,-0.25851765,0.6637137,-0.4497365,-1.3474253,-0.98896414,0.82264984
1747679461.8797994,-0.25851765,0.6637137,-0.4497365,-1.3474253,-0.98896414,0.82264984
1747679461.880321,-0.25851765,0.6637137,-0.4497365,-1.3474253,-0.98896414,0.82264984
1747679461.8808405,-0.25851765,0.6637137,-0.4497365,-1.3474253,-0.98896414,0.82264984
1747679461.8813584,-0.25851765,0.6637137,-0.4497365,-1.3474253,-0.98896414,0.82264984
1747679461.8818767,-0.25851765,0.6637137,-0.4497365,-1.3474253,-0.98896414,0.82264984
1747679461.8823946,-0.25851765,0.6637137,-0.4497365,-1.3474253,-0.98896414,0.82264984
1747679461.8829122,-0.25851765,0.6637137,-0.4497365,-1.3474253,-0.98896414,0.82264984
1747679461.8834357,-0.25851765,0.6637137,-0.4497365,-1.499758,-1.1402316,0.87804353
1747679461.8839562,-0.25851765,0.6637137,-0.4497365,-1.499758,-1.1402316,0.87804353
1747679461.8844905,-0.25851765,0.6637137,-0.4497365,-1.499758,-1.1402316,0.87804353
1747679461.885036,-0.25851765,0.6637137,-0.4497365,-1.499758,-1.1402316,0.87804353
1747679461.8855608,-0.25851765,0.6637137,-0.4497365,-1.499758,-1.1402316,0.87804353
1747679461.8860795,-0.25851765,0.6637137,-0.4497365,-1.499758,-1.1402316,0.87804353
1747679461.8865974,-0.25851765,0.6637137,-0.4497365,-1.499758,-1.1402316,0.87804353
1747679461.8871155,-0.25851765,0.6637137,-0.4497365,-1.499758,-1.1402316,0.87804353
1747679461.8876333,-0.25851765,0.6637137,-0.4497365,-1.499758,-1.1402316,0.87804353
1747679461.888151,-0.25851765,0.6637137,-0.4497365,-1.499758,-1.1402316,0.87804353
1747679461.8886688,-0.25851765,0.6637137,-0.4497365,-1.499758,-1.1402316,0.87804353
1747679461.8891864,-0.25851765,0.6637137,-0.4497365,-1.499758,-1.1402316,0.87804353
1747679461.889704,-0.25851765,0.6637137,-0.4497365,-1.499758,-1.1402316,0.87804353
1747679461.8902252,-0.25851765,0.6637137,-0.4497365,-1.499758,-1.1402316,0.87804353
1747679461.8907497,-0.25851765,0.6637137,-0.4497365,-1.499758,-1.1402316,0.87804353
1747679461.8912737,-0.25851765,0.6637137,-0.4497365,-1.6829834,-1.2052126,0.9440899
1747679461.8927746,-0.25851765,0.6637137,-0.4497365,-1.6829834,-1.2052126,0.9440899
1747679461.8933356,-0.25851765,0.6637137,-0.4497365,-1.6829834,-1.2052126,0.9440899
1747679461.8938825,-0.25851765,0.6637137,-0.4497365,-1.6829834,-1.2052126,0.9440899
1747679461.8944225,-0.25851765,0.6637137,-0.4497365,-1.6829834,-1.2052126,0.9440899
1747679461.8949473,-0.25851765,0.6637137,-0.4497365,-1.6829834,-1.2052126,0.9440899
1747679461.8954675,-0.25851765,0.6637137,-0.4497365,-1.6829834,-1.2052126,0.9440899
1747679461.8959854,-0.25851765,0.6637137,-0.4497365,-1.6829834,-1.2052126,0.9440899
1747679461.8965032,-0.25851765,0.6637137,-0.4497365,-1.6829834,-1.2052126,0.9440899
1747679461.8970213,-0.25851765,0.6637137,-0.4497365,-1.6829834,-1.2052126,0.9440899
1747679461.8975391,-0.25851765,0.6637137,-0.4497365,-1.6829834,-1.2052126,0.9440899
1747679461.898057,-0.25851765,0.6637137,-0.4497365,-1.6829834,-1.2052126,0.9440899
1747679461.8985777,-0.25851765,0.6637137,-0.4497365,-1.6829834,-1.2052126,0.9440899
1747679461.8990974,-0.25851765,0.6637137,-0.4497365,-1.6829834,-1.2052126,0.9440899
1747679461.8996155,-0.25851765,0.6637137,-0.4497365,-1.6829834,-1.2052126,0.9440899
1747679461.9001367,-0.1867648,0.65980875,-0.40190127,-1.878992,-1.2584758,1.00481
1747679461.900657,-0.1867648,0.65980875,-0.40190127,-1.878992,-1.2584758,1.00481
1747679461.9011781,-0.1867648,0.65980875,-0.40190127,-1.878992,-1.2584758,1.00481
1747679461.9016976,-0.1867648,0.65980875,-0.40190127,-1.878992,-1.2584758,1.00481
1747679461.9022162,-0.1867648,0.65980875,-0.40190127,-1.878992,-1.2584758,1.00481
1747679461.9027343,-0.1867648,0.65980875,-0.40190127,-1.878992,-1.2584758,1.00481
1747679461.9032524,-0.1867648,0.65980875,-0.40190127,-1.878992,-1.2584758,1.00481
1747679461.903771,-0.1867648,0.65980875,-0.40190127,-1.878992,-1.2584758,1.00481
1747679461.9043036,-0.1867648,0.65980875,-0.40190127,-1.878992,-1.2584758,1.00481
1747679461.904841,-0.1867648,0.65980875,-0.40190127,-1.878992,-1.2584758,1.00481
1747679461.905363,-0.1867648,0.65980875,-0.40190127,-1.878992,-1.2584758,1.00481
1747679461.9058816,-0.1867648,0.65980875,-0.40190127,-1.878992,-1.2584758,1.00481
1747679461.9064,-0.1867648,0.65980875,-0.40190127,-1.878992,-1.2584758,1.00481
1747679461.9069226,-0.1867648,0.65980875,-0.40190127,-1.878992,-1.2584758,1.00481
1747679461.9074733,-0.1867648,0.65980875,-0.40190127,-1.878992,-1.2584758,1.00481
1747679461.9080226,-0.1867648,0.65980875,-0.40190127,-1.878992,-1.2584758,1.00481
1747679461.9085555,-0.1867648,0.65980875,-0.40190127,-1.878992,-1.2584758,1.00481
1747679461.9090774,-0.1867648,0.65980875,-0.40190127,-1.878992,-1.2584758,1.00481
1747679461.9096103,-0.15210868,0.6417485,-0.32624355,-1.878992,-1.2584758,1.00481
1747679461.9101353,-0.15210868,0.6417485,-0.32624355,-1.878992,-1.2584758,1.00481
1747679461.9106548,-0.15210868,0.6417485,-0.32624355,-1.878992,-1.2584758,1.00481
1747679461.9111736,-0.15210868,0.6417485,-0.32624355,-1.878992,-1.2584758,1.00481
1747679461.9116921,-0.15210868,0.6417485,-0.32624355,-1.878992,-1.2584758,1.00481
1747679461.9122102,-0.15210868,0.6417485,-0.32624355,-1.878992,-1.2584758,1.00481
1747679461.9127285,-0.15210868,0.6417485,-0.32624355,-1.878992,-1.2584758,1.00481
1747679461.9132464,-0.15210868,0.6417485,-0.32624355,-1.878992,-1.2584758,1.00481
1747679461.9137788,-0.15210868,0.6417485,-0.32624355,-1.878992,-1.2584758,1.00481
1747679461.9143167,-0.15210868,0.6417485,-0.32624355,-1.878992,-1.2584758,1.00481
1747679461.9148393,-0.15210868,0.6417485,-0.32624355,-1.878992,-1.2584758,1.00481
1747679461.915358,-0.15210868,0.6417485,-0.32624355,-1.878992,-1.2584758,1.00481
1747679461.9158766,-0.15210868,0.6417485,-0.32624355,-1.878992,-1.2584758,1.00481
1747679461.9163947,-0.15210868,0.6417485,-0.32624355,-1.878992,-1.2584758,1.00481
1747679461.9169128,-0.15210868,0.6417485,-0.32624355,-1.878992,-1.2584758,1.00481
1747679461.917431,-0.15210868,0.6417485,-0.32624355,-1.878992,-1.2584758,1.00481
1747679461.9179494,-0.15210868,0.6417485,-0.32624355,-1.878992,-1.2584758,1.00481
1747679461.9184675,-0.15210868,0.6417485,-0.32624355,-1.878992,-1.2584758,1.00481
1747679461.9189858,-0.15210868,0.6417485,-0.32624355,-1.878992,-1.2584758,1.00481
1747679461.919504,-0.15210868,0.6417485,-0.32624355,-1.878992,-1.2584758,1.00481
1747679461.920022,-0.15210868,0.6417485,-0.32624355,-1.878992,-1.2584758,1.00481
1747679461.92054,-0.15210868,0.6417485,-0.32624355,-1.878992,-1.2584758,1.00481
1747679461.9210584,-0.15210868,0.6417485,-0.32624355,-1.878992,-1.2584758,1.00481
1747679461.9215834,-0.15210868,0.6417485,-0.32624355,-1.878992,-1.2584758,1.00481
1747679461.9221637,-0.15210868,0.6417485,-0.32624355,-1.878992,-1.2584758,1.00481
1747679461.9239755,-0.15210868,0.6417485,-0.32624355,-1.878992,-1.2584758,1.00481
1747679461.9245203,-0.15210868,0.6417485,-0.32624355,-1.878992,-1.2584758,1.00481
1747679461.9250484,-0.15210868,0.6417485,-0.32624355,-1.878992,-1.2584758,1.00481
1747679461.9255872,-0.094511166,0.61783093,-0.22032267,-1.878992,-1.2584758,1.00481
1747679461.9261417,-0.094511166,0.61783093,-0.22032267,-1.878992,-1.2584758,1.00481
1747679461.9266896,-0.094511166,0.61783093,-0.22032267,-1.878992,-1.2584758,1.00481
1747679461.9272444,-0.094511166,0.61783093,-0.22032267,-1.878992,-1.2584758,1.00481
1747679461.9277782,-0.094511166,0.61783093,-0.22032267,-1.878992,-1.2584758,1.00481
1747679461.9283128,-0.094511166,0.61783093,-0.22032267,-1.878992,-1.2584758,1.00481
1747679461.9288447,-0.094511166,0.61783093,-0.22032267,-1.878992,-1.2584758,1.00481
1747679461.9293766,-0.094511166,0.61783093,-0.22032267,-1.878992,-1.2584758,1.00481
1747679461.9299085,-0.094511166,0.61783093,-0.22032267,-1.878992,-1.2584758,1.00481
1747679461.930443,0.019219508,0.6109973,-0.1402719,-1.878992,-1.2584758,1.00481
1747679461.9309745,0.019219508,0.6109973,-0.1402719,-2.2497036,-1.2883033,1.0644647
1747679461.9314969,0.019219508,0.6109973,-0.1402719,-2.2497036,-1.2883033,1.0644647
1747679461.932016,0.019219508,0.6109973,-0.1402719,-2.2497036,-1.2883033,1.0644647
1747679461.9325342,0.019219508,0.6109973,-0.1402719,-2.2497036,-1.2883033,1.0644647
1747679461.9330523,0.019219508,0.6109973,-0.1402719,-2.2497036,-1.2883033,1.0644647
1747679461.9335709,0.019219508,0.6109973,-0.1402719,-2.2497036,-1.2883033,1.0644647
1747679461.9341047,0.019219508,0.6109973,-0.1402719,-2.2497036,-1.2883033,1.0644647
1747679461.934642,0.019219508,0.6109973,-0.1402719,-2.2497036,-1.2883033,1.0644647
1747679461.9351647,0.019219508,0.6109973,-0.1402719,-2.2497036,-1.2883033,1.0644647
1747679461.9356833,0.019219508,0.6109973,-0.1402719,-2.2497036,-1.2883033,1.0644647
1747679461.9362016,0.019219508,0.6109973,-0.1402719,-2.2497036,-1.2883033,1.0644647
1747679461.93672,0.019219508,0.6109973,-0.1402719,-2.2497036,-1.2883033,1.0644647
1747679461.9372525,0.019219508,0.6109973,-0.1402719,-2.2497036,-1.2883033,1.0644647
1747679461.9377964,0.019219508,0.6109973,-0.1402719,-2.2497036,-1.2883033,1.0644647
1747679461.9383678,0.019219508,0.6109973,-0.1402719,-2.2497036,-1.2883033,1.0644647
1747679461.938921,0.019219508,0.6109973,-0.1402719,-2.2497036,-1.2883033,1.0644647
1747679461.9394536,0.019219508,0.6109973,-0.1402719,-2.2497036,-1.2883033,1.0644647
1747679461.9399738,0.019219508,0.6109973,-0.1402719,-2.2497036,-1.2883033,1.0644647
1747679461.9404929,0.019219508,0.6109973,-0.1402719,-2.2497036,-1.2883033,1.0644647
1747679461.9410112,0.019219508,0.6109973,-0.1402719,-2.2497036,-1.2883033,1.0644647
1747679461.9415889,0.019219508,0.6109973,-0.1402719,-2.259291,-1.2733896,1.0016141
1747679461.9421468,0.06314981,0.6129498,-0.110008806,-2.259291,-1.2733896,1.0016141
1747679461.942681,0.06314981,0.6129498,-0.110008806,-2.259291,-1.2733896,1.0016141
1747679461.9432054,0.06314981,0.6129498,-0.110008806,-2.259291,-1.2733896,1.0016141
1747679461.943724,0.06314981,0.6129498,-0.110008806,-2.259291,-1.2733896,1.0016141
1747679461.9442546,0.06314981,0.6129498,-0.110008806,-2.259291,-1.2733896,1.0016141
1747679461.9447894,0.06314981,0.6129498,-0.110008806,-2.259291,-1.2733896,1.0016141
1747679461.945312,0.06314981,0.6129498,-0.110008806,-2.259291,-1.2733896,1.0016141
1747679461.9458306,0.06314981,0.6129498,-0.110008806,-2.259291,-1.2733896,1.0016141
1747679461.9463491,0.06314981,0.6129498,-0.110008806,-2.259291,-1.2733896,1.0016141
1747679461.9468672,0.06314981,0.6129498,-0.110008806,-2.259291,-1.2733896,1.0016141
1747679461.947385,0.06314981,0.6129498,-0.110008806,-2.259291,-1.2733896,1.0016141
1747679461.9479034,0.06314981,0.6129498,-0.110008806,-2.259291,-1.2733896,1.0016141
1747679461.9484215,0.06314981,0.6129498,-0.110008806,-2.259291,-1.2733896,1.0016141
1747679461.94894,0.06314981,0.6129498,-0.110008806,-2.259291,-1.2733896,1.0016141
1747679461.9494576,0.06314981,0.6129498,-0.110008806,-2.259291,-1.2733896,1.0016141
1747679461.9499755,0.06314981,0.6129498,-0.110008806,-2.259291,-1.2733896,1.0016141
1747679461.9504938,0.06314981,0.6129498,-0.110008806,-2.259291,-1.2733896,1.0016141
1747679461.951012,0.06314981,0.6129498,-0.110008806,-2.259291,-1.2733896,1.0016141
1747679461.95153,0.06314981,0.6129498,-0.110008806,-2.259291,-1.2733896,1.0016141
1747679461.952048,0.06314981,0.6129498,-0.110008806,-2.259291,-1.2733896,1.0016141
1747679461.9527564,0.06314981,0.6129498,-0.110008806,-2.259291,-1.2733896,1.0016141
1747679461.953317,0.12855715,0.60904485,-0.107568234,-2.2763352,-1.2275832,0.90787095
1747679461.9546406,0.12855715,0.60904485,-0.107568234,-2.2763352,-1.2275832,0.90787095
1747679461.9552052,0.12855715,0.60904485,-0.107568234,-2.2763352,-1.2275832,0.90787095
1747679461.9560428,0.12855715,0.60904485,-0.107568234,-2.2763352,-1.2275832,0.90787095
1747679461.9565895,0.12855715,0.60904485,-0.107568234,-2.2763352,-1.2275832,0.90787095
1747679461.9571223,0.12855715,0.60904485,-0.107568234,-2.2763352,-1.2275832,0.90787095
1747679461.9576423,0.12855715,0.60904485,-0.107568234,-2.2763352,-1.2275832,0.90787095
1747679461.9581642,0.12855715,0.60904485,-0.107568234,-2.2763352,-1.2275832,0.90787095
1747679461.9586852,0.12855715,0.60904485,-0.107568234,-2.2763352,-1.2275832,0.90787095
1747679461.9592059,0.12855715,0.60904485,-0.107568234,-2.2763352,-1.2275832,0.90787095
1747679461.9597266,0.12855715,0.60904485,-0.107568234,-2.2763352,-1.2275832,0.90787095
1747679461.9602473,0.12855715,0.60904485,-0.107568234,-2.2763352,-1.2275832,0.90787095
1747679461.960768,0.12855715,0.60904485,-0.107568234,-2.2763352,-1.2275832,0.90787095
1747679461.9612887,0.12855715,0.60904485,-0.107568234,-2.2763352,-1.2275832,0.90787095
1747679461.9618094,0.12855715,0.60904485,-0.107568234,-2.2763352,-1.2275832,0.90787095
1747679461.96233,0.12855715,0.60904485,-0.107568234,-2.2763352,-1.2275832,0.90787095
1747679461.9628508,0.12855715,0.60904485,-0.107568234,-2.2763352,-1.2275832,0.90787095
1747679461.9633856,0.12855715,0.60904485,-0.107568234,-2.2763352,-1.2275832,0.90787095
1747679461.963934,0.12855715,0.60904485,-0.107568234,-2.2763352,-1.2275832,0.90787095
1747679461.9644659,0.18517844,0.5870797,-0.15833214,-2.35623,-1.0944252,0.76512563
1747679461.964991,0.18517844,0.5870797,-0.15833214,-2.35623,-1.0944252,0.76512563
1747679461.9655132,0.18517844,0.5870797,-0.15833214,-2.35623,-1.0944252,0.76512563
1747679461.9660344,0.18517844,0.5870797,-0.15833214,-2.35623,-1.0944252,0.76512563
1747679461.966555,0.18517844,0.5870797,-0.15833214,-2.35623,-1.0944252,0.76512563
1747679461.967076,0.18517844,0.5870797,-0.15833214,-2.35623,-1.0944252,0.76512563
1747679461.967618,0.18517844,0.5870797,-0.15833214,-2.35623,-1.0944252,0.76512563
1747679461.9681678,0.18517844,0.5870797,-0.15833214,-2.35623,-1.0944252,0.76512563
1747679461.9686937,0.18517844,0.5870797,-0.15833214,-2.35623,-1.0944252,0.76512563
1747679461.969221,0.18517844,0.5870797,-0.15833214,-2.35623,-1.0944252,0.76512563
1747679461.970028,0.18517844,0.5870797,-0.15833214,-2.35623,-1.0944252,0.76512563
1747679461.9705946,0.18517844,0.5870797,-0.15833214,-2.35623,-1.0944252,0.76512563
1747679461.9711373,0.18517844,0.5870797,-0.15833214,-2.35623,-1.0944252,0.76512563
1747679461.9716609,0.18517844,0.5870797,-0.15833214,-2.35623,-1.0944252,0.76512563
1747679461.9721828,0.18517844,0.5870797,-0.15833214,-2.35623,-1.0944252,0.76512563
1747679461.972704,0.18517844,0.5870797,-0.15833214,-2.35623,-1.0944252,0.76512563
1747679461.973225,0.18517844,0.5870797,-0.15833214,-2.35623,-1.0944252,0.76512563
1747679461.9746842,0.16858254,0.5719482,-0.22422758,-2.35623,-1.0944252,0.76512563
1747679461.975226,0.16858254,0.5719482,-0.22422758,-2.5117586,-0.95594096,0.6532729
1747679461.9757478,0.16858254,0.5719482,-0.22422758,-2.5117586,-0.95594096,0.6532729
1747679461.9762664,0.16858254,0.5719482,-0.22422758,-2.5117586,-0.95594096,0.6532729
1747679461.9767847,0.16858254,0.5719482,-0.22422758,-2.5117586,-0.95594096,0.6532729
1747679461.9773028,0.16858254,0.5719482,-0.22422758,-2.5117586,-0.95594096,0.6532729
1747679461.9778206,0.16858254,0.5719482,-0.22422758,-2.5117586,-0.95594096,0.6532729
1747679461.9783428,0.16858254,0.5719482,-0.22422758,-2.5117586,-0.95594096,0.6532729
1747679461.978862,0.16858254,0.5719482,-0.22422758,-2.5117586,-0.95594096,0.6532729
1747679461.9793808,0.16858254,0.5719482,-0.22422758,-2.5117586,-0.95594096,0.6532729
1747679461.9798992,0.16858254,0.5719482,-0.22422758,-2.5117586,-0.95594096,0.6532729
1747679461.980417,0.16858254,0.5719482,-0.22422758,-2.5117586,-0.95594096,0.6532729
1747679461.9809349,0.16858254,0.5719482,-0.22422758,-2.5117586,-0.95594096,0.6532729
1747679461.9814527,0.16858254,0.5719482,-0.22422758,-2.5117586,-0.95594096,0.6532729
1747679461.9819708,0.16858254,0.5719482,-0.22422758,-2.5117586,-0.95594096,0.6532729
1747679461.982489,0.16858254,0.5719482,-0.22422758,-2.5117586,-0.95594096,0.6532729
1747679461.9831805,0.16858254,0.5719482,-0.22422758,-2.5117586,-0.95594096,0.6532729
1747679461.9837341,0.16858254,0.5719482,-0.22422758,-2.5117586,-0.95594096,0.6532729
1747679461.9842725,0.16858254,0.5719482,-0.22422758,-2.5117586,-0.95594096,0.6532729
1747679461.984811,0.16858254,0.5719482,-0.22422758,-2.5117586,-0.95594096,0.6532729
1747679461.9853632,0.16858254,0.5719482,-0.22422758,-2.5117586,-0.95594096,0.6532729
1747679461.985912,0.1031752,0.549983,-0.29353985,-2.5117586,-0.95594096,0.6532729
1747679461.9864457,0.1031752,0.549983,-0.29353985,-2.8292072,-0.7343661,0.5861613
1747679461.9869668,0.1031752,0.549983,-0.29353985,-2.8292072,-0.7343661,0.5861613
1747679461.9874854,0.1031752,0.549983,-0.29353985,-2.8292072,-0.7343661,0.5861613
1747679461.9880035,0.1031752,0.549983,-0.29353985,-2.8292072,-0.7343661,0.5861613
1747679461.988522,0.1031752,0.549983,-0.29353985,-2.8292072,-0.7343661,0.5861613
1747679461.9890432,0.1031752,0.549983,-0.29353985,-2.8292072,-0.7343661,0.5861613
1747679461.9895625,0.1031752,0.549983,-0.29353985,-2.8292072,-0.7343661,0.5861613
1747679461.990084,0.1031752,0.549983,-0.29353985,-3.120024,-0.5309008,0.60214025
1747679461.9906065,0.008969104,0.5270416,-0.35992342,-3.120024,-0.5309008,0.60214025
1747679461.9911265,0.008969104,0.5270416,-0.35992342,-3.120024,-0.5309008,0.60214025
1747679461.9916468,0.008969104,0.5270416,-0.35992342,-3.120024,-0.5309008,0.60214025
1747679461.9921665,0.008969104,0.5270416,-0.35992342,-3.120024,-0.5309008,0.60214025
1747679461.9926846,0.008969104,0.5270416,-0.35992342,-3.120024,-0.5309008,0.60214025
1747679461.9932024,0.008969104,0.5270416,-0.35992342,-3.120024,-0.5309008,0.60214025
1747679461.9937205,0.008969104,0.5270416,-0.35992342,-3.120024,-0.5309008,0.60214025
1747679461.994255,0.008969104,0.5270416,-0.35992342,-3.120024,-0.5309008,0.60214025
1747679461.9948008,0.008969104,0.5270416,-0.35992342,-3.120024,-0.5309008,0.60214025
1747679461.995325,0.008969104,0.5270416,-0.35992342,-3.120024,-0.5309008,0.60214025
1747679461.995844,0.008969104,0.5270416,-0.35992342,-3.120024,-0.5309008,0.60214025
1747679461.996362,0.008969104,0.5270416,-0.35992342,-3.120024,-0.5309008,0.60214025
1747679461.9968798,0.008969104,0.5270416,-0.35992342,-3.120024,-0.5309008,0.60214025
1747679461.997398,0.008969104,0.5270416,-0.35992342,-3.120024,-0.5309008,0.60214025
1747679461.997916,0.008969104,0.5270416,-0.35992342,-3.120024,-0.5309008,0.60214025
1747679461.9984508,0.008969104,0.5270416,-0.35992342,-3.120024,-0.5309008,0.60214025
1747679461.9990098,0.008969104,0.5270416,-0.35992342,-3.120024,-0.5309008,0.60214025
1747679461.999594,0.008969104,0.5270416,-0.35992342,-3.5578475,-0.257128,0.69375294
1747679462.0001414,-0.05399767,0.49140924,-0.37407872,-3.5578475,-0.257128,0.69375294
1747679462.0006702,-0.05399767,0.49140924,-0.37407872,-3.5578475,-0.257128,0.69375294
1747679462.0012217,-0.05399767,0.49140924,-0.37407872,-3.5578475,-0.257128,0.69375294
1747679462.0017743,-0.05399767,0.49140924,-0.37407872,-3.5578475,-0.257128,0.69375294
1747679462.0023072,-0.05399767,0.49140924,-0.37407872,-3.5578475,-0.257128,0.69375294
1747679462.002827,-0.05399767,0.49140924,-0.37407872,-3.5578475,-0.257128,0.69375294
1747679462.0033624,-0.05399767,0.49140924,-0.37407872,-3.5578475,-0.257128,0.69375294
1747679462.0039077,-0.05399767,0.49140924,-0.37407872,-3.5578475,-0.257128,0.69375294
1747679462.0044312,-0.05399767,0.49140924,-0.37407872,-3.5578475,-0.257128,0.69375294
1747679462.00495,-0.05399767,0.49140924,-0.37407872,-3.5578475,-0.257128,0.69375294
1747679462.0054686,-0.05399767,0.49140924,-0.37407872,-3.5578475,-0.257128,0.69375294
1747679462.0059872,-0.05399767,0.49140924,-0.37407872,-3.5578475,-0.257128,0.69375294
1747679462.0065053,-0.05399767,0.49140924,-0.37407872,-3.5578475,-0.257128,0.69375294
1747679462.0070233,-0.05399767,0.49140924,-0.37407872,-3.5578475,-0.257128,0.69375294
1747679462.0075412,-0.05399767,0.49140924,-0.37407872,-3.5578475,-0.257128,0.69375294
1747679462.0080595,-0.05399767,0.49140924,-0.37407872,-3.5578475,-0.257128,0.69375294
1747679462.0085773,-0.05399767,0.49140924,-0.37407872,-3.5578475,-0.257128,0.69375294
1747679462.0090954,-0.05399767,0.49140924,-0.37407872,-3.5578475,-0.257128,0.69375294
1747679462.0096138,-0.05399767,0.49140924,-0.37407872,-3.5578475,-0.257128,0.69375294
1747679462.0101314,-0.05399767,0.49140924,-0.37407872,-3.5578475,-0.257128,0.69375294
1747679462.0106494,-0.05399767,0.49140924,-0.37407872,-3.5578475,-0.257128,0.69375294
1747679462.0111675,-0.05399767,0.49140924,-0.37407872,-3.5578475,-0.257128,0.69375294
1747679462.011691,-0.046187833,0.44357404,-0.28426567,-4.0233674,-0.024900537,0.80454034
1747679462.0122116,-0.046187833,0.44357404,-0.28426567,-4.0233674,-0.024900537,0.80454034
1747679462.0127301,-0.046187833,0.44357404,-0.28426567,-4.0233674,-0.024900537,0.80454034
1747679462.0132482,-0.046187833,0.44357404,-0.28426567,-4.0233674,-0.024900537,0.80454034
1747679462.0139778,-0.046187833,0.44357404,-0.28426567,-4.0233674,-0.024900537,0.80454034
1747679462.014529,-0.046187833,0.44357404,-0.28426567,-4.0233674,-0.024900537,0.80454034
1747679462.0150726,-0.046187833,0.44357404,-0.28426567,-4.0233674,-0.024900537,0.80454034
1747679462.0156128,-0.046187833,0.44357404,-0.28426567,-4.0233674,-0.024900537,0.80454034
1747679462.0161462,-0.046187833,0.44357404,-0.28426567,-4.0233674,-0.024900537,0.80454034
1747679462.016671,-0.046187833,0.44357404,-0.28426567,-4.0233674,-0.024900537,0.80454034
1747679462.0172298,-0.046187833,0.44357404,-0.28426567,-4.0233674,-0.024900537,0.80454034
1747679462.0177798,-0.046187833,0.44357404,-0.28426567,-4.0233674,-0.024900537,0.80454034
1747679462.0183127,-0.046187833,0.44357404,-0.28426567,-4.0233674,-0.024900537,0.80454034
1747679462.0188324,-0.046187833,0.44357404,-0.28426567,-4.0233674,-0.024900537,0.80454034
1747679462.019355,-0.046187833,0.44357404,-0.28426567,-4.419646,0.069907926,0.88123935
1747679462.0198758,-0.046187833,0.44357404,-0.28426567,-4.419646,0.069907926,0.88123935
1747679462.0203946,-0.046187833,0.44357404,-0.28426567,-4.419646,0.069907926,0.88123935
1747679462.020916,0.036303516,0.40647733,-0.09194857,-4.419646,0.069907926,0.88123935
1747679462.021437,0.036303516,0.40647733,-0.09194857,-4.419646,0.069907926,0.88123935
1747679462.0219553,0.036303516,0.40647733,-0.09194857,-4.419646,0.069907926,0.88123935
1747679462.0224736,0.036303516,0.40647733,-0.09194857,-4.419646,0.069907926,0.88123935
1747679462.0229917,0.036303516,0.40647733,-0.09194857,-4.419646,0.069907926,0.88123935
1747679462.0235264,0.036303516,0.40647733,-0.09194857,-4.419646,0.069907926,0.88123935
1747679462.0240717,0.036303516,0.40647733,-0.09194857,-4.419646,0.069907926,0.88123935
1747679462.0245967,0.036303516,0.40647733,-0.09194857,-4.419646,0.069907926,0.88123935
1747679462.0251155,0.036303516,0.40647733,-0.09194857,-4.419646,0.069907926,0.88123935
1747679462.0256338,0.036303516,0.40647733,-0.09194857,-4.419646,0.069907926,0.88123935
1747679462.0261521,0.036303516,0.40647733,-0.09194857,-4.419646,0.069907926,0.88123935
1747679462.02667,0.036303516,0.40647733,-0.09194857,-4.419646,0.069907926,0.88123935
1747679462.027188,0.036303516,0.40647733,-0.09194857,-4.419646,0.069907926,0.88123935
1747679462.0277061,0.036303516,0.40647733,-0.09194857,-4.419646,0.069907926,0.88123935
1747679462.0282238,0.036303516,0.40647733,-0.09194857,-4.419646,0.069907926,0.88123935
1747679462.0287416,0.036303516,0.40647733,-0.09194857,-4.419646,0.069907926,0.88123935
1747679462.029282,0.036303516,0.40647733,-0.09194857,-4.419646,0.069907926,0.88123935
1747679462.029823,0.16858254,0.38402408,0.17846686,-4.63909,-0.017443692,0.8684562
1747679462.0303497,0.16858254,0.38402408,0.17846686,-4.63909,-0.017443692,0.8684562
1747679462.0308712,0.16858254,0.38402408,0.17846686,-4.63909,-0.017443692,0.8684562
1747679462.0313945,0.16858254,0.38402408,0.17846686,-4.63909,-0.017443692,0.8684562
1747679462.0319164,0.16858254,0.38402408,0.17846686,-4.63909,-0.017443692,0.8684562
1747679462.032439,0.16858254,0.38402408,0.17846686,-4.63909,-0.017443692,0.8684562
1747679462.0329905,0.16858254,0.38402408,0.17846686,-4.63909,-0.017443692,0.8684562
1747679462.0335388,0.16858254,0.38402408,0.17846686,-4.63909,-0.017443692,0.8684562
1747679462.0340877,0.16858254,0.38402408,0.17846686,-4.63909,-0.017443692,0.8684562
1747679462.0346334,0.16858254,0.38402408,0.17846686,-4.63909,-0.017443692,0.8684562
1747679462.0351577,0.16858254,0.38402408,0.17846686,-4.63909,-0.017443692,0.8684562
1747679462.0356767,0.16858254,0.38402408,0.17846686,-4.63909,-0.017443692,0.8684562
1747679462.0361953,0.16858254,0.38402408,0.17846686,-4.63909,-0.017443692,0.8684562
1747679462.0367134,0.16858254,0.38402408,0.17846686,-4.63909,-0.017443692,0.8684562
1747679462.0372784,0.16858254,0.38402408,0.17846686,-4.63909,-0.017443692,0.8684562
1747679462.0377984,0.16858254,0.38402408,0.17846686,-4.63909,-0.017443692,0.8684562
1747679462.0383177,0.16858254,0.38402408,0.17846686,-4.63909,-0.017443692,0.8684562
1747679462.0388358,0.16858254,0.38402408,0.17846686,-4.63909,-0.017443692,0.8684562
1747679462.0393538,0.16858254,0.38402408,0.17846686,-4.63909,-0.017443692,0.8684562
1747679462.039872,0.16858254,0.38402408,0.17846686,-4.63909,-0.017443692,0.8684562
1747679462.0403943,0.16858254,0.38402408,0.17846686,-4.63909,-0.017443692,0.8684562
1747679462.0409145,0.16858254,0.38402408,0.17846686,-4.63909,-0.017443692,0.8684562
1747679462.0414329,0.16858254,0.38402408,0.17846686,-4.63909,-0.017443692,0.8684562
1747679462.0419514,0.16858254,0.38402408,0.17846686,-4.63909,-0.017443692,0.8684562
1747679462.0424697,0.16858254,0.38402408,0.17846686,-4.63909,-0.017443692,0.8684562
1747679462.042988,0.16858254,0.38402408,0.17846686,-4.63909,-0.017443692,0.8684562
1747679462.0435102,0.27889642,0.38060728,0.48890767,-4.608197,-0.37643754,0.73849404
1747679462.0441084,0.27889642,0.38060728,0.48890767,-4.608197,-0.37643754,0.73849404
1747679462.0446723,0.27889642,0.38060728,0.48890767,-4.608197,-0.37643754,0.73849404
1747679462.0452244,0.27889642,0.38060728,0.48890767,-4.608197,-0.37643754,0.73849404
1747679462.0457797,0.27889642,0.38060728,0.48890767,-4.608197,-0.37643754,0.73849404
1747679462.0463245,0.27889642,0.38060728,0.48890767,-4.608197,-0.37643754,0.73849404
1747679462.0468574,0.27889642,0.38060728,0.48890767,-4.608197,-0.37643754,0.73849404
1747679462.0473824,0.27889642,0.38060728,0.48890767,-4.608197,-0.37643754,0.73849404
1747679462.0479414,0.27889642,0.38060728,0.48890767,-4.608197,-0.37643754,0.73849404
1747679462.0484912,0.27889642,0.38060728,0.48890767,-4.608197,-0.37643754,0.73849404
1747679462.0490246,0.27889642,0.38060728,0.48890767,-4.608197,-0.37643754,0.73849404
1747679462.0495443,0.27889642,0.38060728,0.48890767,-4.608197,-0.37643754,0.73849404
1747679462.0500631,0.27889642,0.38060728,0.48890767,-4.608197,-0.37643754,0.73849404
1747679462.0505812,0.27889642,0.38060728,0.48890767,-4.608197,-0.37643754,0.73849404
1747679462.0510995,0.27889642,0.38060728,0.48890767,-4.608197,-0.37643754,0.73849404
1747679462.0516229,0.3116001,0.38402408,0.70709485,-4.608197,-0.37643754,0.73849404
1747679462.0521457,0.3116001,0.38402408,0.70709485,-4.397275,-0.80467355,0.60320556
1747679462.052668,0.3116001,0.38402408,0.70709485,-4.397275,-0.80467355,0.60320556
1747679462.053188,0.3116001,0.38402408,0.70709485,-4.397275,-0.80467355,0.60320556
1747679462.0537229,0.3116001,0.38402408,0.70709485,-4.397275,-0.80467355,0.60320556
1747679462.054268,0.3116001,0.38402408,0.70709485,-4.397275,-0.80467355,0.60320556
1747679462.0547922,0.3116001,0.38402408,0.70709485,-4.397275,-0.80467355,0.60320556
1747679462.055311,0.3116001,0.38402408,0.70709485,-4.397275,-0.80467355,0.60320556
1747679462.0558295,0.3116001,0.38402408,0.70709485,-4.397275,-0.80467355,0.60320556
1747679462.0563476,0.3116001,0.38402408,0.70709485,-4.397275,-0.80467355,0.60320556
1747679462.0568657,0.3116001,0.38402408,0.70709485,-4.397275,-0.80467355,0.60320556
1747679462.0573843,0.3116001,0.38402408,0.70709485,-4.397275,-0.80467355,0.60320556
1747679462.057902,0.3116001,0.38402408,0.70709485,-4.397275,-0.80467355,0.60320556
1747679462.0584202,0.3116001,0.38402408,0.70709485,-4.397275,-0.80467355,0.60320556
1747679462.0589411,0.3116001,0.38402408,0.70709485,-4.397275,-0.80467355,0.60320556
1747679462.059511,0.3116001,0.38402408,0.70709485,-4.397275,-0.80467355,0.60320556
1747679462.0600622,0.3116001,0.38402408,0.70709485,-4.397275,-0.80467355,0.60320556
1747679462.0605974,0.3116001,0.38402408,0.70709485,-4.397275,-0.80467355,0.60320556
1747679462.0611196,0.3116001,0.38402408,0.70709485,-4.397275,-0.80467355,0.60320556
1747679462.0616407,0.3116001,0.38402408,0.70709485,-4.397275,-0.80467355,0.60320556
1747679462.0621614,0.3116001,0.38402408,0.70709485,-4.397275,-0.80467355,0.60320556
1747679462.062688,0.3360058,0.3850003,0.85108864,-4.397275,-0.80467355,0.60320556
1747679462.0632195,0.3360058,0.3850003,0.85108864,-4.397275,-0.80467355,0.60320556
1747679462.0638094,0.3360058,0.3850003,0.85108864,-3.992475,-1.3788506,0.4455465
1747679462.064357,0.3360058,0.3850003,0.85108864,-3.992475,-1.3788506,0.4455465
1747679462.0648925,0.3360058,0.3850003,0.85108864,-3.992475,-1.3788506,0.4455465
1747679462.0654147,0.3360058,0.3850003,0.85108864,-3.992475,-1.3788506,0.4455465
1747679462.0659359,0.3360058,0.3850003,0.85108864,-3.992475,-1.3788506,0.4455465
1747679462.0664568,0.3360058,0.3850003,0.85108864,-3.992475,-1.3788506,0.4455465
1747679462.066978,0.3360058,0.3850003,0.85108864,-3.992475,-1.3788506,0.4455465
1747679462.0674992,0.3360058,0.3850003,0.85108864,-3.992475,-1.3788506,0.4455465
1747679462.0680199,0.3360058,0.3850003,0.85108864,-3.992475,-1.3788506,0.4455465
1747679462.0685406,0.3360058,0.3850003,0.85108864,-3.992475,-1.3788506,0.4455465
1747679462.0690677,0.3360058,0.3850003,0.85108864,-3.992475,-1.3788506,0.4455465
1747679462.0695956,0.3360058,0.3850003,0.85108864,-3.992475,-1.3788506,0.4455465
1747679462.0701177,0.3360058,0.3850003,0.85108864,-3.992475,-1.3788506,0.4455465
1747679462.0706387,0.3360058,0.3850003,0.85108864,-3.992475,-1.3788506,0.4455465
1747679462.0711594,0.3360058,0.3850003,0.85108864,-3.992475,-1.3788506,0.4455465
1747679462.07168,0.3360058,0.3850003,0.85108864,-3.992475,-1.3788506,0.4455465
1747679462.072201,0.3360058,0.3850003,0.85108864,-3.992475,-1.3788506,0.4455465
1747679462.0727215,0.3360058,0.3850003,0.85108864,-3.992475,-1.3788506,0.4455465
1747679462.0732422,0.3360058,0.3850003,0.85108864,-3.992475,-1.3788506,0.4455465
1747679462.073763,0.3360058,0.3850003,0.85108864,-3.992475,-1.3788506,0.4455465
1747679462.0749233,0.3360058,0.3850003,0.85108864,-3.992475,-1.3788506,0.4455465
1747679462.0754683,0.3360058,0.3850003,0.85108864,-3.992475,-1.3788506,0.4455465
1747679462.0760038,0.3360058,0.3850003,0.85108864,-3.992475,-1.3788506,0.4455465
1747679462.0765333,0.35650662,0.36938065,0.916496,-3.5141716,-1.9508972,0.26764748
1747679462.0770552,0.35650662,0.36938065,0.916496,-3.5141716,-1.9508972,0.26764748
1747679462.0775738,0.35650662,0.36938065,0.916496,-3.5141716,-1.9508972,0.26764748
1747679462.0780923,0.35650662,0.36938065,0.916496,-3.5141716,-1.9508972,0.26764748
1747679462.0786107,0.35650662,0.36938065,0.916496,-3.5141716,-1.9508972,0.26764748
1747679462.0791337,0.35650662,0.36938065,0.916496,-3.5141716,-1.9508972,0.26764748
1747679462.0797188,0.35650662,0.36938065,0.916496,-3.5141716,-1.9508972,0.26764748
1747679462.080267,0.35650662,0.36938065,0.916496,-3.5141716,-1.9508972,0.26764748
1747679462.0808,0.35650662,0.36938065,0.916496,-3.5141716,-1.9508972,0.26764748
1747679462.0813196,0.35650662,0.36938065,0.916496,-3.5141716,-1.9508972,0.26764748
1747679462.081838,0.35650662,0.36938065,0.916496,-3.5141716,-1.9508972,0.26764748
1747679462.0823565,0.35650662,0.36938065,0.916496,-3.5141716,-1.9508972,0.26764748
1747679462.0828748,0.35650662,0.36938065,0.916496,-3.5141716,-1.9508972,0.26764748
1747679462.0833972,0.2808489,0.35864213,0.886721,-3.5141716,-1.9508972,0.26764748
1747679462.0839202,0.2808489,0.35864213,0.886721,-3.2137673,-2.1852553,0.19201377
1747679462.0844567,0.2808489,0.35864213,0.886721,-3.2137673,-2.1852553,0.19201377
1747679462.0850024,0.2808489,0.35864213,0.886721,-3.2137673,-2.1852553,0.19201377
1747679462.0855265,0.2808489,0.35864213,0.886721,-3.2137673,-2.1852553,0.19201377
1747679462.0860453,0.2808489,0.35864213,0.886721,-3.2137673,-2.1852553,0.19201377
1747679462.0865636,0.2808489,0.35864213,0.886721,-3.2137673,-2.1852553,0.19201377
1747679462.0870814,0.2808489,0.35864213,0.886721,-3.2137673,-2.1852553,0.19201377
1747679462.087599,0.2808489,0.35864213,0.886721,-3.2137673,-2.1852553,0.19201377
1747679462.08812,0.2808489,0.35864213,0.886721,-3.2137673,-2.1852553,0.19201377
1747679462.0886397,0.2808489,0.35864213,0.886721,-3.2137673,-2.1852553,0.19201377
1747679462.0891607,0.2808489,0.35864213,0.886721,-3.2137673,-2.1852553,0.19201377
1747679462.0896997,0.2808489,0.35864213,0.886721,-3.1019146,-2.0851204,0.2261022
1747679462.0902364,0.2808489,0.35864213,0.886721,-3.1019146,-2.0851204,0.2261022
1747679462.090761,0.20567925,0.38060728,0.7695735,-3.1019146,-2.0851204,0.2261022
1747679462.091281,0.20567925,0.38060728,0.7695735,-3.1019146,-2.0851204,0.2261022
1747679462.0917993,0.20567925,0.38060728,0.7695735,-3.1019146,-2.0851204,0.2261022
1747679462.0923176,0.20567925,0.38060728,0.7695735,-3.1019146,-2.0851204,0.2261022
1747679462.092836,0.20567925,0.38060728,0.7695735,-3.1019146,-2.0851204,0.2261022
1747679462.093354,0.20567925,0.38060728,0.7695735,-3.1019146,-2.0851204,0.2261022
1747679462.0938928,0.20567925,0.38060728,0.7695735,-3.1019146,-2.0851204,0.2261022
1747679462.0944383,0.20567925,0.38060728,0.7695735,-3.1019146,-2.0851204,0.2261022
1747679462.094968,0.20567925,0.38060728,0.7695735,-3.1019146,-2.0851204,0.2261022
1747679462.095519,0.20567925,0.38060728,0.7695735,-3.1019146,-2.0851204,0.2261022
1747679462.0960715,0.20567925,0.38060728,0.7695735,-3.1019146,-2.0851204,0.2261022
1747679462.0966043,0.20567925,0.38060728,0.7695735,-3.1019146,-2.0851204,0.2261022
1747679462.0971236,0.20567925,0.38060728,0.7695735,-3.1019146,-2.0851204,0.2261022
1747679462.0976422,0.20567925,0.38060728,0.7695735,-3.1019146,-2.0851204,0.2261022
1747679462.0981667,0.20567925,0.38060728,0.7695735,-3.1019146,-2.0851204,0.2261022
1747679462.0986853,0.20567925,0.38060728,0.7695735,-3.1019146,-2.0851204,0.2261022
1747679462.0992033,0.20567925,0.38060728,0.7695735,-3.1019146,-2.0851204,0.2261022
1747679462.0997217,0.20567925,0.38060728,0.7695735,-3.1019146,-2.0851204,0.2261022
1747679462.1002443,0.20567925,0.38060728,0.7695735,-3.1019146,-2.0851204,0.2261022
1747679462.1007643,0.20567925,0.38060728,0.7695735,-3.1019146,-2.0851204,0.2261022
1747679462.1012826,0.20567925,0.38060728,0.7695735,-3.1019146,-2.0851204,0.2261022
1747679462.1018045,0.16272517,0.3400938,0.6773199,-3.2361379,-1.7048213,0.31664962
1747679462.1023247,0.16272517,0.3400938,0.6773199,-3.2361379,-1.7048213,0.31664962
1747679462.102843,0.16272517,0.3400938,0.6773199,-3.2361379,-1.7048213,0.31664962
1747679462.1033614,0.16272517,0.3400938,0.6773199,-3.2361379,-1.7048213,0.31664962
1747679462.103879,0.16272517,0.3400938,0.6773199,-3.2361379,-1.7048213,0.31664962
1747679462.1044137,0.16272517,0.3400938,0.6773199,-3.2361379,-1.7048213,0.31664962
1747679462.1050875,0.16272517,0.3400938,0.6773199,-3.2361379,-1.7048213,0.31664962
1747679462.1057804,0.16272517,0.3400938,0.6773199,-3.2361379,-1.7048213,0.31664962
1747679462.106335,0.16272517,0.3400938,0.6773199,-3.2361379,-1.7048213,0.31664962
1747679462.1068754,0.16272517,0.3400938,0.6773199,-3.2361379,-1.7048213,0.31664962
1747679462.1074083,0.16272517,0.3400938,0.6773199,-3.2361379,-1.7048213,0.31664962
1747679462.1079283,0.16272517,0.3400938,0.6773199,-3.2361379,-1.7048213,0.31664962
1747679462.1084514,0.16272517,0.3400938,0.6773199,-3.2361379,-1.7048213,0.31664962
1747679462.1089716,0.16272517,0.3400938,0.6773199,-3.2361379,-1.7048213,0.31664962
1747679462.1094937,0.16223705,0.27078152,0.7046543,-3.2361379,-1.7048213,0.31664962
1747679462.1100185,0.16223705,0.27078152,0.7046543,-3.2361379,-1.7048213,0.31664962
1747679462.1105754,0.16223705,0.27078152,0.7046543,-3.4939315,-1.1402316,0.42743704
1747679462.1111288,0.16223705,0.27078152,0.7046543,-3.4939315,-1.1402316,0.42743704
1747679462.111662,0.16223705,0.27078152,0.7046543,-3.4939315,-1.1402316,0.42743704
1747679462.1121814,0.16223705,0.27078152,0.7046543,-3.4939315,-1.1402316,0.42743704
1747679462.1127002,0.16223705,0.27078152,0.7046543,-3.4939315,-1.1402316,0.42743704
1747679462.1132183,0.16223705,0.27078152,0.7046543,-3.4939315,-1.1402316,0.42743704
1747679462.1137526,0.16223705,0.27078152,0.7046543,-3.4939315,-1.1402316,0.42743704
1747679462.114297,0.16223705,0.27078152,0.7046543,-3.4939315,-1.1402316,0.42743704
1747679462.1148214,0.16223705,0.27078152,0.7046543,-3.4939315,-1.1402316,0.42743704
1747679462.11534,0.16223705,0.27078152,0.7046543,-3.4939315,-1.1402316,0.42743704
1747679462.115858,0.16223705,0.27078152,0.7046543,-3.4939315,-1.1402316,0.42743704
1747679462.1163764,0.16223705,0.27078152,0.7046543,-3.4939315,-1.1402316,0.42743704
1747679462.116894,0.16223705,0.27078152,0.7046543,-3.4939315,-1.1402316,0.42743704
1747679462.1174119,0.16223705,0.27078152,0.7046543,-3.4939315,-1.1402316,0.42743704
1747679462.1179295,0.16223705,0.27078152,0.7046543,-3.4939315,-1.1402316,0.42743704
1747679462.1184473,0.16223705,0.27078152,0.7046543,-3.4939315,-1.1402316,0.42743704
1747679462.118965,0.16223705,0.27078152,0.7046543,-3.4939315,-1.1402316,0.42743704
1747679462.119483,0.16223705,0.27078152,0.7046543,-3.4939315,-1.1402316,0.42743704
1747679462.1200025,0.16223705,0.27078152,0.7046543,-3.4939315,-1.1402316,0.42743704
1747679462.120543,0.20323867,0.25760242,0.8320521,-3.7037885,-0.62570924,0.51585394
1747679462.121091,0.20323867,0.25760242,0.8320521,-3.7037885,-0.62570924,0.51585394
1747679462.1216395,0.20323867,0.25760242,0.8320521,-3.7037885,-0.62570924,0.51585394
1747679462.1221888,0.20323867,0.25760242,0.8320521,-3.7037885,-0.62570924,0.51585394
1747679462.1227138,0.20323867,0.25760242,0.8320521,-3.7037885,-0.62570924,0.51585394
1747679462.1232326,0.20323867,0.25760242,0.8320521,-3.7037885,-0.62570924,0.51585394
1747679462.123751,0.20323867,0.25760242,0.8320521,-3.7037885,-0.62570924,0.51585394
1747679462.1242828,0.20323867,0.25760242,0.8320521,-3.7037885,-0.62570924,0.51585394
1747679462.1248198,0.20323867,0.25760242,0.8320521,-3.7037885,-0.62570924,0.51585394
1747679462.1253424,0.20323867,0.25760242,0.8320521,-3.7037885,-0.62570924,0.51585394
1747679462.125865,0.20323867,0.25760242,0.8320521,-3.7037885,-0.62570924,0.51585394
1747679462.126416,0.20323867,0.25760242,0.8320521,-3.7037885,-0.62570924,0.51585394
1747679462.1269684,0.20323867,0.25760242,0.8320521,-3.7037885,-0.62570924,0.51585394
1747679462.1275012,0.20323867,0.25760242,0.8320521,-3.7037885,-0.62570924,0.51585394
1747679462.1280208,0.20323867,0.25760242,0.8320521,-3.7037885,-0.62570924,0.51585394
1747679462.1285396,0.20323867,0.25760242,0.8320521,-3.7037885,-0.62570924,0.51585394
1747679462.129058,0.20323867,0.25760242,0.8320521,-3.7037885,-0.62570924,0.51585394
1747679462.129576,0.20323867,0.25760242,0.8320521,-3.7037885,-0.62570924,0.51585394
1747679462.130098,0.20323867,0.25760242,0.8320521,-3.7037885,-0.62570924,0.51585394
1747679462.1306598,0.20323867,0.25760242,0.8320521,-3.7410727,-0.41798282,0.51159286
1747679462.1312206,0.20323867,0.25760242,0.8320521,-3.7410727,-0.41798282,0.51159286
1747679462.1317508,0.3521136,0.2634598,1.0248574,-3.7410727,-0.41798282,0.51159286
1747679462.1322715,0.3521136,0.2634598,1.0248574,-3.7410727,-0.41798282,0.51159286
1747679462.13279,0.3521136,0.2634598,1.0248574,-3.7410727,-0.41798282,0.51159286
1747679462.1333196,0.3521136,0.2634598,1.0248574,-3.7410727,-0.41798282,0.51159286
1747679462.1338565,0.3521136,0.2634598,1.0248574,-3.7410727,-0.41798282,0.51159286
1747679462.1343796,0.3521136,0.2634598,1.0248574,-3.7410727,-0.41798282,0.51159286
1747679462.1348982,0.3521136,0.2634598,1.0248574,-3.7410727,-0.41798282,0.51159286
1747679462.1355329,0.3521136,0.2634598,1.0248574,-3.7410727,-0.41798282,0.51159286
1747679462.1360974,0.3521136,0.2634598,1.0248574,-3.7410727,-0.41798282,0.51159286
1747679462.1366627,0.3521136,0.2634598,1.0248574,-3.7410727,-0.41798282,0.51159286
1747679462.1372302,0.3521136,0.2634598,1.0248574,-3.7410727,-0.41798282,0.51159286
1747679462.137797,0.3521136,0.2634598,1.0248574,-3.7410727,-0.41798282,0.51159286
1747679462.1383548,0.3521136,0.2634598,1.0248574,-3.7410727,-0.41798282,0.51159286
1747679462.138915,0.3521136,0.2634598,1.0248574,-3.7410727,-0.41798282,0.51159286
1747679462.1394522,0.3521136,0.2634598,1.0248574,-3.7410727,-0.41798282,0.51159286
1747679462.1399832,0.3521136,0.2634598,1.0248574,-3.7410727,-0.41798282,0.51159286
1747679462.1405642,0.3521136,0.2634598,1.0248574,-3.7410727,-0.41798282,0.51159286
1747679462.141112,0.40629432,0.25809053,1.2464614,-3.52802,-0.7077345,0.29214856
1747679462.1422467,0.40629432,0.25809053,1.2464614,-3.52802,-0.7077345,0.29214856
1747679462.142813,0.40629432,0.25809053,1.2464614,-3.52802,-0.7077345,0.29214856
1747679462.1433654,0.40629432,0.25809053,1.2464614,-3.52802,-0.7077345,0.29214856
1747679462.1439068,0.40629432,0.25809053,1.2464614,-3.52802,-0.7077345,0.29214856
1747679462.1444457,0.40629432,0.25809053,1.2464614,-3.52802,-0.7077345,0.29214856
1747679462.1449816,0.40629432,0.25809053,1.2464614,-3.52802,-0.7077345,0.29214856
1747679462.1455183,0.40629432,0.25809053,1.2464614,-3.52802,-0.7077345,0.29214856
1747679462.1460557,0.40629432,0.25809053,1.2464614,-3.52802,-0.7077345,0.29214856
1747679462.146592,0.40629432,0.25809053,1.2464614,-3.52802,-0.7077345,0.29214856
1747679462.1471279,0.40629432,0.25809053,1.2464614,-3.52802,-0.7077345,0.29214856
1747679462.147663,0.40629432,0.25809053,1.2464614,-3.52802,-0.7077345,0.29214856
1747679462.1481988,0.40629432,0.25809053,1.2464614,-3.52802,-0.7077345,0.29214856
1747679462.1487365,0.40629432,0.25809053,1.2464614,-3.52802,-0.7077345,0.29214856
1747679462.1492722,0.40629432,0.25809053,1.2464614,-3.52802,-0.7077345,0.29214856
1747679462.149885,0.27596775,0.2673647,1.3758117,-3.52802,-0.7077345,0.29214856
1747679462.1504254,0.27596775,0.2673647,1.3758117,-3.52802,-0.7077345,0.29214856
1747679462.1510022,0.27596775,0.2673647,1.3758117,-3.52802,-0.7077345,0.29214856
1747679462.1515489,0.27596775,0.2673647,1.3758117,-3.52802,-0.7077345,0.29214856
1747679462.1520865,0.27596775,0.2673647,1.3758117,-3.0827398,-1.2275832,0.10359689
1747679462.1526184,0.27596775,0.2673647,1.3758117,-3.0827398,-1.2275832,0.10359689
1747679462.1531487,0.27596775,0.2673647,1.3758117,-3.0827398,-1.2275832,0.10359689
1747679462.1536927,0.27596775,0.2673647,1.3758117,-3.0827398,-1.2275832,0.10359689
1747679462.154242,0.27596775,0.2673647,1.3758117,-3.0827398,-1.2275832,0.10359689
1747679462.1547806,0.27596775,0.2673647,1.3758117,-3.0827398,-1.2275832,0.10359689
1747679462.1553166,0.27596775,0.2673647,1.3758117,-3.0827398,-1.2275832,0.10359689
1747679462.1558537,0.27596775,0.2673647,1.3758117,-3.0827398,-1.2275832,0.10359689
1747679462.1564002,0.27596775,0.2673647,1.3758117,-3.0827398,-1.2275832,0.10359689
1747679462.1569524,0.27596775,0.2673647,1.3758117,-3.0827398,-1.2275832,0.10359689
1747679462.1580951,0.27596775,0.2673647,1.3758117,-3.0827398,-1.2275832,0.10359689
1747679462.1586573,0.27596775,0.2673647,1.3758117,-3.0827398,-1.2275832,0.10359689
1747679462.1592093,0.27596775,0.2673647,1.3758117,-3.0827398,-1.2275832,0.10359689
1747679462.159747,0.27596775,0.2673647,1.3758117,-3.0827398,-1.2275832,0.10359689
1747679462.1602838,0.27596775,0.2673647,1.3758117,-3.0827398,-1.2275832,0.10359689
1747679462.1608207,0.27596775,0.2673647,1.3758117,-3.0827398,-1.2275832,0.10359689
1747679462.161368,0.27596775,0.2673647,1.3758117,-3.0827398,-1.2275832,0.10359689
1747679462.1619165,0.27596775,0.2673647,1.3758117,-3.0827398,-1.2275832,0.10359689
1747679462.1624603,0.27596775,0.2673647,1.3758117,-3.0827398,-1.2275832,0.10359689
1747679462.1629975,0.1939645,0.2971397,1.3313932,-3.0827398,-1.2275832,0.10359689
1747679462.1635227,0.1939645,0.2971397,1.3313932,-2.6822007,-1.6696676,0.07057372
1747679462.1640604,0.1939645,0.2971397,1.3313932,-2.6822007,-1.6696676,0.07057372
1747679462.1646092,0.1939645,0.2971397,1.3313932,-2.6822007,-1.6696676,0.07057372
1747679462.1651359,0.1939645,0.2971397,1.3313932,-2.6822007,-1.6696676,0.07057372
1747679462.1656573,0.1939645,0.2971397,1.3313932,-2.6822007,-1.6696676,0.07057372
1747679462.1662517,0.1939645,0.2971397,1.3313932,-2.6822007,-1.6696676,0.07057372
1747679462.1668134,0.1939645,0.2971397,1.3313932,-2.6822007,-1.6696676,0.07057372
1747679462.1673653,0.1939645,0.2971397,1.3313932,-2.6822007,-1.6696676,0.07057372
1747679462.1679082,0.1939645,0.2971397,1.3313932,-2.6822007,-1.6696676,0.07057372
1747679462.1684496,0.1939645,0.2971397,1.3313932,-2.6822007,-1.6696676,0.07057372
1747679462.1689854,0.1939645,0.2971397,1.3313932,-2.6822007,-1.6696676,0.07057372
1747679462.1695073,0.1939645,0.2971397,1.3313932,-2.6822007,-1.6696676,0.07057372
1747679462.1700287,0.1939645,0.2971397,1.3313932,-2.6822007,-1.6696676,0.07057372
1747679462.1705492,0.1939645,0.2971397,1.3313932,-2.6822007,-1.6696676,0.07057372
1747679462.17107,0.1939645,0.2971397,1.3313932,-2.6822007,-1.6696676,0.07057372
1747679462.1715908,0.1939645,0.2971397,1.3313932,-2.6822007,-1.6696676,0.07057372
1747679462.1721115,0.1939645,0.2971397,1.3313932,-2.6822007,-1.6696676,0.07057372
1747679462.172641,0.1939645,0.2971397,1.3313932,-2.6822007,-1.6696676,0.07057372
1747679462.1733375,0.14905797,0.3137356,1.1444455,-2.6822007,-1.6696676,0.07057372
1747679462.1738951,0.14905797,0.3137356,1.1444455,-2.3668826,-2.1287963,0.067377925
1747679462.1744416,0.14905797,0.3137356,1.1444455,-2.3668826,-2.1287963,0.067377925
1747679462.1749544,0.14905797,0.3137356,1.1444455,-2.3668826,-2.1287963,0.067377925
1747679462.1754887,0.14905797,0.3137356,1.1444455,-2.3668826,-2.1287963,0.067377925
1747679462.176012,0.14905797,0.3137356,1.1444455,-2.3668826,-2.1287963,0.067377925
1747679462.1765313,0.14905797,0.3137356,1.1444455,-2.3668826,-2.1287963,0.067377925
1747679462.1770496,0.14905797,0.3137356,1.1444455,-2.3668826,-2.1287963,0.067377925
1747679462.177568,0.14905797,0.3137356,1.1444455,-2.3668826,-2.1287963,0.067377925
1747679462.1780858,0.14905797,0.3137356,1.1444455,-2.3668826,-2.1287963,0.067377925
1747679462.1786041,0.14905797,0.3137356,1.1444455,-2.3668826,-2.1287963,0.067377925
1747679462.1791222,0.14905797,0.3137356,1.1444455,-2.3668826,-2.1287963,0.067377925
1747679462.1796403,0.14905797,0.3137356,1.1444455,-2.3668826,-2.1287963,0.067377925
1747679462.1801581,0.14905797,0.3137356,1.1444455,-2.3668826,-2.1287963,0.067377925
1747679462.180676,0.14905797,0.3137356,1.1444455,-2.3668826,-2.1287963,0.067377925
1747679462.1811943,0.14905797,0.3137356,1.1444455,-2.3668826,-2.1287963,0.067377925
1747679462.1817336,0.14905797,0.3137356,1.1444455,-2.3668826,-2.1287963,0.067377925
1747679462.1822715,0.14905797,0.3137356,1.1444455,-2.3668826,-2.1287963,0.067377925
1747679462.1827955,0.14905797,0.3137356,1.1444455,-2.3668826,-2.1287963,0.067377925
1747679462.1833138,0.14905797,0.3137356,1.1444455,-2.3668826,-2.1287963,0.067377925
1747679462.1838472,0.14905797,0.3137356,1.1444455,-2.3668826,-2.1287963,0.067377925
1747679462.184386,0.09194857,0.28347248,0.9399255,-2.3583605,-2.2076256,0.15579481
1747679462.184909,0.09194857,0.28347248,0.9399255,-2.3583605,-2.2076256,0.15579481
1747679462.1854293,0.09194857,0.28347248,0.9399255,-2.3583605,-2.2076256,0.15579481
1747679462.1859486,0.09194857,0.28347248,0.9399255,-2.3583605,-2.2076256,0.15579481
1747679462.1864674,0.09194857,0.28347248,0.9399255,-2.3583605,-2.2076256,0.15579481
1747679462.1869855,0.09194857,0.28347248,0.9399255,-2.3583605,-2.2076256,0.15579481
1747679462.1875036,0.09194857,0.28347248,0.9399255,-2.3583605,-2.2076256,0.15579481
1747679462.188022,0.09194857,0.28347248,0.9399255,-2.3583605,-2.2076256,0.15579481
1747679462.188547,0.09194857,0.28347248,0.9399255,-2.3583605,-2.2076256,0.15579481
1747679462.1891541,0.09194857,0.28347248,0.9399255,-2.3583605,-2.2076256,0.15579481
1747679462.1897047,0.09194857,0.28347248,0.9399255,-2.3583605,-2.2076256,0.15579481
1747679462.1902297,0.09194857,0.28347248,0.9399255,-2.3583605,-2.2076256,0.15579481
1747679462.190752,0.11928298,0.26541227,0.8457194,-2.5820658,-1.9040256,0.28575698
1747679462.1912718,0.11928298,0.26541227,0.8457194,-2.5820658,-1.9040256,0.28575698
1747679462.1917899,0.11928298,0.26541227,0.8457194,-2.5820658,-1.9040256,0.28575698
1747679462.192308,0.11928298,0.26541227,0.8457194,-2.5820658,-1.9040256,0.28575698
1747679462.192829,0.11928298,0.26541227,0.8457194,-2.5820658,-1.9040256,0.28575698
1747679462.193349,0.11928298,0.26541227,0.8457194,-2.5820658,-1.9040256,0.28575698
1747679462.1938672,0.11928298,0.26541227,0.8457194,-2.5820658,-1.9040256,0.28575698
1747679462.1944025,0.11928298,0.26541227,0.8457194,-2.5820658,-1.9040256,0.28575698
1747679462.1949475,0.11928298,0.26541227,0.8457194,-2.5820658,-1.9040256,0.28575698
1747679462.1954718,0.11928298,0.26541227,0.8457194,-2.5820658,-1.9040256,0.28575698
1747679462.1959906,0.11928298,0.26541227,0.8457194,-2.5820658,-1.9040256,0.28575698
1747679462.196633,0.11928298,0.26541227,0.8457194,-2.5820658,-1.9040256,0.28575698
1747679462.1971898,0.11928298,0.26541227,0.8457194,-2.5820658,-1.9040256,0.28575698
1747679462.1977284,0.11928298,0.26541227,0.8457194,-2.5820658,-1.9040256,0.28575698
1747679462.198261,0.11928298,0.26541227,0.8457194,-2.5820658,-1.9040256,0.28575698
1747679462.1987808,0.11928298,0.26541227,0.8457194,-2.5820658,-1.9040256,0.28575698
1747679462.1992993,0.11928298,0.26541227,0.8457194,-2.5820658,-1.9040256,0.28575698
1747679462.1998177,0.11928298,0.26541227,0.8457194,-2.5820658,-1.9040256,0.28575698
1747679462.2003384,0.11928298,0.26541227,0.8457194,-2.5820658,-1.9040256,0.28575698
1747679462.2008638,0.15833214,0.19073074,0.8174087,-2.5820658,-1.9040256,0.28575698
1747679462.2013867,0.15833214,0.19073074,0.8174087,-2.9538429,-1.3405012,0.38482648
1747679462.201906,0.15833214,0.19073074,0.8174087,-2.9538429,-1.3405012,0.38482648
1747679462.2024245,0.15833214,0.19073074,0.8174087,-2.9538429,-1.3405012,0.38482648
1747679462.2029426,0.15833214,0.19073074,0.8174087,-2.9538429,-1.3405012,0.38482648
1747679462.2034907,0.15833214,0.19073074,0.8174087,-2.9538429,-1.3405012,0.38482648
1747679462.204044,0.15833214,0.19073074,0.8174087,-2.9538429,-1.3405012,0.38482648
1747679462.2046018,0.15833214,0.19073074,0.8174087,-2.9538429,-1.3405012,0.38482648
1747679462.2051501,0.15833214,0.19073074,0.8174087,-2.9538429,-1.3405012,0.38482648
1747679462.205683,0.15833214,0.19073074,0.8174087,-2.9538429,-1.3405012,0.38482648
1747679462.2062025,0.15833214,0.19073074,0.8174087,-2.9538429,-1.3405012,0.38482648
1747679462.2067208,0.15833214,0.19073074,0.8174087,-2.9538429,-1.3405012,0.38482648
1747679462.2072387,0.15833214,0.19073074,0.8174087,-2.9538429,-1.3405012,0.38482648
1747679462.2077568,0.15833214,0.19073074,0.8174087,-2.9538429,-1.3405012,0.38482648
1747679462.2082748,0.15833214,0.19073074,0.8174087,-2.9538429,-1.3405012,0.38482648
1747679462.2087932,0.15833214,0.19073074,0.8174087,-2.9538429,-1.3405012,0.38482648
1747679462.2093112,0.15833214,0.19073074,0.8174087,-2.9538429,-1.3405012,0.38482648
1747679462.2098293,0.15833214,0.19073074,0.8174087,-2.9538429,-1.3405012,0.38482648
1747679462.2103517,0.15833214,0.19073074,0.8174087,-2.9538429,-1.3405012,0.38482648
1747679462.2108738,0.20567925,0.11360865,0.95896196,-2.9538429,-1.3405012,0.38482648
1747679462.211393,0.20567925,0.11360865,0.95896196,-2.9538429,-1.3405012,0.38482648
1747679462.2119617,0.20567925,0.11360865,0.95896196,-2.9538429,-1.3405012,0.38482648
1747679462.2125058,0.20567925,0.11360865,0.95896196,-2.9538429,-1.3405012,0.38482648
1747679462.213048,0.20567925,0.11360865,0.95896196,-2.9538429,-1.3405012,0.38482648
1747679462.2136054,0.20567925,0.11360865,0.95896196,-3.297923,-0.7759114,0.43063283
1747679462.2141416,0.20567925,0.11360865,0.95896196,-3.297923,-0.7759114,0.43063283
1747679462.2146654,0.20567925,0.11360865,0.95896196,-3.297923,-0.7759114,0.43063283
1747679462.2151842,0.20567925,0.11360865,0.95896196,-3.297923,-0.7759114,0.43063283
1747679462.2157028,0.20567925,0.11360865,0.95896196,-3.297923,-0.7759114,0.43063283
1747679462.216221,0.20567925,0.11360865,0.95896196,-3.297923,-0.7759114,0.43063283
1747679462.2167394,0.20567925,0.11360865,0.95896196,-3.297923,-0.7759114,0.43063283
1747679462.2172575,0.20567925,0.11360865,0.95896196,-3.297923,-0.7759114,0.43063283
1747679462.2177756,0.20567925,0.11360865,0.95896196,-3.297923,-0.7759114,0.43063283
1747679462.2182937,0.20567925,0.11360865,0.95896196,-3.297923,-0.7759114,0.43063283
1747679462.218816,0.20567925,0.11360865,0.95896196,-3.297923,-0.7759114,0.43063283
1747679462.2193375,0.20567925,0.11360865,0.95896196,-3.297923,-0.7759114,0.43063283
1747679462.2198596,0.20567925,0.11360865,0.95896196,-3.297923,-0.7759114,0.43063283
1747679462.2204301,0.268646,0.09310784,1.2420684,-3.297923,-0.7759114,0.43063283
1747679462.2209978,0.268646,0.09310784,1.2420684,-3.3490558,-0.51385653,0.40932757
1747679462.2215455,0.268646,0.09310784,1.2420684,-3.3490558,-0.51385653,0.40932757
1747679462.2220705,0.268646,0.09310784,1.2420684,-3.3490558,-0.51385653,0.40932757
1747679462.2225895,0.268646,0.09310784,1.2420684,-3.3490558,-0.51385653,0.40932757
1747679462.2231076,0.268646,0.09310784,1.2420684,-3.3490558,-0.51385653,0.40932757
1747679462.223626,0.268646,0.09310784,1.2420684,-3.3490558,-0.51385653,0.40932757
1747679462.2241592,0.268646,0.09310784,1.2420684,-3.3490558,-0.51385653,0.40932757
1747679462.2246964,0.268646,0.09310784,1.2420684,-3.3490558,-0.51385653,0.40932757
1747679462.2252188,0.268646,0.09310784,1.2420684,-3.3490558,-0.51385653,0.40932757
1747679462.2257373,0.268646,0.09310784,1.2420684,-3.3490558,-0.51385653,0.40932757
1747679462.2262554,0.268646,0.09310784,1.2420684,-3.3490558,-0.51385653,0.40932757
1747679462.2268312,0.268646,0.09310784,1.2420684,-3.3490558,-0.51385653,0.40932757
1747679462.2273805,0.268646,0.09310784,1.2420684,-3.3490558,-0.51385653,0.40932757
1747679462.227919,0.268646,0.09310784,1.2420684,-3.3490558,-0.51385653,0.40932757
1747679462.228456,0.268646,0.09310784,1.2420684,-3.3490558,-0.51385653,0.40932757
1747679462.2289884,0.268646,0.09310784,1.2420684,-3.3490558,-0.51385653,0.40932757
1747679462.2295082,0.268646,0.09310784,1.2420684,-3.3490558,-0.51385653,0.40932757
1747679462.230031,0.268646,0.09310784,1.2420684,-3.0198894,-0.77058506,0.2793654
1747679462.2305546,0.28231323,0.109703735,1.4724584,-3.0198894,-0.77058506,0.2793654
1747679462.2310748,0.28231323,0.109703735,1.4724584,-3.0198894,-0.77058506,0.2793654
1747679462.2315931,0.28231323,0.109703735,1.4724584,-3.0198894,-0.77058506,0.2793654
1747679462.2321112,0.28231323,0.109703735,1.4724584,-3.0198894,-0.77058506,0.2793654
1747679462.232629,0.28231323,0.109703735,1.4724584,-3.0198894,-0.77058506,0.2793654
1747679462.233147,0.28231323,0.109703735,1.4724584,-3.0198894,-0.77058506,0.2793654
1747679462.2336814,0.28231323,0.109703735,1.4724584,-3.0198894,-0.77058506,0.2793654
1747679462.234227,0.28231323,0.109703735,1.4724584,-3.0198894,-0.77058506,0.2793654
1747679462.2347565,0.28231323,0.109703735,1.4724584,-3.0198894,-0.77058506,0.2793654
1747679462.2353075,0.28231323,0.109703735,1.4724584,-3.0198894,-0.77058506,0.2793654
1747679462.235857,0.28231323,0.109703735,1.4724584,-3.0198894,-0.77058506,0.2793654
1747679462.2363899,0.28231323,0.109703735,1.4724584,-3.0198894,-0.77058506,0.2793654
1747679462.2369096,0.28231323,0.109703735,1.4724584,-3.0198894,-0.77058506,0.2793654
1747679462.2374742,0.28231323,0.109703735,1.4724584,-3.0198894,-0.77058506,0.2793654
1747679462.237994,0.28231323,0.109703735,1.4724584,-3.0198894,-0.77058506,0.2793654
1747679462.238513,0.28231323,0.109703735,1.4724584,-3.0198894,-0.77058506,0.2793654
1747679462.2390358,0.1466174,0.11360865,1.586189,-3.0198894,-0.77058506,0.2793654
1747679462.2395597,0.1466174,0.11360865,1.586189,-2.4105585,-1.4203959,0.1824264
1747679462.2400796,0.1466174,0.11360865,1.586189,-2.4105585,-1.4203959,0.1824264
1747679462.240598,0.1466174,0.11360865,1.586189,-2.4105585,-1.4203959,0.1824264
1747679462.2411158,0.1466174,0.11360865,1.586189,-2.4105585,-1.4203959,0.1824264
1747679462.241654,0.1466174,0.11360865,1.586189,-2.4105585,-1.4203959,0.1824264
1747679462.2422006,0.1466174,0.11360865,1.586189,-2.4105585,-1.4203959,0.1824264
1747679462.2427266,0.1466174,0.11360865,1.586189,-2.4105585,-1.4203959,0.1824264
1747679462.2432458,0.1466174,0.11360865,1.586189,-2.4105585,-1.4203959,0.1824264
1747679462.2437787,0.1466174,0.11360865,1.586189,-2.4105585,-1.4203959,0.1824264
1747679462.2443168,0.1466174,0.11360865,1.586189,-2.4105585,-1.4203959,0.1824264
1747679462.2448397,0.1466174,0.11360865,1.586189,-2.4105585,-1.4203959,0.1824264
1747679462.245358,0.1466174,0.11360865,1.586189,-2.4105585,-1.4203959,0.1824264
1747679462.2458766,0.1466174,0.11360865,1.586189,-2.4105585,-1.4203959,0.1824264
1747679462.2463942,0.1466174,0.11360865,1.586189,-2.4105585,-1.4203959,0.1824264
1747679462.2469125,0.1466174,0.11360865,1.586189,-2.4105585,-1.4203959,0.1824264
1747679462.2474308,0.1466174,0.11360865,1.586189,-2.4105585,-1.4203959,0.1824264
1747679462.2479491,0.1466174,0.11360865,1.586189,-2.4105585,-1.4203959,0.1824264
1747679462.2484667,0.1466174,0.11360865,1.586189,-2.4105585,-1.4203959,0.1824264
1747679462.2489848,0.1466174,0.11360865,1.586189,-2.4105585,-1.4203959,0.1824264
1747679462.2495081,-0.00030507156,0.16827747,1.4856374,-2.4105585,-1.4203959,0.1824264
1747679462.2500284,-0.00030507156,0.16827747,1.4856374,-2.4105585,-1.4203959,0.1824264
1747679462.2505507,-0.00030507156,0.16827747,1.4856374,-2.4105585,-1.4203959,0.1824264
1747679462.2511022,-0.00030507156,0.16827747,1.4856374,-2.4105585,-1.4203959,0.1824264
1747679462.2516513,-0.00030507156,0.16827747,1.4856374,-2.4105585,-1.4203959,0.1824264
1747679462.2521846,-0.00030507156,0.16827747,1.4856374,-1.7213329,-2.2257352,0.27084327
1747679462.2527058,-0.00030507156,0.16827747,1.4856374,-1.7213329,-2.2257352,0.27084327
1747679462.2532246,-0.00030507156,0.16827747,1.4856374,-1.7213329,-2.2257352,0.27084327
1747679462.253743,-0.00030507156,0.16827747,1.4856374,-1.7213329,-2.2257352,0.27084327
1747679462.2542777,-0.00030507156,0.16827747,1.4856374,-1.7213329,-2.2257352,0.27084327
1747679462.2548234,-0.00030507156,0.16827747,1.4856374,-1.7213329,-2.2257352,0.27084327
1747679462.255348,-0.00030507156,0.16827747,1.4856374,-1.7213329,-2.2257352,0.27084327
1747679462.2558665,-0.00030507156,0.16827747,1.4856374,-1.7213329,-2.2257352,0.27084327
1747679462.2563848,-0.00030507156,0.16827747,1.4856374,-1.7213329,-2.2257352,0.27084327
1747679462.2570353,-0.00030507156,0.16827747,1.4856374,-1.7213329,-2.2257352,0.27084327
1747679462.2575974,-0.00030507156,0.16827747,1.4856374,-1.7213329,-2.2257352,0.27084327
1747679462.258141,-0.00030507156,0.16827747,1.4856374,-1.7213329,-2.2257352,0.27084327
1747679462.258674,-0.00030507156,0.16827747,1.4856374,-1.7213329,-2.2257352,0.27084327
1747679462.2591958,-0.00030507156,0.16827747,1.4856374,-1.7213329,-2.2257352,0.27084327
1747679462.2597172,-0.00030507156,0.16827747,1.4856374,-1.7213329,-2.2257352,0.27084327
1747679462.260243,0.015314593,0.21123153,1.2664741,-1.7213329,-2.2257352,0.27084327
1747679462.2607694,0.015314593,0.21123153,1.2664741,-1.3836443,-2.7082996,0.43276337
1747679462.2612915,0.015314593,0.21123153,1.2664741,-1.3836443,-2.7082996,0.43276337
1747679462.261815,0.015314593,0.21123153,1.2664741,-1.3836443,-2.7082996,0.43276337
1747679462.262337,0.015314593,0.21123153,1.2664741,-1.3836443,-2.7082996,0.43276337
1747679462.2628582,0.015314593,0.21123153,1.2664741,-1.3836443,-2.7082996,0.43276337
1747679462.2633922,0.015314593,0.21123153,1.2664741,-1.3836443,-2.7082996,0.43276337
1747679462.2639337,0.015314593,0.21123153,1.2664741,-1.3836443,-2.7082996,0.43276337
1747679462.2644584,0.015314593,0.21123153,1.2664741,-1.3836443,-2.7082996,0.43276337
1747679462.2649796,0.015314593,0.21123153,1.2664741,-1.3836443,-2.7082996,0.43276337
1747679462.2655003,0.015314593,0.21123153,1.2664741,-1.3836443,-2.7082996,0.43276337
1747679462.2660215,0.015314593,0.21123153,1.2664741,-1.3836443,-2.7082996,0.43276337
1747679462.2665474,0.015314593,0.21123153,1.2664741,-1.3836443,-2.7082996,0.43276337
1747679462.2670982,0.015314593,0.21123153,1.2664741,-1.3836443,-2.7082996,0.43276337
1747679462.2676513,0.015314593,0.21123153,1.2664741,-1.3836443,-2.7082996,0.43276337
1747679462.2681868,0.015314593,0.21123153,1.2664741,-1.3836443,-2.7082996,0.43276337
1747679462.268709,0.015314593,0.21123153,1.2664741,-1.3836443,-2.7082996,0.43276337
1747679462.26923,0.015314593,0.21123153,1.2664741,-1.3836443,-2.7082996,0.43276337
1747679462.2697508,0.015314593,0.21123153,1.2664741,-1.3836443,-2.7082996,0.43276337
1747679462.270272,0.015314593,0.21123153,1.2664741,-1.3836443,-2.7082996,0.43276337
1747679462.270793,0.015314593,0.21123153,1.2664741,-1.3836443,-2.7082996,0.43276337
1747679462.2713134,0.015314593,0.21123153,1.2664741,-1.3836443,-2.7082996,0.43276337
1747679462.2718384,0.015314593,0.21123153,1.2664741,-1.3836443,-2.7082996,0.43276337
1747679462.2723992,0.015314593,0.21123153,1.2664741,-1.3836443,-2.7082996,0.43276337
1747679462.272946,0.015314593,0.21123153,1.2664741,-1.3836443,-2.7082996,0.43276337
1747679462.2734826,0.015314593,0.21123153,1.2664741,-1.3836443,-2.7082996,0.43276337
1747679462.274026,0.24619274,0.20586228,0.8242423,-1.4582127,-2.8659587,0.5520729
1747679462.2745535,0.24619274,0.20586228,0.8242423,-1.4582127,-2.8659587,0.5520729
1747679462.2750719,0.24619274,0.20586228,0.8242423,-1.4582127,-2.8659587,0.5520729
1747679462.275605,0.24619274,0.20586228,0.8242423,-1.4582127,-2.8659587,0.5520729
1747679462.276126,0.24619274,0.20586228,0.8242423,-1.4582127,-2.8659587,0.5520729
1747679462.2766445,0.24619274,0.20586228,0.8242423,-1.4582127,-2.8659587,0.5520729
1747679462.2771623,0.24619274,0.20586228,0.8242423,-1.4582127,-2.8659587,0.5520729
1747679462.2776802,0.24619274,0.20586228,0.8242423,-1.4582127,-2.8659587,0.5520729
1747679462.2781982,0.24619274,0.20586228,0.8242423,-1.4582127,-2.8659587,0.5520729
1747679462.2787163,0.24619274,0.20586228,0.8242423,-1.4582127,-2.8659587,0.5520729
1747679462.2792346,0.24619274,0.20586228,0.8242423,-1.4582127,-2.8659587,0.5520729
1747679462.2797527,0.24619274,0.20586228,0.8242423,-1.4582127,-2.8659587,0.5520729
1747679462.2802708,0.24619274,0.20586228,0.8242423,-1.4582127,-2.8659587,0.5520729
1747679462.280789,0.24619274,0.20586228,0.8242423,-1.4582127,-2.8659587,0.5520729
1747679462.2813065,0.24619274,0.20586228,0.8242423,-1.4582127,-2.8659587,0.5520729
1747679462.2818248,0.24619274,0.20586228,0.8242423,-1.4582127,-2.8659587,0.5520729
1747679462.2823472,0.24619274,0.20586228,0.8242423,-1.4582127,-2.8659587,0.5520729
1747679462.2829354,0.35992342,0.1526578,0.7183215,-1.891775,-2.5815332,0.580835
1747679462.2834797,0.35992342,0.1526578,0.7183215,-1.891775,-2.5815332,0.580835
1747679462.2840211,0.35992342,0.1526578,0.7183215,-1.891775,-2.5815332,0.580835
1747679462.2845674,0.35992342,0.1526578,0.7183215,-1.891775,-2.5815332,0.580835
1747679462.285092,0.35992342,0.1526578,0.7183215,-1.891775,-2.5815332,0.580835
1747679462.285611,0.35992342,0.1526578,0.7183215,-1.891775,-2.5815332,0.580835
1747679462.2861297,0.35992342,0.1526578,0.7183215,-1.891775,-2.5815332,0.580835
1747679462.2866478,0.35992342,0.1526578,0.7183215,-1.891775,-2.5815332,0.580835
1747679462.2872212,0.35992342,0.1526578,0.7183215,-1.891775,-2.5815332,0.580835
1747679462.287775,0.35992342,0.1526578,0.7183215,-1.891775,-2.5815332,0.580835
1747679462.2883193,0.35992342,0.1526578,0.7183215,-1.891775,-2.5815332,0.580835
1747679462.2888584,0.35992342,0.1526578,0.7183215,-1.891775,-2.5815332,0.580835
1747679462.289391,0.35992342,0.1526578,0.7183215,-1.891775,-2.5815332,0.580835
1747679462.2899103,0.35992342,0.1526578,0.7183215,-1.891775,-2.5815332,0.580835
1747679462.290429,0.35992342,0.1526578,0.7183215,-1.891775,-2.5815332,0.580835
1747679462.290948,0.35992342,0.1526578,0.7183215,-1.891775,-2.5815332,0.580835
1747679462.2914665,0.35992342,0.1526578,0.7183215,-1.891775,-2.5815332,0.580835
1747679462.2919848,0.35992342,0.1526578,0.7183215,-1.891775,-2.5815332,0.580835
1747679462.2925034,0.35992342,0.1526578,0.7183215,-1.891775,-2.5815332,0.580835
1747679462.2930253,0.38725784,0.11409676,0.82570666,-1.891775,-2.5815332,0.580835
1747679462.293546,0.38725784,0.11409676,0.82570666,-1.891775,-2.5815332,0.580835
1747679462.2940812,0.38725784,0.11409676,0.82570666,-1.891775,-2.5815332,0.580835
1747679462.2946262,0.38725784,0.11409676,0.82570666,-2.5160196,-1.8241308,0.6074666
1747679462.29515,0.38725784,0.11409676,0.82570666,-2.5160196,-1.8241308,0.6074666
1747679462.2956684,0.38725784,0.11409676,0.82570666,-2.5160196,-1.8241308,0.6074666
1747679462.2961867,0.38725784,0.11409676,0.82570666,-2.5160196,-1.8241308,0.6074666
1747679462.2967048,0.38725784,0.11409676,0.82570666,-2.5160196,-1.8241308,0.6074666
1747679462.2972276,0.38725784,0.11409676,0.82570666,-2.5160196,-1.8241308,0.6074666
1747679462.2977784,0.38725784,0.11409676,0.82570666,-2.5160196,-1.8241308,0.6074666
1747679462.2983308,0.38725784,0.11409676,0.82570666,-2.5160196,-1.8241308,0.6074666
1747679462.2988636,0.38725784,0.11409676,0.82570666,-2.5160196,-1.8241308,0.6074666
1747679462.299383,0.38725784,0.11409676,0.82570666,-2.5160196,-1.8241308,0.6074666
1747679462.2999017,0.38725784,0.11409676,0.82570666,-2.5160196,-1.8241308,0.6074666
1747679462.3004198,0.38725784,0.11409676,0.82570666,-2.5160196,-1.8241308,0.6074666
1747679462.3009436,0.3926271,0.05210622,1.0268098,-2.9240155,-1.0859032,0.6340982
1747679462.3014665,0.3926271,0.05210622,1.0268098,-2.9240155,-1.0859032,0.6340982
1747679462.3019853,0.3926271,0.05210622,1.0268098,-2.9240155,-1.0859032,0.6340982
1747679462.302541,0.3926271,0.05210622,1.0268098,-2.9240155,-1.0859032,0.6340982
1747679462.3030899,0.3926271,0.05210622,1.0268098,-2.9240155,-1.0859032,0.6340982
1747679462.3036225,0.3926271,0.05210622,1.0268098,-2.9240155,-1.0859032,0.6340982
1747679462.304158,0.3926271,0.05210622,1.0268098,-2.9240155,-1.0859032,0.6340982
1747679462.304704,0.3926271,0.05210622,1.0268098,-2.9240155,-1.0859032,0.6340982
1747679462.3052282,0.3926271,0.05210622,1.0268098,-2.9240155,-1.0859032,0.6340982
1747679462.3057468,0.3926271,0.05210622,1.0268098,-2.9240155,-1.0859032,0.6340982
1747679462.3062654,0.3926271,0.05210622,1.0268098,-2.9240155,-1.0859032,0.6340982
1747679462.3067837,0.3926271,0.05210622,1.0268098,-2.9240155,-1.0859032,0.6340982
1747679462.307302,0.3926271,0.05210622,1.0268098,-2.9240155,-1.0859032,0.6340982
1747679462.3078198,0.3926271,0.05210622,1.0268098,-2.9240155,-1.0859032,0.6340982
1747679462.308338,0.3926271,0.05210622,1.0268098,-2.9240155,-1.0859032,0.6340982
1747679462.3088608,0.3926271,0.05210622,1.0268098,-3.0848703,-0.53196603,0.64475083
1747679462.309405,0.39409143,-0.0074437466,1.287463,-3.0848703,-0.53196603,0.64475083
1747679462.3099422,0.39409143,-0.0074437466,1.287463,-3.0848703,-0.53196603,0.64475083
1747679462.3104658,0.39409143,-0.0074437466,1.287463,-3.0848703,-0.53196603,0.64475083
1747679462.3109853,0.39409143,-0.0074437466,1.287463,-3.0848703,-0.53196603,0.64475083
1747679462.3115036,0.39409143,-0.0074437466,1.287463,-3.0848703,-0.53196603,0.64475083
1747679462.312022,0.39409143,-0.0074437466,1.287463,-3.0848703,-0.53196603,0.64475083
1747679462.3125398,0.39409143,-0.0074437466,1.287463,-3.0848703,-0.53196603,0.64475083
1747679462.3130624,0.39409143,-0.0074437466,1.287463,-3.0848703,-0.53196603,0.64475083
1747679462.3136122,0.39409143,-0.0074437466,1.287463,-3.0848703,-0.53196603,0.64475083
1747679462.3141654,0.39409143,-0.0074437466,1.287463,-3.0848703,-0.53196603,0.64475083
1747679462.3146982,0.39409143,-0.0074437466,1.287463,-3.0848703,-0.53196603,0.64475083
1747679462.315218,0.39409143,-0.0074437466,1.287463,-3.0848703,-0.53196603,0.64475083
1747679462.315736,0.39409143,-0.0074437466,1.287463,-3.0848703,-0.53196603,0.64475083
1747679462.316254,0.39409143,-0.0074437466,1.287463,-3.0848703,-0.53196603,0.64475083
1747679462.316772,0.39409143,-0.0074437466,1.287463,-3.0848703,-0.53196603,0.64475083
1747679462.3172905,0.39409143,-0.0074437466,1.287463,-3.0848703,-0.53196603,0.64475083
1747679462.3179255,0.39409143,-0.0074437466,1.287463,-3.0848703,-0.53196603,0.64475083
1747679462.3184905,0.39409143,-0.0074437466,1.287463,-3.0848703,-0.53196603,0.64475083
1747679462.3190515,0.39409143,-0.0074437466,1.287463,-2.9410598,-0.31571752,0.6064013
1747679462.3195977,0.39409143,-0.0074437466,1.287463,-2.9410598,-0.31571752,0.6064013
1747679462.320125,0.40629432,-0.038194958,1.5119957,-2.9410598,-0.31571752,0.6064013
1747679462.3206453,0.40629432,-0.038194958,1.5119957,-2.9410598,-0.31571752,0.6064013
1747679462.321164,0.40629432,-0.038194958,1.5119957,-2.9410598,-0.31571752,0.6064013
1747679462.3216822,0.40629432,-0.038194958,1.5119957,-2.9410598,-0.31571752,0.6064013
1747679462.3222003,0.40629432,-0.038194958,1.5119957,-2.9410598,-0.31571752,0.6064013
1747679462.3227181,0.40629432,-0.038194958,1.5119957,-2.9410598,-0.31571752,0.6064013
1747679462.323236,0.40629432,-0.038194958,1.5119957,-2.9410598,-0.31571752,0.6064013
1747679462.3237696,0.40629432,-0.038194958,1.5119957,-2.9410598,-0.31571752,0.6064013
1747679462.3243082,0.40629432,-0.038194958,1.5119957,-2.9410598,-0.31571752,0.6064013
1747679462.3248308,0.40629432,-0.038194958,1.5119957,-2.9410598,-0.31571752,0.6064013
1747679462.325349,0.40629432,-0.038194958,1.5119957,-2.9410598,-0.31571752,0.6064013
1747679462.3258672,0.40629432,-0.038194958,1.5119957,-2.9410598,-0.31571752,0.6064013
1747679462.3263853,0.40629432,-0.038194958,1.5119957,-2.9410598,-0.31571752,0.6064013
1747679462.326903,0.40629432,-0.038194958,1.5119957,-2.9410598,-0.31571752,0.6064013
1747679462.3274212,0.40629432,-0.038194958,1.5119957,-2.9410598,-0.31571752,0.6064013
1747679462.327939,0.40629432,-0.038194958,1.5119957,-2.9410598,-0.31571752,0.6064013
1747679462.3284566,0.40629432,-0.038194958,1.5119957,-2.9410598,-0.31571752,0.6064013
1747679462.328979,0.40629432,-0.038194958,1.5119957,-2.9410598,-0.31571752,0.6064013
1747679462.329529,0.40629432,-0.038194958,1.5119957,-2.9410598,-0.31571752,0.6064013
1747679462.3300786,0.40629432,-0.038194958,1.5119957,-2.9410598,-0.31571752,0.6064013
1747679462.3306124,0.36285213,-0.032337584,1.6384172,-2.9410598,-0.31571752,0.6064013
1747679462.331136,0.36285213,-0.032337584,1.6384172,-2.9410598,-0.31571752,0.6064013
1747679462.3316562,0.36285213,-0.032337584,1.6384172,-2.9410598,-0.31571752,0.6064013
1747679462.3321776,0.36285213,-0.032337584,1.6384172,-2.5202806,-0.4009386,0.5542034
1747679462.3326979,0.36285213,-0.032337584,1.6384172,-2.5202806,-0.4009386,0.5542034
1747679462.3332515,0.36285213,-0.032337584,1.6384172,-2.5202806,-0.4009386,0.5542034
1747679462.3337955,0.36285213,-0.032337584,1.6384172,-2.5202806,-0.4009386,0.5542034
1747679462.3343375,0.36285213,-0.032337584,1.6384172,-2.5202806,-0.4009386,0.5542034
1747679462.334877,0.36285213,-0.032337584,1.6384172,-2.5202806,-0.4009386,0.5542034
1747679462.3353996,0.36285213,-0.032337584,1.6384172,-2.5202806,-0.4009386,0.5542034
1747679462.3359182,0.36285213,-0.032337584,1.6384172,-2.5202806,-0.4009386,0.5542034
1747679462.3364365,0.36285213,-0.032337584,1.6384172,-2.5202806,-0.4009386,0.5542034
1747679462.3369548,0.36285213,-0.032337584,1.6384172,-2.5202806,-0.4009386,0.5542034
1747679462.337473,0.36285213,-0.032337584,1.6384172,-2.5202806,-0.4009386,0.5542034
1747679462.337991,0.36285213,-0.032337584,1.6384172,-2.5202806,-0.4009386,0.5542034
1747679462.338509,0.36285213,-0.032337584,1.6384172,-2.5202806,-0.4009386,0.5542034
1747679462.3390312,0.36285213,-0.032337584,1.6384172,-2.5202806,-0.4009386,0.5542034
1747679462.339553,0.36285213,-0.032337584,1.6384172,-2.5202806,-0.4009386,0.5542034
1747679462.3400757,0.31306443,0.013057062,1.6223094,-1.9652783,-0.77484614,0.52437603
1747679462.3405957,0.31306443,0.013057062,1.6223094,-1.9652783,-0.77484614,0.52437603
1747679462.341114,0.31306443,0.013057062,1.6223094,-1.9652783,-0.77484614,0.52437603
1747679462.3416324,0.31306443,0.013057062,1.6223094,-1.9652783,-0.77484614,0.52437603
1747679462.3421504,0.31306443,0.013057062,1.6223094,-1.9652783,-0.77484614,0.52437603
1747679462.3426695,0.31306443,0.013057062,1.6223094,-1.9652783,-0.77484614,0.52437603
1747679462.3431878,0.31306443,0.013057062,1.6223094,-1.9652783,-0.77484614,0.52437603
1747679462.3437207,0.31306443,0.013057062,1.6223094,-1.9652783,-0.77484614,0.52437603
1747679462.3442585,0.31306443,0.013057062,1.6223094,-1.9652783,-0.77484614,0.52437603
1747679462.3447855,0.31306443,0.013057062,1.6223094,-1.9652783,-0.77484614,0.52437603
1747679462.3453364,0.31306443,0.013057062,1.6223094,-1.9652783,-0.77484614,0.52437603
1747679462.3458893,0.31306443,0.013057062,1.6223094,-1.9652783,-0.77484614,0.52437603
1747679462.3464222,0.31306443,0.013057062,1.6223094,-1.9652783,-0.77484614,0.52437603
1747679462.3469417,0.31306443,0.013057062,1.6223094,-1.9652783,-0.77484614,0.52437603
1747679462.34746,0.31306443,0.013057062,1.6223094,-1.9652783,-0.77484614,0.52437603
1747679462.3479786,0.31306443,0.013057062,1.6223094,-1.9652783,-0.77484614,0.52437603
1747679462.3486075,0.31306443,0.013057062,1.6223094,-1.9652783,-0.77484614,0.52437603
1747679462.3491628,0.31306443,0.013057062,1.6223094,-1.9652783,-0.77484614,0.52437603
1747679462.3497124,0.31306443,0.013057062,1.6223094,-1.9652783,-0.77484614,0.52437603
1747679462.3502564,0.31306443,0.013057062,1.6223094,-1.9652783,-0.77484614,0.52437603
1747679462.3508627,0.2920755,0.07602383,1.4358498,-1.4699306,-1.2765853,0.54674655
1747679462.3514059,0.2920755,0.07602383,1.4358498,-1.4699306,-1.2765853,0.54674655
1747679462.35193,0.2920755,0.07602383,1.4358498,-1.4699306,-1.2765853,0.54674655
1747679462.3524487,0.2920755,0.07602383,1.4358498,-1.4699306,-1.2765853,0.54674655
1747679462.352967,0.2920755,0.07602383,1.4358498,-1.4699306,-1.2765853,0.54674655
1747679462.353485,0.2920755,0.07602383,1.4358498,-1.4699306,-1.2765853,0.54674655
1747679462.3540154,0.2920755,0.07602383,1.4358498,-1.4699306,-1.2765853,0.54674655
1747679462.3545508,0.2920755,0.07602383,1.4358498,-1.4699306,-1.2765853,0.54674655
1747679462.3550732,0.2920755,0.07602383,1.4358498,-1.4699306,-1.2765853,0.54674655
1747679462.3555923,0.2920755,0.07602383,1.4358498,-1.4699306,-1.2765853,0.54674655
1747679462.3561106,0.2920755,0.07602383,1.4358498,-1.4699306,-1.2765853,0.54674655
1747679462.3566284,0.2920755,0.07602383,1.4358498,-1.4699306,-1.2765853,0.54674655
1747679462.3571467,0.2920755,0.07602383,1.4358498,-1.4699306,-1.2765853,0.54674655
1747679462.3576646,0.2920755,0.07602383,1.4358498,-1.4699306,-1.2765853,0.54674655
1747679462.358183,0.2920755,0.07602383,1.4358498,-1.4699306,-1.2765853,0.54674655
1747679462.3587008,0.2920755,0.07602383,1.4358498,-1.4699306,-1.2765853,0.54674655
1747679462.3592188,0.2920755,0.07602383,1.4358498,-1.4699306,-1.2765853,0.54674655
1747679462.3597455,0.2920755,0.07602383,1.4358498,-1.4699306,-1.2765853,0.54674655
1747679462.3603275,0.2920755,0.07602383,1.4358498,-1.4699306,-1.2765853,0.54674655
1747679462.3608801,0.3184337,0.0984771,1.2181507,-1.4699306,-1.2765853,0.54674655
1747679462.361416,0.3184337,0.0984771,1.2181507,-1.2387685,-1.6909729,0.56272554
1747679462.3619392,0.3184337,0.0984771,1.2181507,-1.2387685,-1.6909729,0.56272554
1747679462.3624606,0.3184337,0.0984771,1.2181507,-1.2387685,-1.6909729,0.56272554
1747679462.362981,0.3184337,0.0984771,1.2181507,-1.2387685,-1.6909729,0.56272554
1747679462.363502,0.3184337,0.0984771,1.2181507,-1.2387685,-1.6909729,0.56272554
1747679462.3640442,0.3184337,0.0984771,1.2181507,-1.2387685,-1.6909729,0.56272554
1747679462.3646028,0.3184337,0.0984771,1.2181507,-1.2387685,-1.6909729,0.56272554
1747679462.3651454,0.3184337,0.0984771,1.2181507,-1.2387685,-1.6909729,0.56272554
1747679462.3656716,0.3184337,0.0984771,1.2181507,-1.2387685,-1.6909729,0.56272554
1747679462.366193,0.3184337,0.0984771,1.2181507,-1.2387685,-1.6909729,0.56272554
1747679462.3667145,0.3184337,0.0984771,1.2181507,-1.2387685,-1.6909729,0.56272554
1747679462.3672357,0.3184337,0.0984771,1.2181507,-1.2387685,-1.6909729,0.56272554
1747679462.3677566,0.3184337,0.0984771,1.2181507,-1.2387685,-1.6909729,0.56272554
1747679462.3682775,0.3184337,0.0984771,1.2181507,-1.2387685,-1.6909729,0.56272554
1747679462.3687983,0.3184337,0.0984771,1.2181507,-1.2387685,-1.6909729,0.56272554
1747679462.3693194,0.3184337,0.0984771,1.2181507,-1.2387685,-1.6909729,0.56272554
1747679462.3698401,0.3184337,0.0984771,1.2181507,-1.2387685,-1.6909729,0.56272554
1747679462.3703613,0.3184337,0.0984771,1.2181507,-1.2387685,-1.6909729,0.56272554
1747679462.3708863,0.3184337,0.0984771,1.2181507,-1.2387685,-1.6909729,0.56272554
1747679462.3714154,0.3184337,0.0984771,1.2181507,-1.2675306,-1.8688719,0.5680518
1747679462.3719506,0.3516255,0.09310784,1.0395008,-1.2675306,-1.8688719,0.5680518
1747679462.3725023,0.3516255,0.09310784,1.0395008,-1.2675306,-1.8688719,0.5680518
1747679462.3730266,0.3516255,0.09310784,1.0395008,-1.2675306,-1.8688719,0.5680518
1747679462.373548,0.3516255,0.09310784,1.0395008,-1.2675306,-1.8688719,0.5680518
1747679462.3740795,0.3516255,0.09310784,1.0395008,-1.2675306,-1.8688719,0.5680518
1747679462.374622,0.3516255,0.09310784,1.0395008,-1.2675306,-1.8688719,0.5680518
1747679462.3751354,0.3516255,0.09310784,1.0395008,-1.2675306,-1.8688719,0.5680518
1747679462.3756719,0.3516255,0.09310784,1.0395008,-1.2675306,-1.8688719,0.5680518
1747679462.376225,0.3516255,0.09310784,1.0395008,-1.2675306,-1.8688719,0.5680518
1747679462.3767786,0.3516255,0.09310784,1.0395008,-1.2675306,-1.8688719,0.5680518
1747679462.3773115,0.3516255,0.09310784,1.0395008,-1.2675306,-1.8688719,0.5680518
1747679462.3778315,0.3516255,0.09310784,1.0395008,-1.2675306,-1.8688719,0.5680518
1747679462.37835,0.3516255,0.09310784,1.0395008,-1.2675306,-1.8688719,0.5680518
1747679462.378998,0.3516255,0.09310784,1.0395008,-1.2675306,-1.8688719,0.5680518
1747679462.3795636,0.3516255,0.09310784,1.0395008,-1.2675306,-1.8688719,0.5680518
1747679462.3801184,0.3516255,0.09310784,1.0395008,-1.2675306,-1.8688719,0.5680518
1747679462.3806617,0.3516255,0.09310784,1.0395008,-1.2675306,-1.8688719,0.5680518
1747679462.3811946,0.3516255,0.09310784,1.0395008,-1.2675306,-1.8688719,0.5680518
1747679462.3817146,0.3516255,0.09310784,1.0395008,-1.2675306,-1.8688719,0.5680518
1747679462.3822525,0.3516255,0.09310784,1.0395008,-1.2675306,-1.8688719,0.5680518
1747679462.3828013,0.37749556,0.07211892,0.955057,-1.439038,-1.8656762,0.58935714
1747679462.3833263,0.37749556,0.07211892,0.955057,-1.439038,-1.8656762,0.58935714
1747679462.3838456,0.37749556,0.07211892,0.955057,-1.439038,-1.8656762,0.58935714
1747679462.3843777,0.37749556,0.07211892,0.955057,-1.439038,-1.8656762,0.58935714
1747679462.3849146,0.37749556,0.07211892,0.955057,-1.439038,-1.8656762,0.58935714
1747679462.3854377,0.37749556,0.07211892,0.955057,-1.439038,-1.8656762,0.58935714
1747679462.3859563,0.37749556,0.07211892,0.955057,-1.439038,-1.8656762,0.58935714
1747679462.3864748,0.37749556,0.07211892,0.955057,-1.439038,-1.8656762,0.58935714
1747679462.3869927,0.37749556,0.07211892,0.955057,-1.439038,-1.8656762,0.58935714
1747679462.3875108,0.37749556,0.07211892,0.955057,-1.439038,-1.8656762,0.58935714
1747679462.3880289,0.37749556,0.07211892,0.955057,-1.439038,-1.8656762,0.58935714
1747679462.3885472,0.37749556,0.07211892,0.955057,-1.439038,-1.8656762,0.58935714
1747679462.3890653,0.37749556,0.07211892,0.955057,-1.439038,-1.8656762,0.58935714
1747679462.3895833,0.37749556,0.07211892,0.955057,-1.439038,-1.8656762,0.58935714
1747679462.3901014,0.37749556,0.07211892,0.955057,-1.439038,-1.8656762,0.58935714
1747679462.3906188,0.37749556,0.07211892,0.955057,-1.439038,-1.8656762,0.58935714
1747679462.3911371,0.37749556,0.07211892,0.955057,-1.439038,-1.8656762,0.58935714
1747679462.3916595,0.37749556,0.07211892,0.955057,-1.439038,-1.8656762,0.58935714
1747679462.39221,0.37749556,0.07211892,0.955057,-1.439038,-1.8656762,0.58935714
1747679462.392759,0.37749556,0.07211892,0.955057,-1.439038,-1.8656762,0.58935714
1747679462.393338,0.42435452,0.054546796,0.96921235,-1.439038,-1.8656762,0.58935714
1747679462.393892,0.42435452,0.054546796,0.96921235,-1.632916,-1.5908381,0.6362287
1747679462.3944373,0.42435452,0.054546796,0.96921235,-1.632916,-1.5908381,0.6362287
1747679462.3949714,0.42435452,0.054546796,0.96921235,-1.632916,-1.5908381,0.6362287
1747679462.3954954,0.42435452,0.054546796,0.96921235,-1.632916,-1.5908381,0.6362287
1747679462.396014,0.42435452,0.054546796,0.96921235,-1.632916,-1.5908381,0.6362287
1747679462.3965325,0.42435452,0.054546796,0.96921235,-1.632916,-1.5908381,0.6362287
1747679462.3970506,0.42435452,0.054546796,0.96921235,-1.632916,-1.5908381,0.6362287
1747679462.3975687,0.42435452,0.054546796,0.96921235,-1.632916,-1.5908381,0.6362287
1747679462.3980873,0.42435452,0.054546796,0.96921235,-1.632916,-1.5908381,0.6362287
1747679462.3986053,0.42435452,0.054546796,0.96921235,-1.632916,-1.5908381,0.6362287
1747679462.3991232,0.42435452,0.054546796,0.96921235,-1.632916,-1.5908381,0.6362287
1747679462.3996413,0.42435452,0.054546796,0.96921235,-1.632916,-1.5908381,0.6362287
1747679462.4001596,0.42435452,0.054546796,0.96921235,-1.632916,-1.5908381,0.6362287
1747679462.4006777,0.42435452,0.054546796,0.96921235,-1.632916,-1.5908381,0.6362287
1747679462.4011955,0.42435452,0.054546796,0.96921235,-1.632916,-1.5908381,0.6362287
1747679462.4017131,0.42435452,0.054546796,0.96921235,-1.632916,-1.5908381,0.6362287
1747679462.4022312,0.42435452,0.054546796,0.96921235,-1.632916,-1.5908381,0.6362287
1747679462.4027488,0.42435452,0.054546796,0.96921235,-1.632916,-1.5908381,0.6362287
1747679462.4032671,0.42435452,0.054546796,0.96921235,-1.632916,-1.5908381,0.6362287
1747679462.4037852,0.42435452,0.054546796,0.96921235,-1.632916,-1.5908381,0.6362287
1747679462.4043238,0.42435452,0.054546796,0.96921235,-1.632916,-1.5908381,0.6362287
1747679462.4048648,0.52929914,0.05601114,1.0155832,-1.8864487,-1.1519495,0.62877184
1747679462.405395,0.52929914,0.05601114,1.0155832,-1.8864487,-1.1519495,0.62877184
1747679462.4059167,0.52929914,0.05601114,1.0155832,-1.8864487,-1.1519495,0.62877184
1747679462.4064398,0.52929914,0.05601114,1.0155832,-1.8864487,-1.1519495,0.62877184
1747679462.4069905,0.52929914,0.05601114,1.0155832,-1.8864487,-1.1519495,0.62877184
1747679462.40754,0.52929914,0.05601114,1.0155832,-1.8864487,-1.1519495,0.62877184
1747679462.4080732,0.52929914,0.05601114,1.0155832,-1.8864487,-1.1519495,0.62877184
1747679462.4085932,0.52929914,0.05601114,1.0155832,-1.8864487,-1.1519495,0.62877184
1747679462.4092226,0.52929914,0.05601114,1.0155832,-1.8864487,-1.1519495,0.62877184
1747679462.4097908,0.52929914,0.05601114,1.0155832,-1.8864487,-1.1519495,0.62877184
1747679462.4104798,0.52929914,0.05601114,1.0155832,-1.8864487,-1.1519495,0.62877184
1747679462.4110227,0.52929914,0.05601114,1.0155832,-1.8864487,-1.1519495,0.62877184
1747679462.4115477,0.5859204,0.041855816,1.1185753,-1.8864487,-1.1519495,0.62877184
1747679462.4120698,0.5859204,0.041855816,1.1185753,-2.077131,-0.82491356,0.56698656
1747679462.4125893,0.5859204,0.041855816,1.1185753,-2.077131,-0.82491356,0.56698656
1747679462.4131076,0.5859204,0.041855816,1.1185753,-2.077131,-0.82491356,0.56698656
1747679462.4136407,0.5859204,0.041855816,1.1185753,-2.077131,-0.82491356,0.56698656
1747679462.4141788,0.5859204,0.041855816,1.1185753,-2.077131,-0.82491356,0.56698656
1747679462.414702,0.5859204,0.041855816,1.1185753,-2.077131,-0.82491356,0.56698656
1747679462.4152207,0.5859204,0.041855816,1.1185753,-2.077131,-0.82491356,0.56698656
1747679462.4157388,0.5859204,0.041855816,1.1185753,-2.077131,-0.82491356,0.56698656
1747679462.4162571,0.5859204,0.041855816,1.1185753,-2.077131,-0.82491356,0.56698656
1747679462.416775,0.5859204,0.041855816,1.1185753,-2.077131,-0.82491356,0.56698656
1747679462.417293,0.5859204,0.041855816,1.1185753,-2.077131,-0.82491356,0.56698656
1747679462.417811,0.5859204,0.041855816,1.1185753,-2.077131,-0.82491356,0.56698656
1747679462.418329,0.5859204,0.041855816,1.1185753,-2.077131,-0.82491356,0.56698656
1747679462.4188898,0.5859204,0.041855816,1.1185753,-2.077131,-0.82491356,0.56698656
1747679462.4194317,0.6283864,0.044784505,1.2840462,-2.077131,-0.82491356,0.56698656
1747679462.419954,0.6283864,0.044784505,1.2840462,-2.077131,-0.82491356,0.56698656
1747679462.4204726,0.6283864,0.044784505,1.2840462,-2.077131,-0.82491356,0.56698656
1747679462.420993,0.6283864,0.044784505,1.2840462,-2.077131,-0.82491356,0.56698656
1747679462.421517,0.6283864,0.044784505,1.2840462,-2.1485035,-0.6097303,0.4668518
1747679462.4220421,0.6283864,0.044784505,1.2840462,-2.1485035,-0.6097303,0.4668518
1747679462.4225636,0.6283864,0.044784505,1.2840462,-2.1485035,-0.6097303,0.4668518
1747679462.423086,0.6283864,0.044784505,1.2840462,-2.1485035,-0.6097303,0.4668518
1747679462.4236436,0.6283864,0.044784505,1.2840462,-2.1485035,-0.6097303,0.4668518
1747679462.4242017,0.6283864,0.044784505,1.2840462,-2.1485035,-0.6097303,0.4668518
1747679462.4248447,0.6283864,0.044784505,1.2840462,-2.1485035,-0.6097303,0.4668518
1747679462.42541,0.6283864,0.044784505,1.2840462,-2.1485035,-0.6097303,0.4668518
1747679462.4259932,0.6283864,0.044784505,1.2840462,-2.1485035,-0.6097303,0.4668518
1747679462.4265416,0.6283864,0.044784505,1.2840462,-2.1485035,-0.6097303,0.4668518
1747679462.4270742,0.6283864,0.044784505,1.2840462,-2.1485035,-0.6097303,0.4668518
1747679462.427594,0.6283864,0.044784505,1.2840462,-2.1485035,-0.6097303,0.4668518
1747679462.4281127,0.6283864,0.044784505,1.2840462,-2.1485035,-0.6097303,0.4668518
1747679462.4286313,0.6283864,0.044784505,1.2840462,-2.1485035,-0.6097303,0.4668518
1747679462.4291496,0.6283864,0.044784505,1.2840462,-2.1485035,-0.6097303,0.4668518
1747679462.429672,0.6283864,0.044784505,1.2840462,-2.0622172,-0.5309008,0.34434646
1747679462.4301949,0.6288745,0.06528531,1.4309686,-2.0622172,-0.5309008,0.34434646
1747679462.4307148,0.6288745,0.06528531,1.4309686,-2.0622172,-0.5309008,0.34434646
1747679462.4312365,0.6288745,0.06528531,1.4309686,-2.0622172,-0.5309008,0.34434646
1747679462.4317565,0.6288745,0.06528531,1.4309686,-2.0622172,-0.5309008,0.34434646
1747679462.4322746,0.6288745,0.06528531,1.4309686,-2.0622172,-0.5309008,0.34434646
1747679462.4327931,0.6288745,0.06528531,1.4309686,-2.0622172,-0.5309008,0.34434646
1747679462.433327,0.6288745,0.06528531,1.4309686,-2.0622172,-0.5309008,0.34434646
1747679462.4338655,0.6288745,0.06528531,1.4309686,-2.0622172,-0.5309008,0.34434646
1747679462.434388,0.6288745,0.06528531,1.4309686,-2.0622172,-0.5309008,0.34434646
1747679462.4349067,0.6288745,0.06528531,1.4309686,-2.0622172,-0.5309008,0.34434646
1747679462.4354248,0.6288745,0.06528531,1.4309686,-2.0622172,-0.5309008,0.34434646
1747679462.4359434,0.6288745,0.06528531,1.4309686,-2.0622172,-0.5309008,0.34434646
1747679462.4364612,0.6288745,0.06528531,1.4309686,-2.0622172,-0.5309008,0.34434646
1747679462.4369798,0.6288745,0.06528531,1.4309686,-2.0622172,-0.5309008,0.34434646
1747679462.437541,0.6288745,0.06528531,1.4309686,-2.0622172,-0.5309008,0.34434646
1747679462.438065,0.6288745,0.06528531,1.4309686,-2.0622172,-0.5309008,0.34434646
1747679462.4386156,0.6288745,0.06528531,1.4309686,-2.0622172,-0.5309008,0.34434646
1747679462.439165,0.6073975,0.0716308,1.5129719,-2.0622172,-0.5309008,0.34434646
1747679462.439699,0.6073975,0.0716308,1.5129719,-1.8726003,-0.51918286,0.24421169
1747679462.4402442,0.6073975,0.0716308,1.5129719,-1.8726003,-0.51918286,0.24421169
1747679462.440792,0.6073975,0.0716308,1.5129719,-1.8726003,-0.51918286,0.24421169
1747679462.4413195,0.6073975,0.0716308,1.5129719,-1.8726003,-0.51918286,0.24421169
1747679462.4418397,0.6073975,0.0716308,1.5129719,-1.8726003,-0.51918286,0.24421169
1747679462.4423578,0.6073975,0.0716308,1.5129719,-1.8726003,-0.51918286,0.24421169
1747679462.4428756,0.6073975,0.0716308,1.5129719,-1.8726003,-0.51918286,0.24421169
1747679462.44341,0.6073975,0.0716308,1.5129719,-1.8726003,-0.51918286,0.24421169
1747679462.4439487,0.6073975,0.0716308,1.5129719,-1.8726003,-0.51918286,0.24421169
1747679462.4444714,0.6073975,0.0716308,1.5129719,-1.8726003,-0.51918286,0.24421169
1747679462.4449894,0.6073975,0.0716308,1.5129719,-1.8726003,-0.51918286,0.24421169
1747679462.4455078,0.6073975,0.0716308,1.5129719,-1.8726003,-0.51918286,0.24421169
1747679462.446026,0.6073975,0.0716308,1.5129719,-1.8726003,-0.51918286,0.24421169
1747679462.446544,0.6073975,0.0716308,1.5129719,-1.8726003,-0.51918286,0.24421169
1747679462.4470618,0.6073975,0.0716308,1.5129719,-1.8726003,-0.51918286,0.24421169
1747679462.4475799,0.6073975,0.0716308,1.5129719,-1.8726003,-0.51918286,0.24421169
1747679462.448098,0.6073975,0.0716308,1.5129719,-1.8726003,-0.51918286,0.24421169
1747679462.448616,0.6073975,0.0716308,1.5129719,-1.8726003,-0.51918286,0.24421169
1747679462.4491339,0.6073975,0.0716308,1.5129719,-1.8726003,-0.51918286,0.24421169
1747679462.449652,0.6073975,0.0716308,1.5129719,-1.8726003,-0.51918286,0.24421169
1747679462.4501698,0.6073975,0.0716308,1.5129719,-1.8726003,-0.51918286,0.24421169
1747679462.4506874,0.6073975,0.0716308,1.5129719,-1.8726003,-0.51918286,0.24421169
1747679462.451205,0.6073975,0.0716308,1.5129719,-1.8726003,-0.51918286,0.24421169
1747679462.4517233,0.6073975,0.0716308,1.5129719,-1.8726003,-0.51918286,0.24421169
1747679462.4522412,0.6073975,0.0716308,1.5129719,-1.8726003,-0.51918286,0.24421169
1747679462.4527614,0.6073975,0.0716308,1.5129719,-1.8726003,-0.51918286,0.24421169
1747679462.4532874,0.5829917,0.06723777,1.5456756,-1.6382424,-0.55433655,0.16325165
1747679462.453837,0.5829917,0.06723777,1.5456756,-1.6382424,-0.55433655,0.16325165
1747679462.4543884,0.5829917,0.06723777,1.5456756,-1.6382424,-0.55433655,0.16325165
1747679462.4549387,0.5829917,0.06723777,1.5456756,-1.6382424,-0.55433655,0.16325165
1747679462.455585,0.5829917,0.06723777,1.5456756,-1.6382424,-0.55433655,0.16325165
1747679462.4562595,0.5829917,0.06723777,1.5456756,-1.6382424,-0.55433655,0.16325165
1747679462.4569254,0.5829917,0.06723777,1.5456756,-1.6382424,-0.55433655,0.16325165
1747679462.457481,0.5829917,0.06723777,1.5456756,-1.6382424,-0.55433655,0.16325165
1747679462.4580169,0.5829917,0.06723777,1.5456756,-1.6382424,-0.55433655,0.16325165
1747679462.4585364,0.5829917,0.06723777,1.5456756,-1.6382424,-0.55433655,0.16325165
1747679462.4590552,0.5829917,0.06723777,1.5456756,-1.6382424,-0.55433655,0.16325165
1747679462.4595766,0.5829917,0.06723777,1.5456756,-1.6382424,-0.55433655,0.16325165
1747679462.4600976,0.5829917,0.06723777,1.5456756,-1.6382424,-0.55433655,0.16325165
1747679462.4606185,0.5829917,0.06723777,1.5456756,-1.6382424,-0.55433655,0.16325165
1747679462.4611392,0.5829917,0.06723777,1.5456756,-1.6382424,-0.55433655,0.16325165
1747679462.46166,0.5829917,0.06723777,1.5456756,-1.6382424,-0.55433655,0.16325165
1747679462.4621804,0.5829917,0.06723777,1.5456756,-1.6382424,-0.55433655,0.16325165
1747679462.462707,0.5829917,0.06723777,1.5456756,-1.6382424,-0.55433655,0.16325165
1747679462.4632435,0.558586,0.07358326,1.5412825,-1.6382424,-0.55433655,0.16325165
1747679462.4637926,0.558586,0.07358326,1.5412825,-1.6382424,-0.55433655,0.16325165
1747679462.4643328,0.558586,0.07358326,1.5412825,-1.5029539,-0.5799029,0.12490216
1747679462.464858,0.558586,0.07358326,1.5412825,-1.5029539,-0.5799029,0.12490216
1747679462.465379,0.558586,0.07358326,1.5412825,-1.5029539,-0.5799029,0.12490216
1747679462.4659002,0.558586,0.07358326,1.5412825,-1.5029539,-0.5799029,0.12490216
1747679462.4664207,0.558586,0.07358326,1.5412825,-1.5029539,-0.5799029,0.12490216
1747679462.466941,0.558586,0.07358326,1.5412825,-1.5029539,-0.5799029,0.12490216
1747679462.4674616,0.558586,0.07358326,1.5412825,-1.5029539,-0.5799029,0.12490216
1747679462.4679823,0.558586,0.07358326,1.5412825,-1.5029539,-0.5799029,0.12490216
1747679462.4685032,0.558586,0.07358326,1.5412825,-1.5029539,-0.5799029,0.12490216
1747679462.469024,0.558586,0.07358326,1.5412825,-1.5029539,-0.5799029,0.12490216
1747679462.4695506,0.558586,0.07358326,1.5412825,-1.5029539,-0.5799029,0.12490216
1747679462.4701009,0.558586,0.07358326,1.5412825,-1.5029539,-0.5799029,0.12490216
1747679462.4706695,0.558586,0.07358326,1.5412825,-1.5029539,-0.5799029,0.12490216
1747679462.4712381,0.558586,0.07358326,1.5412825,-1.5029539,-0.5799029,0.12490216
1747679462.471806,0.558586,0.07358326,1.5412825,-1.5029539,-0.5799029,0.12490216
1747679462.472351,0.53564465,0.08236932,1.4675772,-1.3314464,-0.5511408,0.089748465
1747679462.4728763,0.53564465,0.08236932,1.4675772,-1.3314464,-0.5511408,0.089748465
1747679462.473409,0.53564465,0.08236932,1.4675772,-1.3314464,-0.5511408,0.089748465
1747679462.4739492,0.53564465,0.08236932,1.4675772,-1.3314464,-0.5511408,0.089748465
1747679462.4744768,0.53564465,0.08236932,1.4675772,-1.3314464,-0.5511408,0.089748465
1747679462.4749942,0.53564465,0.08236932,1.4675772,-1.3314464,-0.5511408,0.089748465
1747679462.4755259,0.53564465,0.08236932,1.4675772,-1.3314464,-0.5511408,0.089748465
1747679462.4760468,0.53564465,0.08236932,1.4675772,-1.3314464,-0.5511408,0.089748465
1747679462.4765646,0.53564465,0.08236932,1.4675772,-1.3314464,-0.5511408,0.089748465
1747679462.4770827,0.53564465,0.08236932,1.4675772,-1.3314464,-0.5511408,0.089748465
1747679462.4776008,0.53564465,0.08236932,1.4675772,-1.3314464,-0.5511408,0.089748465
1747679462.4781187,0.53564465,0.08236932,1.4675772,-1.3314464,-0.5511408,0.089748465
1747679462.478637,0.53564465,0.08236932,1.4675772,-1.3314464,-0.5511408,0.089748465
1747679462.4791677,0.53564465,0.08236932,1.4675772,-1.3314464,-0.5511408,0.089748465
1747679462.4797142,0.53564465,0.08236932,1.4675772,-1.3314464,-0.5511408,0.089748465
1747679462.4802618,0.53564465,0.08236932,1.4675772,-1.3314464,-0.5511408,0.089748465
1747679462.4808095,0.53564465,0.08236932,1.4675772,-1.3314464,-0.5511408,0.089748465
1747679462.4813554,0.53564465,0.08236932,1.4675772,-1.3314464,-0.5511408,0.089748465
1747679462.4818947,0.53564465,0.08236932,1.4675772,-1.3314464,-0.5511408,0.089748465
1747679462.4824333,0.5175844,0.07358326,1.4202302,-1.3314464,-0.5511408,0.089748465
1747679462.483021,0.5175844,0.07358326,1.4202302,-1.2430295,-0.374307,0.05033371
1747679462.48356,0.5175844,0.07358326,1.4202302,-1.2430295,-0.374307,0.05033371
1747679462.4841013,0.5175844,0.07358326,1.4202302,-1.2430295,-0.374307,0.05033371
1747679462.4846387,0.5175844,0.07358326,1.4202302,-1.2430295,-0.374307,0.05033371
1747679462.4858298,0.5175844,0.07358326,1.4202302,-1.2430295,-0.374307,0.05033371
1747679462.4865024,0.5175844,0.07358326,1.4202302,-1.2430295,-0.374307,0.05033371
1747679462.487058,0.5175844,0.07358326,1.4202302,-1.2430295,-0.374307,0.05033371
1747679462.487612,0.5175844,0.07358326,1.4202302,-1.2430295,-0.374307,0.05033371
1747679462.4881592,0.5175844,0.07358326,1.4202302,-1.2430295,-0.374307,0.05033371
1747679462.488702,0.5175844,0.07358326,1.4202302,-1.2430295,-0.374307,0.05033371
1747679462.4892457,0.5175844,0.07358326,1.4202302,-1.2430295,-0.374307,0.05033371
1747679462.4897873,0.5175844,0.07358326,1.4202302,-1.2430295,-0.374307,0.05033371
1747679462.490333,0.5175844,0.07358326,1.4202302,-1.2430295,-0.374307,0.05033371
1747679462.490881,0.5175844,0.07358326,1.4202302,-1.2430295,-0.374307,0.05033371
1747679462.491429,0.5175844,0.07358326,1.4202302,-1.2430295,-0.374307,0.05033371
1747679462.4919708,0.5175844,0.07358326,1.4202302,-1.2430295,-0.374307,0.05033371
1747679462.4924953,0.5175844,0.07358326,1.4202302,-1.2430295,-0.374307,0.05033371
1747679462.4930172,0.5175844,0.07358326,1.4202302,-1.2430295,-0.374307,0.05033371
1747679462.4935427,0.5175844,0.07358326,1.4202302,-1.2227895,-0.1814943,0.02157159
1747679462.4940815,0.49757174,0.075047605,1.3914313,-1.2227895,-0.1814943,0.02157159
1747679462.4946206,0.49757174,0.075047605,1.3914313,-1.2227895,-0.1814943,0.02157159
1747679462.4951437,0.49757174,0.075047605,1.3914313,-1.2227895,-0.1814943,0.02157159
1747679462.4956627,0.49757174,0.075047605,1.3914313,-1.2227895,-0.1814943,0.02157159
1747679462.4961817,0.49757174,0.075047605,1.3914313,-1.2227895,-0.1814943,0.02157159
1747679462.4967,0.49757174,0.075047605,1.3914313,-1.2227895,-0.1814943,0.02157159
1747679462.4972188,0.49757174,0.075047605,1.3914313,-1.2227895,-0.1814943,0.02157159
1747679462.4977367,0.49757174,0.075047605,1.3914313,-1.2227895,-0.1814943,0.02157159
1747679462.4982545,0.49757174,0.075047605,1.3914313,-1.2227895,-0.1814943,0.02157159
1747679462.498773,0.49757174,0.075047605,1.3914313,-1.2227895,-0.1814943,0.02157159
1747679462.4992912,0.49757174,0.075047605,1.3914313,-1.2227895,-0.1814943,0.02157159
1747679462.4998093,0.49757174,0.075047605,1.3914313,-1.2227895,-0.1814943,0.02157159
1747679462.5003324,0.49757174,0.075047605,1.3914313,-1.2227895,-0.1814943,0.02157159
1747679462.5008826,0.49757174,0.075047605,1.3914313,-1.2227895,-0.1814943,0.02157159
1747679462.5015442,0.49757174,0.075047605,1.3914313,-1.2227895,-0.1814943,0.02157159
1747679462.5021856,0.49757174,0.075047605,1.3914313,-1.2227895,-0.1814943,0.02157159
1747679462.5032012,0.49757174,0.075047605,1.3914313,-1.2227895,-0.1814943,0.02157159
1747679462.5037427,0.49757174,0.075047605,1.3914313,-1.2227895,-0.1814943,0.02157159
1747679462.5042808,0.49757174,0.075047605,1.3914313,-1.2227895,-0.1814943,0.02157159
1747679462.5048268,0.49757174,0.075047605,1.3914313,-1.2110716,-0.002530001,-0.010386321
1747679462.5053523,0.49757174,0.075047605,1.3914313,-1.2110716,-0.002530001,-0.010386321
1747679462.5058746,0.4668205,0.08139309,1.4148608,-1.2110716,-0.002530001,-0.010386321
1747679462.5063944,0.4668205,0.08139309,1.4148608,-1.2110716,-0.002530001,-0.010386321
1747679462.5069127,0.4668205,0.08139309,1.4148608,-1.2110716,-0.002530001,-0.010386321
1747679462.5074313,0.4668205,0.08139309,1.4148608,-1.2110716,-0.002530001,-0.010386321
1747679462.5079494,0.4668205,0.08139309,1.4148608,-1.2110716,-0.002530001,-0.010386321
1747679462.5084677,0.4668205,0.08139309,1.4148608,-1.2110716,-0.002530001,-0.010386321
1747679462.508986,0.4668205,0.08139309,1.4148608,-1.2110716,-0.002530001,-0.010386321
1747679462.5095046,0.4668205,0.08139309,1.4148608,-1.2110716,-0.002530001,-0.010386321
1747679462.510025,0.4668205,0.08139309,1.4148608,-1.2110716,-0.002530001,-0.010386321
1747679462.5105493,0.43118814,0.0916435,1.4563507,-1.2110716,-0.002530001,-0.010386321
1747679462.5110698,0.43118814,0.0916435,1.4563507,-1.2110716,-0.002530001,-0.010386321
1747679462.5115914,0.43118814,0.0916435,1.4563507,-1.1503515,0.07097319,-0.02210422
1747679462.5121126,0.43118814,0.0916435,1.4563507,-1.1503515,0.07097319,-0.02210422
1747679462.512632,0.43118814,0.0916435,1.4563507,-1.1503515,0.07097319,-0.02210422
1747679462.5131502,0.43118814,0.0916435,1.4563507,-1.1503515,0.07097319,-0.02210422
1747679462.5136847,0.43118814,0.0916435,1.4563507,-1.1503515,0.07097319,-0.02210422
1747679462.5142238,0.43118814,0.0916435,1.4563507,-1.1503515,0.07097319,-0.02210422
1747679462.5147467,0.43118814,0.0916435,1.4563507,-1.1503515,0.07097319,-0.02210422
1747679462.5152652,0.43118814,0.0916435,1.4563507,-1.1503515,0.07097319,-0.02210422
1747679462.5157878,0.43118814,0.0916435,1.4563507,-1.1503515,0.07097319,-0.02210422
1747679462.5165937,0.43118814,0.0916435,1.4563507,-1.1503515,0.07097319,-0.02210422
1747679462.518754,0.43118814,0.0916435,1.4563507,-1.1503515,0.07097319,-0.02210422
1747679462.5194407,0.38872218,0.09701276,1.5032096,-1.1503515,0.07097319,-0.02210422
1747679462.5199761,0.38872218,0.09701276,1.5032096,-1.1503515,0.07097319,-0.02210422
1747679462.5204966,0.38872218,0.09701276,1.5032096,-1.1503515,0.07097319,-0.02210422
1747679462.521018,0.38872218,0.09701276,1.5032096,-1.0278462,0.08695214,0.005592634
1747679462.5215406,0.38872218,0.09701276,1.5032096,-1.0278462,0.08695214,0.005592634
1747679462.5220606,0.38872218,0.09701276,1.5032096,-1.0278462,0.08695214,0.005592634
1747679462.5225792,0.38872218,0.09701276,1.5032096,-1.0278462,0.08695214,0.005592634
1747679462.5230987,0.38872218,0.09701276,1.5032096,-1.0278462,0.08695214,0.005592634
1747679462.5236187,0.38872218,0.09701276,1.5032096,-1.0278462,0.08695214,0.005592634
1747679462.5241556,0.38872218,0.09701276,1.5032096,-1.0278462,0.08695214,0.005592634
1747679462.5247002,0.38872218,0.09701276,1.5032096,-1.0278462,0.08695214,0.005592634
1747679462.5252244,0.38872218,0.09701276,1.5032096,-1.0278462,0.08695214,0.005592634
1747679462.525743,0.38872218,0.09701276,1.5032096,-1.0278462,0.08695214,0.005592634
1747679462.526262,0.38872218,0.09701276,1.5032096,-1.0278462,0.08695214,0.005592634
1747679462.5267804,0.38872218,0.09701276,1.5032096,-1.0278462,0.08695214,0.005592634
1747679462.5272985,0.38872218,0.09701276,1.5032096,-1.0278462,0.08695214,0.005592634
1747679462.5278165,0.38872218,0.09701276,1.5032096,-1.0278462,0.08695214,0.005592634
1747679462.5283341,0.38872218,0.09701276,1.5032096,-1.0278462,0.08695214,0.005592634
1747679462.5288522,0.38872218,0.09701276,1.5032096,-1.0278462,0.08695214,0.005592634
1747679462.52937,0.38872218,0.09701276,1.5032096,-1.0278462,0.08695214,0.005592634
1747679462.5298886,0.38872218,0.09701276,1.5032096,-1.0278462,0.08695214,0.005592634
1747679462.5304065,0.38872218,0.09701276,1.5032096,-1.0278462,0.08695214,0.005592634
1747679462.5309246,0.38872218,0.09701276,1.5032096,-1.0278462,0.08695214,0.005592634
1747679462.531463,0.38872218,0.09701276,1.5032096,-1.0278462,0.08695214,0.005592634
1747679462.5320256,0.4033656,0.10775128,1.5339608,-1.0278462,0.08695214,0.005592634
1747679462.5330698,0.4033656,0.10775128,1.5339608,-0.86699146,0.039015282,0.035420015
1747679462.5336416,0.4033656,0.10775128,1.5339608,-0.86699146,0.039015282,0.035420015
1747679462.5341916,0.4033656,0.10775128,1.5339608,-0.86699146,0.039015282,0.035420015
1747679462.534723,0.4033656,0.10775128,1.5339608,-0.86699146,0.039015282,0.035420015
1747679462.535243,0.4033656,0.10775128,1.5339608,-0.86699146,0.039015282,0.035420015
1747679462.5357614,0.4033656,0.10775128,1.5339608,-0.86699146,0.039015282,0.035420015
1747679462.53628,0.4033656,0.10775128,1.5339608,-0.86699146,0.039015282,0.035420015
1747679462.536798,0.4033656,0.10775128,1.5339608,-0.86699146,0.039015282,0.035420015
1747679462.537316,0.4033656,0.10775128,1.5339608,-0.86699146,0.039015282,0.035420015
1747679462.537834,0.4033656,0.10775128,1.5339608,-0.86699146,0.039015282,0.035420015
1747679462.538352,0.4033656,0.10775128,1.5339608,-0.86699146,0.039015282,0.035420015
1747679462.5388703,0.4033656,0.10775128,1.5339608,-0.86699146,0.039015282,0.035420015
1747679462.5393908,0.4033656,0.10775128,1.5339608,-0.86699146,0.039015282,0.035420015
1747679462.539912,0.4033656,0.10775128,1.5339608,-0.67950505,-0.06005424,0.043942124
1747679462.5404313,0.4033656,0.10775128,1.5339608,-0.67950505,-0.06005424,0.043942124
1747679462.5409527,0.4033656,0.10775128,1.5339608,-0.67950505,-0.06005424,0.043942124
1747679462.5414748,0.40190127,0.12288283,1.5466518,-0.67950505,-0.06005424,0.043942124
1747679462.5419948,0.40190127,0.12288283,1.5466518,-0.67950505,-0.06005424,0.043942124
1747679462.5425148,0.40190127,0.12288283,1.5466518,-0.67950505,-0.06005424,0.043942124
1747679462.543034,0.40190127,0.12288283,1.5466518,-0.67950505,-0.06005424,0.043942124
1747679462.5435522,0.40190127,0.12288283,1.5466518,-0.67950505,-0.06005424,0.043942124
1747679462.5440855,0.40190127,0.12288283,1.5466518,-0.67950505,-0.06005424,0.043942124
1747679462.5446248,0.40190127,0.12288283,1.5466518,-0.67950505,-0.06005424,0.043942124
1747679462.5451477,0.40190127,0.12288283,1.5466518,-0.67950505,-0.06005424,0.043942124
1747679462.545666,0.40190127,0.12288283,1.5466518,-0.67950505,-0.06005424,0.043942124
1747679462.5461836,0.40190127,0.12288283,1.5466518,-0.67950505,-0.06005424,0.043942124
1747679462.5468342,0.40190127,0.12288283,1.5466518,-0.67950505,-0.06005424,0.043942124
1747679462.5486996,0.40190127,0.12288283,1.5466518,-0.67950505,-0.06005424,0.043942124
1747679462.5492637,0.40190127,0.12288283,1.5466518,-0.67950505,-0.06005424,0.043942124
1747679462.5498621,0.40190127,0.12288283,1.5466518,-0.521846,-0.12077426,0.058855817
1747679462.550399,0.40190127,0.12288283,1.5466518,-0.521846,-0.12077426,0.058855817
1747679462.5509257,0.40092504,0.1316689,1.538842,-0.521846,-0.12077426,0.058855817
1747679462.551446,0.40092504,0.1316689,1.538842,-0.521846,-0.12077426,0.058855817
1747679462.551965,0.40092504,0.1316689,1.538842,-0.521846,-0.12077426,0.058855817
1747679462.552484,0.40092504,0.1316689,1.538842,-0.521846,-0.12077426,0.058855817
1747679462.5530026,0.40092504,0.1316689,1.538842,-0.521846,-0.12077426,0.058855817
1747679462.553521,0.40092504,0.1316689,1.538842,-0.521846,-0.12077426,0.058855817
1747679462.5540388,0.40092504,0.1316689,1.538842,-0.521846,-0.12077426,0.058855817
1747679462.5545712,0.40092504,0.1316689,1.538842,-0.521846,-0.12077426,0.058855817
1747679462.555108,0.40092504,0.1316689,1.538842,-0.521846,-0.12077426,0.058855817
1747679462.5556307,0.40092504,0.1316689,1.538842,-0.521846,-0.12077426,0.058855817
1747679462.556149,0.40092504,0.1316689,1.538842,-0.521846,-0.12077426,0.058855817
1747679462.556667,0.40092504,0.1316689,1.538842,-0.521846,-0.12077426,0.058855817
1747679462.5571852,0.40092504,0.1316689,1.538842,-0.521846,-0.12077426,0.058855817
1747679462.5577035,0.40092504,0.1316689,1.538842,-0.521846,-0.12077426,0.058855817
1747679462.5582218,0.40092504,0.1316689,1.538842,-0.521846,-0.12077426,0.058855817
1747679462.5587397,0.40092504,0.1316689,1.538842,-0.521846,-0.12077426,0.058855817
1747679462.5592608,0.40092504,0.1316689,1.538842,-0.521846,-0.12077426,0.058855817
1747679462.5597818,0.40092504,0.1316689,1.538842,-0.521846,-0.12077426,0.058855817
1747679462.5603025,0.40092504,0.1316689,1.538842,-0.521846,-0.12077426,0.058855817
1747679462.5608366,0.40092504,0.1316689,1.538842,-0.521846,-0.12077426,0.058855817
1747679462.5613828,0.42142585,0.14289552,1.5080907,-0.521846,-0.12077426,0.058855817
1747679462.5619164,0.42142585,0.14289552,1.5080907,-0.521846,-0.12077426,0.058855817
1747679462.5624442,0.42142585,0.14289552,1.5080907,-0.31625015,-0.13781849,0.08335688
1747679462.5629663,0.42142585,0.14289552,1.5080907,-0.31625015,-0.13781849,0.08335688
1747679462.5634925,0.42142585,0.14289552,1.5080907,-0.31625015,-0.13781849,0.08335688
1747679462.5640469,0.42142585,0.14289552,1.5080907,-0.31625015,-0.13781849,0.08335688
1747679462.564599,0.42142585,0.14289552,1.5080907,-0.31625015,-0.13781849,0.08335688
1747679462.5651345,0.42142585,0.14289552,1.5080907,-0.31625015,-0.13781849,0.08335688
1747679462.565657,0.42142585,0.14289552,1.5080907,-0.31625015,-0.13781849,0.08335688
1747679462.5661778,0.42142585,0.14289552,1.5080907,-0.31625015,-0.13781849,0.08335688
1747679462.566699,0.42142585,0.14289552,1.5080907,-0.31625015,-0.13781849,0.08335688
1747679462.5672238,0.42142585,0.14289552,1.5080907,-0.31625015,-0.13781849,0.08335688
1747679462.5677452,0.42142585,0.14289552,1.5080907,-0.31625015,-0.13781849,0.08335688
1747679462.5682662,0.42142585,0.14289552,1.5080907,-0.31625015,-0.13781849,0.08335688
1747679462.5687866,0.42142585,0.14289552,1.5080907,-0.31625015,-0.13781849,0.08335688
1747679462.5693076,0.42142585,0.14289552,1.5080907,-0.31625015,-0.13781849,0.08335688
1747679462.5698285,0.42142585,0.14289552,1.5080907,-0.31625015,-0.13781849,0.08335688
1747679462.5703547,0.42142585,0.14289552,1.5080907,-0.31625015,-0.13781849,0.08335688
1747679462.5708795,0.44143856,0.15851519,1.4900305,-0.31625015,-0.13781849,0.08335688
1747679462.5714014,0.44143856,0.15851519,1.4900305,-0.31625015,-0.13781849,0.08335688
1747679462.5719266,0.44143856,0.15851519,1.4900305,-0.23102905,-0.12183953,0.090813726
1747679462.5724483,0.44143856,0.15851519,1.4900305,-0.23102905,-0.12183953,0.090813726
1747679462.5729692,0.44143856,0.15851519,1.4900305,-0.23102905,-0.12183953,0.090813726
1747679462.5734901,0.44143856,0.15851519,1.4900305,-0.23102905,-0.12183953,0.090813726
1747679462.5740108,0.44143856,0.15851519,1.4900305,-0.23102905,-0.12183953,0.090813726
1747679462.574546,0.44143856,0.15851519,1.4900305,-0.23102905,-0.12183953,0.090813726
1747679462.5750613,0.44143856,0.15851519,1.4900305,-0.23102905,-0.12183953,0.090813726
1747679462.5755959,0.44143856,0.15851519,1.4900305,-0.23102905,-0.12183953,0.090813726
1747679462.5761204,0.44143856,0.15851519,1.4900305,-0.23102905,-0.12183953,0.090813726
1747679462.5768106,0.44143856,0.15851519,1.4900305,-0.23102905,-0.12183953,0.090813726
1747679462.5773714,0.44143856,0.15851519,1.4900305,-0.23102905,-0.12183953,0.090813726
1747679462.5782652,0.44143856,0.15851519,1.4900305,-0.23102905,-0.12183953,0.090813726
1747679462.5788205,0.44143856,0.15851519,1.4900305,-0.23102905,-0.12183953,0.090813726
1747679462.5793803,0.44143856,0.15851519,1.4900305,-0.23102905,-0.12183953,0.090813726
1747679462.5799303,0.44143856,0.15851519,1.4900305,-0.23102905,-0.12183953,0.090813726
1747679462.5804641,0.44143856,0.15851519,1.4900305,-0.07123951,-0.04620581,0.08655267
1747679462.580988,0.47023728,0.18487337,1.4739227,-0.07123951,-0.04620581,0.08655267
1747679462.5815084,0.47023728,0.18487337,1.4739227,-0.07123951,-0.04620581,0.08655267
1747679462.5820265,0.47023728,0.18487337,1.4739227,-0.07123951,-0.04620581,0.08655267
1747679462.5825503,0.47023728,0.18487337,1.4739227,-0.07123951,-0.04620581,0.08655267
1747679462.5830705,0.47023728,0.18487337,1.4739227,-0.07123951,-0.04620581,0.08655267
1747679462.5836053,0.47023728,0.18487337,1.4739227,-0.07123951,-0.04620581,0.08655267
1747679462.5841508,0.47023728,0.18487337,1.4739227,-0.07123951,-0.04620581,0.08655267
1747679462.5846756,0.47023728,0.18487337,1.4739227,-0.07123951,-0.04620581,0.08655267
1747679462.5851948,0.47023728,0.18487337,1.4739227,-0.07123951,-0.04620581,0.08655267
1747679462.5857127,0.47023728,0.18487337,1.4739227,-0.07123951,-0.04620581,0.08655267
1747679462.5862305,0.47023728,0.18487337,1.4739227,-0.07123951,-0.04620581,0.08655267
1747679462.5867486,0.47023728,0.18487337,1.4739227,-0.07123951,-0.04620581,0.08655267
1747679462.5872662,0.47023728,0.18487337,1.4739227,-0.07123951,-0.04620581,0.08655267
1747679462.5877845,0.47023728,0.18487337,1.4739227,-0.07123951,-0.04620581,0.08655267
1747679462.5883026,0.47023728,0.18487337,1.4739227,-0.07123951,-0.04620581,0.08655267
1747679462.5888205,0.47023728,0.18487337,1.4739227,-0.07123951,-0.04620581,0.08655267
1747679462.5893383,0.47023728,0.18487337,1.4739227,-0.07123951,-0.04620581,0.08655267
1747679462.589856,0.47023728,0.18487337,1.4739227,-0.07123951,-0.04620581,0.08655267
1747679462.5903742,0.47023728,0.18487337,1.4739227,-0.07123951,-0.04620581,0.08655267
1747679462.5908942,0.47023728,0.18487337,1.4739227,-0.07123951,-0.04620581,0.08655267
1747679462.5914214,0.47023728,0.18487337,1.4739227,-0.07123951,-0.04620581,0.08655267
1747679462.5919626,0.47023728,0.18487337,1.4739227,-0.0051931604,0.028362645,0.078030564
1747679462.5924993,0.5068459,0.19902869,1.4563507,-0.0051931604,0.028362645,0.078030564
1747679462.5930219,0.5068459,0.19902869,1.4563507,-0.0051931604,0.028362645,0.078030564
1747679462.5935407,0.5068459,0.19902869,1.4563507,-0.0051931604,0.028362645,0.078030564
1747679462.5940733,0.5068459,0.19902869,1.4563507,-0.0051931604,0.028362645,0.078030564
1747679462.5946152,0.5068459,0.19902869,1.4563507,-0.0051931604,0.028362645,0.078030564
1747679462.5951705,0.5068459,0.19902869,1.4563507,-0.0051931604,0.028362645,0.078030564
1747679462.5957232,0.5068459,0.19902869,1.4563507,-0.0051931604,0.028362645,0.078030564
1747679462.5962565,0.5068459,0.19902869,1.4563507,-0.0051931604,0.028362645,0.078030564
1747679462.5967765,0.5068459,0.19902869,1.4563507,-0.0051931604,0.028362645,0.078030564
1747679462.597295,0.5068459,0.19902869,1.4563507,-0.0051931604,0.028362645,0.078030564
1747679462.597813,0.5068459,0.19902869,1.4563507,-0.0051931604,0.028362645,0.078030564
1747679462.5983312,0.5068459,0.19902869,1.4563507,-0.0051931604,0.028362645,0.078030564
1747679462.5988493,0.5068459,0.19902869,1.4563507,-0.0051931604,0.028362645,0.078030564
1747679462.5993674,0.5068459,0.19902869,1.4563507,-0.0051931604,0.028362645,0.078030564
1747679462.5998855,0.5068459,0.19902869,1.4563507,-0.0051931604,0.028362645,0.078030564
1747679462.6004038,0.5068459,0.19902869,1.4563507,-0.0051931604,0.028362645,0.078030564
1747679462.6009216,0.5068459,0.19902869,1.4563507,-0.0051931604,0.028362645,0.078030564
1747679462.601443,0.5068459,0.19902869,1.4563507,-0.0051931604,0.028362645,0.078030564
1747679462.6019645,0.5068459,0.19902869,1.4563507,-0.0051931604,0.028362645,0.078030564
1747679462.6024864,0.5068459,0.19902869,1.4563507,-0.0051931604,0.028362645,0.078030564
1747679462.60301,0.5405258,0.21904139,1.4729465,-0.0051931604,0.028362645,0.078030564
1747679462.6035326,0.5405258,0.21904139,1.4729465,0.04700476,0.09653952,0.037550543
1747679462.6040525,0.5405258,0.21904139,1.4729465,0.04700476,0.09653952,0.037550543
1747679462.604587,0.5405258,0.21904139,1.4729465,0.04700476,0.09653952,0.037550543
1747679462.6051328,0.5405258,0.21904139,1.4729465,0.04700476,0.09653952,0.037550543
1747679462.605657,0.5405258,0.21904139,1.4729465,0.04700476,0.09653952,0.037550543
1747679462.6061752,0.5405258,0.21904139,1.4729465,0.04700476,0.09653952,0.037550543
1747679462.6067622,0.5405258,0.21904139,1.4729465,0.04700476,0.09653952,0.037550543
1747679462.607376,0.5405258,0.21904139,1.4729465,0.04700476,0.09653952,0.037550543
1747679462.607927,0.5405258,0.21904139,1.4729465,0.04700476,0.09653952,0.037550543
1747679462.6084704,0.5405258,0.21904139,1.4729465,0.04700476,0.09653952,0.037550543
1747679462.6090035,0.5405258,0.21904139,1.4729465,0.04700476,0.09653952,0.037550543
1747679462.6095226,0.5405258,0.21904139,1.4729465,0.04700476,0.09653952,0.037550543
1747679462.6100411,0.5405258,0.21904139,1.4729465,0.04700476,0.09653952,0.037550543
1747679462.6105645,0.5405258,0.21904139,1.4729465,0.04700476,0.09653952,0.037550543
1747679462.6111295,0.5405258,0.21904139,1.4729465,0.04700476,0.09653952,0.037550543
1747679462.6116788,0.5405258,0.21904139,1.4729465,0.04700476,0.09653952,0.037550543
1747679462.6122115,0.5405258,0.21904139,1.4729465,0.04700476,0.09653952,0.037550543
1747679462.6127312,0.5405258,0.21904139,1.4729465,0.04700476,0.09653952,0.037550543
1747679462.6132503,0.5405258,0.21904139,1.4729465,0.04700476,0.09653952,0.037550543
1747679462.6137846,0.5405258,0.21904139,1.4729465,0.04700476,0.09653952,0.037550543
1747679462.6143298,0.5405258,0.21904139,1.4729465,0.04700476,0.09653952,0.037550543
1747679462.6148577,0.5405258,0.21904139,1.4729465,0.04700476,0.09653952,0.037550543
1747679462.615378,0.5405258,0.21904139,1.4729465,0.04700476,0.09653952,0.037550543
1747679462.6158996,0.5605385,0.2263631,1.5119957,0.04700476,0.09653952,0.037550543
1747679462.6164215,0.5605385,0.2263631,1.5119957,0.12370374,0.1849564,-0.0061252657
1747679462.6169407,0.5605385,0.2263631,1.5119957,0.12370374,0.1849564,-0.0061252657
1747679462.617459,0.5605385,0.2263631,1.5119957,0.12370374,0.1849564,-0.0061252657
1747679462.617977,0.5605385,0.2263631,1.5119957,0.12370374,0.1849564,-0.0061252657
1747679462.6185153,0.5605385,0.2263631,1.5119957,0.12370374,0.1849564,-0.0061252657
1747679462.619051,0.5605385,0.2263631,1.5119957,0.12370374,0.1849564,-0.0061252657
1747679462.619575,0.5605385,0.2263631,1.5119957,0.12370374,0.1849564,-0.0061252657
1747679462.6200948,0.5605385,0.2263631,1.5119957,0.12370374,0.1849564,-0.0061252657
1747679462.620616,0.5605385,0.2263631,1.5119957,0.23768695,0.29787433,-0.059388448
1747679462.6211543,0.5605385,0.2263631,1.5119957,0.23768695,0.29787433,-0.059388448
1747679462.6216924,0.5605385,0.2263631,1.5119957,0.23768695,0.29787433,-0.059388448
1747679462.6222382,0.5605385,0.2263631,1.5119957,0.23768695,0.29787433,-0.059388448
1747679462.6227682,0.5605385,0.2263631,1.5119957,0.23768695,0.29787433,-0.059388448
1747679462.6232913,0.571277,0.2263631,1.5451875,0.23768695,0.29787433,-0.059388448
1747679462.6238108,0.571277,0.2263631,1.5451875,0.23768695,0.29787433,-0.059388448
1747679462.624344,0.571277,0.2263631,1.5451875,0.23768695,0.29787433,-0.059388448
1747679462.624882,0.571277,0.2263631,1.5451875,0.23768695,0.29787433,-0.059388448
1747679462.6254091,0.571277,0.2263631,1.5451875,0.23768695,0.29787433,-0.059388448
1747679462.6259599,0.571277,0.2263631,1.5451875,0.23768695,0.29787433,-0.059388448
1747679462.626512,0.571277,0.2263631,1.5451875,0.23768695,0.29787433,-0.059388448
1747679462.6270454,0.571277,0.2263631,1.5451875,0.23768695,0.29787433,-0.059388448
1747679462.627565,0.571277,0.2263631,1.5451875,0.23768695,0.29787433,-0.059388448
1747679462.6280835,0.571277,0.2263631,1.5451875,0.23768695,0.29787433,-0.059388448
1747679462.6286016,0.571277,0.2263631,1.5451875,0.23768695,0.29787433,-0.059388448
1747679462.6291196,0.571277,0.2263631,1.5451875,0.23768695,0.29787433,-0.059388448
1747679462.629638,0.571277,0.2263631,1.5451875,0.23768695,0.29787433,-0.059388448
1747679462.6301558,0.571277,0.2263631,1.5451875,0.23768695,0.29787433,-0.059388448
1747679462.630676,0.571277,0.2263631,1.5451875,0.23768695,0.29787433,-0.059388448
1747679462.6312,0.571277,0.2263631,1.5451875,0.35806173,0.36285543,-0.11797795
1747679462.6317208,0.571277,0.2263631,1.5451875,0.35806173,0.36285543,-0.11797795
1747679462.6322427,0.5776225,0.2297799,1.5822842,0.35806173,0.36285543,-0.11797795
1747679462.632763,0.5776225,0.2297799,1.5822842,0.35806173,0.36285543,-0.11797795
1747679462.6332812,0.5776225,0.2297799,1.5822842,0.35806173,0.36285543,-0.11797795
1747679462.6338165,0.5776225,0.2297799,1.5822842,0.35806173,0.36285543,-0.11797795
1747679462.6343622,0.5776225,0.2297799,1.5822842,0.35806173,0.36285543,-0.11797795
1747679462.634886,0.5776225,0.2297799,1.5822842,0.35806173,0.36285543,-0.11797795
1747679462.6354043,0.5776225,0.2297799,1.5822842,0.35806173,0.36285543,-0.11797795
1747679462.6359224,0.5776225,0.2297799,1.5822842,0.35806173,0.36285543,-0.11797795
1747679462.6364408,0.5776225,0.2297799,1.5822842,0.35806173,0.36285543,-0.11797795
1747679462.6371047,0.5776225,0.2297799,1.5822842,0.35806173,0.36285543,-0.11797795
1747679462.637668,0.5776225,0.2297799,1.5822842,0.35806173,0.36285543,-0.11797795
1747679462.638211,0.5776225,0.2297799,1.5822842,0.35806173,0.36285543,-0.11797795
1747679462.638746,0.5776225,0.2297799,1.5822842,0.35806173,0.36285543,-0.11797795
1747679462.6392748,0.5776225,0.2297799,1.5822842,0.35806173,0.36285543,-0.11797795
1747679462.6397996,0.5776225,0.2297799,1.5822842,0.5082639,0.40972704,-0.17124113
1747679462.6403215,0.5776225,0.2297799,1.5822842,0.5082639,0.40972704,-0.17124113
1747679462.6408477,0.5776225,0.2297799,1.5822842,0.5082639,0.40972704,-0.17124113
1747679462.6413755,0.5644434,0.22197007,1.6047374,0.5082639,0.40972704,-0.17124113
1747679462.6419277,0.5644434,0.22197007,1.6047374,0.5082639,0.40972704,-0.17124113
1747679462.64248,0.5644434,0.22197007,1.6047374,0.5082639,0.40972704,-0.17124113
1747679462.6430125,0.5644434,0.22197007,1.6047374,0.5082639,0.40972704,-0.17124113
1747679462.6435323,0.5644434,0.22197007,1.6047374,0.5082639,0.40972704,-0.17124113
1747679462.644068,0.5644434,0.22197007,1.6047374,0.5082639,0.40972704,-0.17124113
1747679462.6446133,0.5644434,0.22197007,1.6047374,0.5082639,0.40972704,-0.17124113
1747679462.6451375,0.5644434,0.22197007,1.6047374,0.5082639,0.40972704,-0.17124113
1747679462.6456563,0.5644434,0.22197007,1.6047374,0.5082639,0.40972704,-0.17124113
1747679462.6461747,0.5644434,0.22197007,1.6047374,0.5082639,0.40972704,-0.17124113
1747679462.6466928,0.5644434,0.22197007,1.6047374,0.5082639,0.40972704,-0.17124113
1747679462.6472106,0.5644434,0.22197007,1.6047374,0.5082639,0.40972704,-0.17124113
1747679462.6477284,0.5644434,0.22197007,1.6047374,0.5082639,0.40972704,-0.17124113
1747679462.6482465,0.5644434,0.22197007,1.6047374,0.5082639,0.40972704,-0.17124113
1747679462.6487687,0.5644434,0.22197007,1.6047374,0.5082639,0.40972704,-0.17124113
1747679462.6492884,0.5644434,0.22197007,1.6047374,0.5082639,0.40972704,-0.17124113
1747679462.64981,0.5644434,0.22197007,1.6047374,0.6360955,0.44701126,-0.20959063
1747679462.650333,0.5561454,0.21367213,1.6013206,0.6360955,0.44701126,-0.20959063
1747679462.6508527,0.5561454,0.21367213,1.6013206,0.6360955,0.44701126,-0.20959063
1747679462.6513708,0.5561454,0.21367213,1.6013206,0.6360955,0.44701126,-0.20959063
1747679462.651889,0.5561454,0.21367213,1.6013206,0.6360955,0.44701126,-0.20959063
1747679462.6524255,0.5561454,0.21367213,1.6013206,0.6360955,0.44701126,-0.20959063
1747679462.652964,0.5561454,0.21367213,1.6013206,0.6360955,0.44701126,-0.20959063
1747679462.653487,0.5561454,0.21367213,1.6013206,0.6360955,0.44701126,-0.20959063
1747679462.6540055,0.5561454,0.21367213,1.6013206,0.6360955,0.44701126,-0.20959063
1747679462.6545372,0.5561454,0.21367213,1.6013206,0.6360955,0.44701126,-0.20959063
1747679462.6550744,0.5561454,0.21367213,1.6013206,0.6360955,0.44701126,-0.20959063
1747679462.6555967,0.5561454,0.21367213,1.6013206,0.6360955,0.44701126,-0.20959063
1747679462.656115,0.5561454,0.21367213,1.6013206,0.6360955,0.44701126,-0.20959063
1747679462.6566336,0.5561454,0.21367213,1.6013206,0.6360955,0.44701126,-0.20959063
1747679462.6571555,0.5561454,0.21367213,1.6013206,0.6360955,0.44701126,-0.20959063
1747679462.6577032,0.5561454,0.21367213,1.6013206,0.6360955,0.44701126,-0.20959063
1747679462.658248,0.5561454,0.21367213,1.6013206,0.6360955,0.44701126,-0.20959063
1747679462.6587806,0.5561454,0.21367213,1.6013206,0.6360955,0.44701126,-0.20959063
1747679462.659304,0.5561454,0.21367213,1.6013206,0.6360955,0.44701126,-0.20959063
1747679462.6598253,0.5561454,0.21367213,1.6013206,0.6360955,0.44701126,-0.20959063
1747679462.6603465,0.5561454,0.21367213,1.6013206,0.6360955,0.44701126,-0.20959063
1747679462.6608682,0.5561454,0.21367213,1.6013206,0.6360955,0.44701126,-0.20959063
1747679462.661389,0.5561454,0.21367213,1.6013206,0.6360955,0.44701126,-0.20959063
1747679462.661916,0.5229536,0.2063504,1.5808198,0.827843,0.49068707,-0.2543317
1747679462.6624389,0.5229536,0.2063504,1.5808198,0.827843,0.49068707,-0.2543317
1747679462.66296,0.5229536,0.2063504,1.5808198,0.827843,0.49068707,-0.2543317
1747679462.6634808,0.5229536,0.2063504,1.5808198,0.827843,0.49068707,-0.2543317
1747679462.6640153,0.5229536,0.2063504,1.5808198,0.827843,0.49068707,-0.2543317
1747679462.6645648,0.5229536,0.2063504,1.5808198,0.827843,0.49068707,-0.2543317
1747679462.6650906,0.5229536,0.2063504,1.5808198,0.827843,0.49068707,-0.2543317
1747679462.6656117,0.5229536,0.2063504,1.5808198,0.827843,0.49068707,-0.2543317
1747679462.6661322,0.5229536,0.2063504,1.5808198,0.827843,0.49068707,-0.2543317
1747679462.6666534,0.5229536,0.2063504,1.5808198,0.827843,0.49068707,-0.2543317
1747679462.667174,0.5229536,0.2063504,1.5808198,0.827843,0.49068707,-0.2543317
1747679462.6677473,0.5229536,0.2063504,1.5808198,0.827843,0.49068707,-0.2543317
1747679462.668304,0.5229536,0.2063504,1.5808198,0.827843,0.49068707,-0.2543317
1747679462.6689584,0.5229536,0.2063504,1.5808198,0.827843,0.49068707,-0.2543317
1747679462.6695035,0.5229536,0.2063504,1.5808198,0.97591466,0.50560075,-0.26391906
1747679462.6700315,0.5229536,0.2063504,1.5808198,0.97591466,0.50560075,-0.26391906
1747679462.6705546,0.5229536,0.2063504,1.5808198,0.97591466,0.50560075,-0.26391906
1747679462.6710792,0.49805984,0.20244548,1.5569022,0.97591466,0.50560075,-0.26391906
1747679462.6716018,0.49805984,0.20244548,1.5569022,0.97591466,0.50560075,-0.26391906
1747679462.6721227,0.49805984,0.20244548,1.5569022,0.97591466,0.50560075,-0.26391906
1747679462.6726437,0.49805984,0.20244548,1.5569022,0.97591466,0.50560075,-0.26391906
1747679462.6731722,0.49805984,0.20244548,1.5569022,0.97591466,0.50560075,-0.26391906
1747679462.6737309,0.49805984,0.20244548,1.5569022,0.97591466,0.50560075,-0.26391906
1747679462.6742976,0.49805984,0.20244548,1.5569022,0.97591466,0.50560075,-0.26391906
1747679462.6748745,0.49805984,0.20244548,1.5569022,0.97591466,0.50560075,-0.26391906
1747679462.6754096,0.49805984,0.20244548,1.5569022,0.97591466,0.50560075,-0.26391906
1747679462.6759348,0.49805984,0.20244548,1.5569022,0.97591466,0.50560075,-0.26391906
1747679462.6764538,0.49805984,0.20244548,1.5569022,0.97591466,0.50560075,-0.26391906
1747679462.6769724,0.49805984,0.20244548,1.5569022,0.97591466,0.50560075,-0.26391906
1747679462.6774907,0.49805984,0.20244548,1.5569022,0.97591466,0.50560075,-0.26391906
1747679462.678009,0.49805984,0.20244548,1.5569022,0.97591466,0.50560075,-0.26391906
1747679462.678527,0.49805984,0.20244548,1.5569022,0.97591466,0.50560075,-0.26391906
1747679462.6790454,0.49805984,0.20244548,1.5569022,0.97591466,0.50560075,-0.26391906
1747679462.6795635,0.49805984,0.20244548,1.5569022,0.97591466,0.50560075,-0.26391906
1747679462.6800816,0.49805984,0.20244548,1.5569022,0.97591466,0.50560075,-0.26391906
1747679462.6805995,0.49805984,0.20244548,1.5569022,0.97591466,0.50560075,-0.26391906
1747679462.681121,0.49805984,0.20244548,1.5569022,0.97591466,0.50560075,-0.26391906
1747679462.6816437,0.4970836,0.19707623,1.5437231,0.97591466,0.50560075,-0.26391906
1747679462.6821637,0.4970836,0.19707623,1.5437231,0.97591466,0.50560075,-0.26391906
1747679462.6826851,0.4970836,0.19707623,1.5437231,1.0590053,0.4896218,-0.26498434
1747679462.6832204,0.4970836,0.19707623,1.5437231,1.0590053,0.4896218,-0.26498434
1747679462.6837757,0.4970836,0.19707623,1.5437231,1.0590053,0.4896218,-0.26498434
1747679462.6843119,0.4970836,0.19707623,1.5437231,1.0590053,0.4896218,-0.26498434
1747679462.6848361,0.4970836,0.19707623,1.5437231,1.0590053,0.4896218,-0.26498434
1747679462.685355,0.4970836,0.19707623,1.5437231,1.0590053,0.4896218,-0.26498434
1747679462.6858735,0.4970836,0.19707623,1.5437231,1.0590053,0.4896218,-0.26498434
1747679462.6863914,0.4970836,0.19707623,1.5437231,1.0590053,0.4896218,-0.26498434
1747679462.686909,0.4970836,0.19707623,1.5437231,1.0590053,0.4896218,-0.26498434
1747679462.6874268,0.4970836,0.19707623,1.5437231,1.0590053,0.4896218,-0.26498434
1747679462.6879494,0.4970836,0.19707623,1.5437231,1.0590053,0.4896218,-0.26498434
1747679462.6885386,0.4970836,0.19707623,1.5437231,1.0590053,0.4896218,-0.26498434
1747679462.6890917,0.4970836,0.19707623,1.5437231,1.0590053,0.4896218,-0.26498434
1747679462.6896245,0.4970836,0.19707623,1.5437231,1.0590053,0.4896218,-0.26498434
1747679462.6901443,0.4970836,0.19707623,1.5437231,1.0590053,0.4896218,-0.26498434
1747679462.6906624,0.4970836,0.19707623,1.5437231,1.0590053,0.4896218,-0.26498434
1747679462.6911852,0.5000123,0.1931713,1.5354251,1.0590053,0.4896218,-0.26498434
1747679462.691706,0.5000123,0.1931713,1.5354251,1.0590053,0.4896218,-0.26498434
1747679462.6922305,0.5000123,0.1931713,1.5354251,1.1719232,0.44168493,-0.27350643
1747679462.6927524,0.5000123,0.1931713,1.5354251,1.1719232,0.44168493,-0.27350643
1747679462.6932724,0.5000123,0.1931713,1.5354251,1.1719232,0.44168493,-0.27350643
1747679462.6937904,0.5000123,0.1931713,1.5354251,1.1719232,0.44168493,-0.27350643
1747679462.694326,0.5000123,0.1931713,1.5354251,1.1719232,0.44168493,-0.27350643
1747679462.6948721,0.5000123,0.1931713,1.5354251,1.1719232,0.44168493,-0.27350643
1747679462.6953964,0.5000123,0.1931713,1.5354251,1.1719232,0.44168493,-0.27350643
1747679462.6959152,0.5000123,0.1931713,1.5354251,1.1719232,0.44168493,-0.27350643
1747679462.6964333,0.5000123,0.1931713,1.5354251,1.1719232,0.44168493,-0.27350643
1747679462.6969516,0.5000123,0.1931713,1.5354251,1.1719232,0.44168493,-0.27350643
1747679462.6974697,0.5000123,0.1931713,1.5354251,1.1719232,0.44168493,-0.27350643
1747679462.6981387,0.5000123,0.1931713,1.5354251,1.1719232,0.44168493,-0.27350643
1747679462.6986976,0.5000123,0.1931713,1.5354251,1.1719232,0.44168493,-0.27350643
1747679462.699248,0.5000123,0.1931713,1.5354251,1.1719232,0.44168493,-0.27350643
1747679462.6997917,0.5000123,0.1931713,1.5354251,1.1719232,0.44168493,-0.27350643
1747679462.700324,0.5000123,0.1931713,1.5354251,1.1719232,0.44168493,-0.27350643
1747679462.7008438,0.5000123,0.1931713,1.5354251,1.1719232,0.44168493,-0.27350643
1747679462.7013626,0.5000123,0.1931713,1.5354251,1.1719232,0.44168493,-0.27350643
1747679462.7018852,0.5000123,0.1931713,1.5354251,1.1719232,0.44168493,-0.27350643
1747679462.7024057,0.5000123,0.1931713,1.5354251,1.1719232,0.44168493,-0.27350643
1747679462.702928,0.51953685,0.18487337,1.5095551,1.3530179,0.37670386,-0.29161593
1747679462.7034652,0.51953685,0.18487337,1.5095551,1.3530179,0.37670386,-0.29161593
1747679462.7040157,0.51953685,0.18487337,1.5095551,1.3530179,0.37670386,-0.29161593
1747679462.7045724,0.51953685,0.18487337,1.5095551,1.3530179,0.37670386,-0.29161593
1747679462.705138,0.51953685,0.18487337,1.5095551,1.3530179,0.37670386,-0.29161593
1747679462.7056859,0.51953685,0.18487337,1.5095551,1.3530179,0.37670386,-0.29161593
1747679462.7062185,0.51953685,0.18487337,1.5095551,1.3530179,0.37670386,-0.29161593
1747679462.7067387,0.51953685,0.18487337,1.5095551,1.3530179,0.37670386,-0.29161593
1747679462.7072573,0.51953685,0.18487337,1.5095551,1.3530179,0.37670386,-0.29161593
1747679462.707776,0.51953685,0.18487337,1.5095551,1.3530179,0.37670386,-0.29161593
1747679462.7082944,0.51953685,0.18487337,1.5095551,1.3530179,0.37670386,-0.29161593
1747679462.7088125,0.51953685,0.18487337,1.5095551,1.3530179,0.37670386,-0.29161593
1747679462.7093303,0.51953685,0.18487337,1.5095551,1.3530179,0.37670386,-0.29161593
1747679462.7098486,0.51953685,0.18487337,1.5095551,1.3530179,0.37670386,-0.29161593
1747679462.7103665,0.51953685,0.18487337,1.5095551,1.3530179,0.37670386,-0.29161593
1747679462.7108843,0.51953685,0.18487337,1.5095551,1.3530179,0.37670386,-0.29161593
1747679462.7114022,0.51953685,0.18487337,1.5095551,1.3530179,0.37670386,-0.29161593
1747679462.7119205,0.51953685,0.18487337,1.5095551,1.3530179,0.37670386,-0.29161593
1747679462.7124383,0.51953685,0.18487337,1.5095551,1.3530179,0.37670386,-0.29161593
1747679462.7129617,0.54150206,0.17169428,1.4919829,1.4670012,0.35007226,-0.32250857
1747679462.7135,0.54150206,0.17169428,1.4919829,1.4670012,0.35007226,-0.32250857
1747679462.7140503,0.54150206,0.17169428,1.4919829,1.4670012,0.35007226,-0.32250857
1747679462.714586,0.54150206,0.17169428,1.4919829,1.4670012,0.35007226,-0.32250857
1747679462.7151103,0.54150206,0.17169428,1.4919829,1.4670012,0.35007226,-0.32250857
1747679462.7156289,0.54150206,0.17169428,1.4919829,1.4670012,0.35007226,-0.32250857
1747679462.7161472,0.54150206,0.17169428,1.4919829,1.4670012,0.35007226,-0.32250857
1747679462.7166655,0.54150206,0.17169428,1.4919829,1.4670012,0.35007226,-0.32250857
1747679462.717184,0.54150206,0.17169428,1.4919829,1.4670012,0.35007226,-0.32250857
1747679462.7177022,0.54150206,0.17169428,1.4919829,1.4670012,0.35007226,-0.32250857
1747679462.7182198,0.54150206,0.17169428,1.4919829,1.4670012,0.35007226,-0.32250857
1747679462.7187378,0.54150206,0.17169428,1.4919829,1.4670012,0.35007226,-0.32250857
1747679462.7192602,0.54150206,0.17169428,1.4919829,1.4670012,0.35007226,-0.32250857
1747679462.7198107,0.54150206,0.17169428,1.4919829,1.4670012,0.35007226,-0.32250857
1747679462.7203596,0.54150206,0.17169428,1.4919829,1.5767233,0.3809649,-0.36085805
1747679462.7208931,0.55907416,0.15509838,1.4641604,1.5767233,0.3809649,-0.36085805
1747679462.7214143,0.55907416,0.15509838,1.4641604,1.5767233,0.3809649,-0.36085805
1747679462.7219334,0.55907416,0.15509838,1.4641604,1.5767233,0.3809649,-0.36085805
1747679462.7224512,0.55907416,0.15509838,1.4641604,1.5767233,0.3809649,-0.36085805
1747679462.7229695,0.55907416,0.15509838,1.4641604,1.5767233,0.3809649,-0.36085805
1747679462.7234874,0.55907416,0.15509838,1.4641604,1.5767233,0.3809649,-0.36085805
1747679462.7240052,0.55907416,0.15509838,1.4641604,1.5767233,0.3809649,-0.36085805
1747679462.724538,0.55907416,0.15509838,1.4641604,1.5767233,0.3809649,-0.36085805
1747679462.725077,0.55907416,0.15509838,1.4641604,1.5767233,0.3809649,-0.36085805
1747679462.7255995,0.55907416,0.15509838,1.4641604,1.5767233,0.3809649,-0.36085805
1747679462.7261178,0.55907416,0.15509838,1.4641604,1.5767233,0.3809649,-0.36085805
1747679462.7266357,0.55907416,0.15509838,1.4641604,1.5767233,0.3809649,-0.36085805
1747679462.727154,0.55907416,0.15509838,1.4641604,1.5767233,0.3809649,-0.36085805
1747679462.727672,0.55907416,0.15509838,1.4641604,1.5767233,0.3809649,-0.36085805
1747679462.72819,0.55907416,0.15509838,1.4641604,1.5767233,0.3809649,-0.36085805
1747679462.728843,0.55907416,0.15509838,1.4641604,1.623595,0.43529335,-0.39388123
1747679462.7293932,0.55907416,0.15509838,1.4641604,1.623595,0.43529335,-0.39388123
1747679462.729937,0.55907416,0.15509838,1.4641604,1.623595,0.43529335,-0.39388123
1747679462.73048,0.58103925,0.14777666,1.4509814,1.623595,0.43529335,-0.39388123
1747679462.731006,0.58103925,0.14777666,1.4509814,1.623595,0.43529335,-0.39388123
1747679462.7315245,0.58103925,0.14777666,1.4509814,1.623595,0.43529335,-0.39388123
1747679462.7320426,0.58103925,0.14777666,1.4509814,1.623595,0.43529335,-0.39388123
1747679462.7325606,0.58103925,0.14777666,1.4509814,1.623595,0.43529335,-0.39388123
1747679462.7330787,0.58103925,0.14777666,1.4509814,1.623595,0.43529335,-0.39388123
1747679462.7336128,0.58103925,0.14777666,1.4509814,1.623595,0.43529335,-0.39388123
1747679462.7341514,0.58103925,0.14777666,1.4509814,1.623595,0.43529335,-0.39388123
1747679462.7346742,0.58103925,0.14777666,1.4509814,1.623595,0.43529335,-0.39388123
1747679462.7351968,0.58103925,0.14777666,1.4509814,1.623595,0.43529335,-0.39388123
1747679462.7357476,0.58103925,0.14777666,1.4509814,1.623595,0.43529335,-0.39388123
1747679462.736297,0.58103925,0.14777666,1.4509814,1.623595,0.43529335,-0.39388123
1747679462.7368298,0.58103925,0.14777666,1.4509814,1.623595,0.43529335,-0.39388123
1747679462.7373493,0.58103925,0.14777666,1.4509814,1.623595,0.43529335,-0.39388123
1747679462.7378683,0.58103925,0.14777666,1.4509814,1.623595,0.43529335,-0.39388123
1747679462.7383866,0.58103925,0.14777666,1.4509814,1.623595,0.43529335,-0.39388123
1747679462.7389047,0.58103925,0.14777666,1.4509814,1.623595,0.43529335,-0.39388123
1747679462.739423,0.58103925,0.14777666,1.4509814,1.623595,0.43529335,-0.39388123
1747679462.739966,0.58103925,0.14777666,1.4509814,1.623595,0.43529335,-0.39388123
1747679462.7405186,0.5971471,0.1385025,1.4646486,1.623595,0.43529335,-0.39388123
1747679462.7410467,0.5971471,0.1385025,1.4646486,1.623595,0.43529335,-0.39388123
1747679462.741569,0.5971471,0.1385025,1.4646486,1.623595,0.43529335,-0.39388123
1747679462.7420886,0.5971471,0.1385025,1.4646486,1.623595,0.43529335,-0.39388123
1747679462.7426093,0.5971471,0.1385025,1.4646486,1.6757928,0.51412284,-0.46418864
1747679462.743128,0.5971471,0.1385025,1.4646486,1.6757928,0.51412284,-0.46418864
1747679462.7436883,0.5971471,0.1385025,1.4646486,1.6757928,0.51412284,-0.46418864
1747679462.7442274,0.5971471,0.1385025,1.4646486,1.6757928,0.51412284,-0.46418864
1747679462.7447493,0.5971471,0.1385025,1.4646486,1.6757928,0.51412284,-0.46418864
1747679462.745268,0.5971471,0.1385025,1.4646486,1.6757928,0.51412284,-0.46418864
1747679462.7457864,0.5971471,0.1385025,1.4646486,1.6757928,0.51412284,-0.46418864
1747679462.7463045,0.5971471,0.1385025,1.4646486,1.6757928,0.51412284,-0.46418864
1747679462.7468224,0.5971471,0.1385025,1.4646486,1.6757928,0.51412284,-0.46418864
1747679462.747341,0.5971471,0.1385025,1.4646486,1.6757928,0.51412284,-0.46418864
1747679462.7478588,0.5971471,0.1385025,1.4646486,1.6757928,0.51412284,-0.46418864
1747679462.748387,0.5971471,0.1385025,1.4646486,1.6757928,0.51412284,-0.46418864
1747679462.7489052,0.5971471,0.1385025,1.4646486,1.6757928,0.51412284,-0.46418864
1747679462.7494233,0.5971471,0.1385025,1.4646486,1.6757928,0.51412284,-0.46418864
1747679462.749961,0.5971471,0.12678774,1.5071145,1.7343824,0.5492766,-0.52171284
1747679462.7505023,0.5971471,0.12678774,1.5071145,1.7343824,0.5492766,-0.52171284
1747679462.7510295,0.5971471,0.12678774,1.5071145,1.7343824,0.5492766,-0.52171284
1747679462.7515805,0.5971471,0.12678774,1.5071145,1.7343824,0.5492766,-0.52171284
1747679462.7521327,0.5971471,0.12678774,1.5071145,1.7343824,0.5492766,-0.52171284
1747679462.7526653,0.5971471,0.12678774,1.5071145,1.7343824,0.5492766,-0.52171284
1747679462.753185,0.5971471,0.12678774,1.5071145,1.7343824,0.5492766,-0.52171284
1747679462.7537036,0.5971471,0.12678774,1.5071145,1.7343824,0.5492766,-0.52171284
1747679462.754239,0.5971471,0.12678774,1.5071145,1.7343824,0.5492766,-0.52171284
1747679462.7547848,0.5971471,0.12678774,1.5071145,1.7343824,0.5492766,-0.52171284
1747679462.7553093,0.5971471,0.12678774,1.5071145,1.7343824,0.5492766,-0.52171284
1747679462.7558274,0.5971471,0.12678774,1.5071145,1.7343824,0.5492766,-0.52171284
1747679462.7563453,0.5971471,0.12678774,1.5071145,1.7343824,0.5492766,-0.52171284
1747679462.7568636,0.5971471,0.12678774,1.5071145,1.7343824,0.5492766,-0.52171284
1747679462.7573817,0.5971471,0.12678774,1.5071145,1.7343824,0.5492766,-0.52171284
1747679462.7578998,0.5971471,0.12678774,1.5071145,1.7343824,0.5492766,-0.52171284
1747679462.7584178,0.5971471,0.12678774,1.5071145,1.7343824,0.5492766,-0.52171284
1747679462.759061,0.5971471,0.12678774,1.5071145,1.7343824,0.5492766,-0.52171284
1747679462.7596242,0.5971471,0.12678774,1.5071145,1.7343824,0.5492766,-0.52171284
1747679462.7601838,0.5893373,0.101405784,1.5642239,1.8366476,0.57058185,-0.574976
1747679462.7607305,0.5893373,0.101405784,1.5642239,1.8366476,0.57058185,-0.574976
1747679462.7612662,0.5893373,0.101405784,1.5642239,1.8366476,0.57058185,-0.574976
1747679462.7617884,0.5893373,0.101405784,1.5642239,1.8366476,0.57058185,-0.574976
1747679462.7623093,0.5893373,0.101405784,1.5642239,1.8366476,0.57058185,-0.574976
1747679462.7628303,0.5893373,0.101405784,1.5642239,1.8366476,0.57058185,-0.574976
1747679462.7633646,0.5893373,0.101405784,1.5642239,1.8366476,0.57058185,-0.574976
1747679462.7639136,0.5893373,0.101405784,1.5642239,1.8366476,0.57058185,-0.574976
1747679462.76444,0.5893373,0.101405784,1.5642239,1.8366476,0.57058185,-0.574976
1747679462.7649612,0.5893373,0.101405784,1.5642239,1.8366476,0.57058185,-0.574976
1747679462.7654822,0.5893373,0.101405784,1.5642239,1.8366476,0.57058185,-0.574976
1747679462.7660084,0.5893373,0.101405784,1.5642239,1.8366476,0.57058185,-0.574976
1747679462.766559,0.5893373,0.101405784,1.5642239,1.8366476,0.57058185,-0.574976
1747679462.7671118,0.5893373,0.101405784,1.5642239,1.8366476,0.57058185,-0.574976
1747679462.7676473,0.5893373,0.101405784,1.5642239,1.8366476,0.57058185,-0.574976
1747679462.7681692,0.5893373,0.101405784,1.5642239,1.8366476,0.57058185,-0.574976
1747679462.7686906,0.5893373,0.101405784,1.5642239,1.8366476,0.57058185,-0.574976
1747679462.7692113,0.5893373,0.101405784,1.5642239,1.8366476,0.57058185,-0.574976
1747679462.7697477,0.5893373,0.101405784,1.5642239,1.8366476,0.57058185,-0.574976
1747679462.7703059,0.5893373,0.101405784,1.5642239,1.8366476,0.57058185,-0.574976
1747679462.7708342,0.5873848,0.07700006,1.6237738,1.9932414,0.5886913,-0.61652136
1747679462.771356,0.5873848,0.07700006,1.6237738,1.9932414,0.5886913,-0.61652136
1747679462.7718809,0.5873848,0.07700006,1.6237738,1.9932414,0.5886913,-0.61652136
1747679462.772407,0.5873848,0.07700006,1.6237738,1.9932414,0.5886913,-0.61652136
1747679462.772929,0.5873848,0.07700006,1.6237738,1.9932414,0.5886913,-0.61652136
1747679462.7734625,0.5873848,0.07700006,1.6237738,1.9932414,0.5886913,-0.61652136
1747679462.7740033,0.5873848,0.07700006,1.6237738,1.9932414,0.5886913,-0.61652136
1747679462.7745883,0.5873848,0.07700006,1.6237738,1.9932414,0.5886913,-0.61652136
1747679462.7750728,0.5873848,0.07700006,1.6237738,1.9932414,0.5886913,-0.61652136
1747679462.7756512,0.5873848,0.07700006,1.6237738,1.9932414,0.5886913,-0.61652136
1747679462.7761984,0.5873848,0.07700006,1.6237738,1.9932414,0.5886913,-0.61652136
1747679462.7767732,0.5873848,0.07700006,1.6237738,1.9932414,0.5886913,-0.61652136
1747679462.7773216,0.5873848,0.07700006,1.6237738,1.9932414,0.5886913,-0.61652136
1747679462.7778707,0.5873848,0.07700006,1.6237738,1.9932414,0.5886913,-0.61652136
1747679462.7784176,0.5873848,0.07700006,1.6237738,1.9932414,0.5886913,-0.61652136
1747679462.7789657,0.5873848,0.07700006,1.6237738,1.9932414,0.5886913,-0.61652136
1747679462.7795384,0.5873848,0.07700006,1.6237738,1.9932414,0.5886913,-0.61652136
1747679462.780096,0.5873848,0.07700006,1.6237738,1.9932414,0.5886913,-0.61652136
1747679462.7806485,0.6152073,0.059916057,1.6647754,1.9932414,0.5886913,-0.61652136
1747679462.781205,0.6152073,0.059916057,1.6647754,1.9932414,0.5886913,-0.61652136
1747679462.7826097,0.6152073,0.059916057,1.6647754,2.1999025,0.6004092,-0.6708498
1747679462.7831647,0.6152073,0.059916057,1.6647754,2.1999025,0.6004092,-0.6708498
1747679462.783745,0.6152073,0.059916057,1.6647754,2.1999025,0.6004092,-0.6708498
1747679462.7842987,0.6152073,0.059916057,1.6647754,2.1999025,0.6004092,-0.6708498
1747679462.7848537,0.6152073,0.059916057,1.6647754,2.1999025,0.6004092,-0.6708498
1747679462.785425,0.6152073,0.059916057,1.6647754,2.1999025,0.6004092,-0.6708498
1747679462.7859774,0.6152073,0.059916057,1.6647754,2.1999025,0.6004092,-0.6708498
1747679462.7865286,0.6152073,0.059916057,1.6647754,2.1999025,0.6004092,-0.6708498
1747679462.7870831,0.6152073,0.059916057,1.6647754,2.1999025,0.6004092,-0.6708498
1747679462.7885828,0.6152073,0.059916057,1.6647754,2.1999025,0.6004092,-0.6708498
1747679462.7891371,0.6152073,0.059916057,1.6647754,2.1999025,0.6004092,-0.6708498
1747679462.791239,0.6152073,0.059916057,1.6647754,2.1999025,0.6004092,-0.6708498
1747679462.7946124,0.6152073,0.059916057,1.6647754,2.1999025,0.6004092,-0.6708498
1747679462.7954144,0.6152073,0.059916057,1.6647754,2.4246733,0.6185187,-0.7432877
1747679462.797744,0.6152073,0.059916057,1.6647754,2.4246733,0.6185187,-0.7432877
1747679462.802219,0.57908684,0.018426323,1.6262144,2.5471785,0.64408505,-0.77098453
1747679462.8034317,0.57908684,0.018426323,1.6262144,2.5471785,0.64408505,-0.77098453
1747679462.804257,0.57908684,0.018426323,1.6262144,2.5471785,0.64408505,-0.77098453
1747679462.8050044,0.57908684,0.018426323,1.6262144,2.5471785,0.64408505,-0.77098453
1747679462.8061476,0.57908684,0.018426323,1.6262144,2.5471785,0.64408505,-0.77098453
1747679462.8067422,0.57908684,0.018426323,1.6262144,2.5471785,0.64408505,-0.77098453
1747679462.8072975,0.57908684,0.018426323,1.6262144,2.5471785,0.64408505,-0.77098453
1747679462.807961,0.57908684,0.018426323,1.6262144,2.5471785,0.64408505,-0.77098453
1747679462.808652,0.57908684,0.018426323,1.6262144,2.5471785,0.64408505,-0.77098453
1747679462.8092127,0.57908684,0.018426323,1.6262144,2.5471785,0.64408505,-0.77098453
1747679462.8098788,0.57908684,0.018426323,1.6262144,2.5471785,0.64408505,-0.77098453
1747679462.8104362,0.57908684,0.018426323,1.6262144,2.5471785,0.64408505,-0.77098453
1747679462.8109906,0.57908684,0.018426323,1.6262144,2.5471785,0.64408505,-0.77098453
1747679462.811541,0.57908684,0.018426323,1.6262144,2.5471785,0.64408505,-0.77098453
1747679462.8120816,0.57908684,0.018426323,1.6262144,2.5471785,0.64408505,-0.77098453
1747679462.8126197,0.57908684,0.018426323,1.6262144,2.7378607,0.7186535,-0.79868144
1747679462.8131554,0.57908684,0.018426323,1.6262144,2.7378607,0.7186535,-0.79868144
1747679462.814803,0.5746938,0.008664032,1.5451875,2.7378607,0.7186535,-0.79868144
1747679462.8153522,0.5746938,0.008664032,1.5451875,2.7378607,0.7186535,-0.79868144
1747679462.8158882,0.5746938,0.008664032,1.5451875,2.7378607,0.7186535,-0.79868144
1747679462.8164232,0.5746938,0.008664032,1.5451875,2.7378607,0.7186535,-0.79868144
1747679462.816957,0.5746938,0.008664032,1.5451875,2.7378607,0.7186535,-0.79868144
1747679462.8174913,0.5746938,0.008664032,1.5451875,2.7378607,0.7186535,-0.79868144
1747679462.8180246,0.5746938,0.008664032,1.5451875,2.7378607,0.7186535,-0.79868144
1747679462.818558,0.5746938,0.008664032,1.5451875,2.7378607,0.7186535,-0.79868144
1747679462.8190925,0.5746938,0.008664032,1.5451875,2.7378607,0.7186535,-0.79868144
1747679462.8196254,0.5746938,0.008664032,1.5451875,2.7378607,0.7186535,-0.79868144
1747679462.821212,0.5746938,0.008664032,1.5451875,2.7378607,0.7186535,-0.79868144
1747679462.8227875,0.5746938,0.008664032,1.5451875,2.7378607,0.7186535,-0.79868144
1747679462.8233526,0.5746938,0.008664032,1.5451875,2.7378607,0.7186535,-0.79868144
1747679462.82393,0.58006305,0.0062234597,1.4768515,2.8284082,0.79961354,-0.84129196
1747679462.824492,0.58006305,0.0062234597,1.4768515,2.8284082,0.79961354,-0.84129196
1747679462.8250468,0.58006305,0.0062234597,1.4768515,2.8284082,0.79961354,-0.84129196
1747679462.8256052,0.58006305,0.0062234597,1.4768515,2.8284082,0.79961354,-0.84129196
1747679462.8272738,0.58006305,0.0062234597,1.4768515,2.8284082,0.79961354,-0.84129196
1747679462.8281305,0.58006305,0.0062234597,1.4768515,2.8284082,0.79961354,-0.84129196
1747679462.8286812,0.58006305,0.0062234597,1.4768515,2.8284082,0.79961354,-0.84129196
1747679462.830389,0.58006305,0.0062234597,1.4768515,2.8284082,0.79961354,-0.84129196
1747679462.831318,0.53662086,-0.010372433,1.4182776,2.883802,0.92424935,-0.87857616
1747679462.8319135,0.53662086,-0.010372433,1.4182776,2.883802,0.92424935,-0.87857616
1747679462.8324404,0.53662086,-0.010372433,1.4182776,2.883802,0.92424935,-0.87857616
1747679462.832991,0.53662086,-0.010372433,1.4182776,2.883802,0.92424935,-0.87857616
1747679462.8335423,0.53662086,-0.010372433,1.4182776,2.883802,0.92424935,-0.87857616
1747679462.8341172,0.53662086,-0.010372433,1.4182776,2.883802,0.92424935,-0.87857616
1747679462.8346329,0.53662086,-0.010372433,1.4182776,2.883802,0.92424935,-0.87857616
1747679462.8351843,0.53662086,-0.010372433,1.4182776,2.883802,0.92424935,-0.87857616
1747679462.835968,0.53662086,-0.010372433,1.4182776,2.883802,0.92424935,-0.87857616
1747679462.8365242,0.53662086,-0.010372433,1.4182776,2.883802,0.92424935,-0.87857616
1747679462.8370738,0.53662086,-0.010372433,1.4182776,2.883802,0.92424935,-0.87857616
1747679462.8376486,0.53662086,-0.010372433,1.4182776,2.883802,0.92424935,-0.87857616
1747679462.8381798,0.53662086,-0.010372433,1.4182776,2.883802,0.92424935,-0.87857616
1747679462.8387153,0.53662086,-0.010372433,1.4182776,2.883802,0.92424935,-0.87857616
1747679462.8392518,0.53662086,-0.010372433,1.4182776,2.883802,0.92424935,-0.87857616
1747679462.8397884,0.53662086,-0.010372433,1.4182776,2.883802,0.92424935,-0.87857616
1747679462.8403237,0.53662086,-0.010372433,1.4182776,2.883802,0.92424935,-0.87857616
1747679462.8408594,0.50977457,-0.013789235,1.385574,2.9157598,1.0414283,-0.87005407
1747679462.84139,0.50977457,-0.013789235,1.385574,2.9157598,1.0414283,-0.87005407
1747679462.841932,0.50977457,-0.013789235,1.385574,2.9157598,1.0414283,-0.87005407
1747679462.8424668,0.50977457,-0.013789235,1.385574,2.9157598,1.0414283,-0.87005407
1747679462.8430018,0.50977457,-0.013789235,1.385574,2.9157598,1.0414283,-0.87005407
1747679462.8442945,0.50977457,-0.013789235,1.385574,2.9157598,1.0414283,-0.87005407
1747679462.8449216,0.50977457,-0.013789235,1.385574,2.9157598,1.0414283,-0.87005407
1747679462.8454826,0.50977457,-0.013789235,1.385574,2.9157598,1.0414283,-0.87005407
1747679462.8460293,0.50977457,-0.013789235,1.385574,2.9157598,1.0414283,-0.87005407
1747679462.8465714,0.50977457,-0.013789235,1.385574,2.9157598,1.0414283,-0.87005407
1747679462.8471048,0.50977457,-0.013789235,1.385574,2.9157598,1.0414283,-0.87005407
1747679462.8476317,0.50977457,-0.013789235,1.385574,2.9157598,1.0414283,-0.87005407
1747679462.8481598,0.50977457,-0.013789235,1.385574,2.9157598,1.0414283,-0.87005407
1747679462.8486884,0.50977457,-0.013789235,1.385574,2.9157598,1.0414283,-0.87005407
1747679462.849222,0.5351565,0.0037828875,1.3294408,2.9157598,1.0414283,-0.87005407
1747679462.8497534,0.5351565,0.0037828875,1.3294408,2.957305,1.1788474,-0.8572709
1747679462.8502839,0.5351565,0.0037828875,1.3294408,2.957305,1.1788474,-0.8572709
1747679462.8509893,0.5351565,0.0037828875,1.3294408,2.957305,1.1788474,-0.8572709
1747679462.8515594,0.5351565,0.0037828875,1.3294408,2.957305,1.1788474,-0.8572709
1747679462.8520832,0.5351565,0.0037828875,1.3294408,2.957305,1.1788474,-0.8572709
1747679462.852613,0.5351565,0.0037828875,1.3294408,2.957305,1.1788474,-0.8572709
1747679462.8531423,0.5351565,0.0037828875,1.3294408,2.957305,1.1788474,-0.8572709
1747679462.8537033,0.5351565,0.0037828875,1.3294408,2.957305,1.1788474,-0.8572709
1747679462.8542302,0.5351565,0.0037828875,1.3294408,2.957305,1.1788474,-0.8572709
1747679462.854746,0.5351565,0.0037828875,1.3294408,2.957305,1.1788474,-0.8572709
1747679462.855274,0.5351565,0.0037828875,1.3294408,2.957305,1.1788474,-0.8572709
1747679462.8558037,0.5351565,0.0037828875,1.3294408,2.957305,1.1788474,-0.8572709
1747679462.8563313,0.5351565,0.0037828875,1.3294408,2.957305,1.1788474,-0.8572709
1747679462.8568587,0.5351565,0.0037828875,1.3294408,2.957305,1.1788474,-0.8572709
1747679462.8573854,0.5351565,0.0037828875,1.3294408,2.957305,1.1788474,-0.8572709
1747679462.8579125,0.5351565,0.0037828875,1.3294408,2.957305,1.1788474,-0.8572709
1747679462.8584397,0.5351565,0.0037828875,1.3294408,2.957305,1.1788474,-0.8572709
1747679462.8589673,0.5351565,0.0037828875,1.3294408,2.957305,1.1788474,-0.8572709
1747679462.859511,0.5351565,0.0037828875,1.3294408,2.957305,1.1788474,-0.8572709
1747679462.86005,0.5673721,0.01598575,1.2923441,2.957305,1.1788474,-0.8572709
1747679462.8605926,0.5673721,0.01598575,1.2923441,2.957305,1.1788474,-0.8572709
1747679462.8611524,0.5673721,0.01598575,1.2923441,2.957305,1.1788474,-0.8572709
1747679462.8617215,0.5673721,0.01598575,1.2923441,2.957305,1.1788474,-0.8572709
1747679462.8622591,0.5673721,0.01598575,1.2923441,2.957305,1.1788474,-0.8572709
1747679462.862795,0.5673721,0.01598575,1.2923441,2.961566,1.2385021,-0.88816357
1747679462.8633595,0.5673721,0.01598575,1.2923441,2.961566,1.2385021,-0.88816357
1747679462.8638802,0.5673721,0.01598575,1.2923441,2.961566,1.2385021,-0.88816357
1747679462.8644304,0.5673721,0.01598575,1.2923441,2.961566,1.2385021,-0.88816357
1747679462.864979,0.5673721,0.01598575,1.2923441,2.961566,1.2385021,-0.88816357
1747679462.8655121,0.5673721,0.01598575,1.2923441,2.961566,1.2385021,-0.88816357
1747679462.8661082,0.5673721,0.01598575,1.2923441,2.961566,1.2385021,-0.88816357
1747679462.8666718,0.5673721,0.01598575,1.2923441,2.961566,1.2385021,-0.88816357
1747679462.8672364,0.5673721,0.01598575,1.2923441,2.961566,1.2385021,-0.88816357
1747679462.8677845,0.5673721,0.01598575,1.2923441,2.961566,1.2385021,-0.88816357
1747679462.8683186,0.5673721,0.01598575,1.2923441,2.961566,1.2385021,-0.88816357
1747679462.8688698,0.5673721,0.01598575,1.2923441,2.961566,1.2385021,-0.88816357
1747679462.8694232,0.52637047,0.013545178,1.2586643,2.961566,1.2385021,-0.88816357
1747679462.8699722,0.52637047,0.013545178,1.2586643,2.961566,1.2385021,-0.88816357
1747679462.8705287,0.52637047,0.013545178,1.2586643,2.961566,1.3183969,-0.96166676
1747679462.8710709,0.52637047,0.013545178,1.2586643,2.961566,1.3183969,-0.96166676
1747679462.8716304,0.52637047,0.013545178,1.2586643,2.961566,1.3183969,-0.96166676
1747679462.872178,0.52637047,0.013545178,1.2586643,2.961566,1.3183969,-0.96166676
1747679462.8727386,0.52637047,0.013545178,1.2586643,2.961566,1.3183969,-0.96166676
1747679462.8732917,0.52637047,0.013545178,1.2586643,2.961566,1.3183969,-0.96166676
1747679462.873821,0.52637047,0.013545178,1.2586643,2.961566,1.3183969,-0.96166676
1747679462.8743808,0.52637047,0.013545178,1.2586643,2.961566,1.3183969,-0.96166676
1747679462.8749137,0.52637047,0.013545178,1.2586643,2.961566,1.3183969,-0.96166676
1747679462.8754618,0.52637047,0.013545178,1.2586643,2.961566,1.3183969,-0.96166676
1747679462.87601,0.52637047,0.013545178,1.2586643,2.961566,1.3183969,-0.96166676
1747679462.876665,0.52637047,0.013545178,1.2586643,2.961566,1.3183969,-0.96166676
1747679462.877227,0.52637047,0.013545178,1.2586643,2.961566,1.3183969,-0.96166676
1747679462.8777688,0.52637047,0.013545178,1.2586643,2.961566,1.3183969,-0.96166676
1747679462.8782966,0.52637047,0.013545178,1.2586643,2.961566,1.3183969,-0.96166676
1747679462.878847,0.52637047,0.013545178,1.2586643,2.961566,1.3183969,-0.96166676
1747679462.8794043,0.48829755,0.013545178,1.232306,2.9605007,1.3695296,-0.9808415
1747679462.8799717,0.48829755,0.013545178,1.232306,2.9605007,1.3695296,-0.9808415
1747679462.880526,0.48829755,0.013545178,1.232306,2.9605007,1.3695296,-0.9808415
1747679462.8812494,0.48829755,0.013545178,1.232306,2.9605007,1.3695296,-0.9808415
1747679462.8818111,0.48829755,0.013545178,1.232306,2.9605007,1.3695296,-0.9808415
1747679462.882373,0.48829755,0.013545178,1.232306,2.9605007,1.3695296,-0.9808415
1747679462.8830018,0.48829755,0.013545178,1.232306,2.9605007,1.3695296,-0.9808415
1747679462.8837693,0.48829755,0.013545178,1.232306,2.9605007,1.3695296,-0.9808415
1747679462.8840835,0.48829755,0.013545178,1.232306,2.9605007,1.3695296,-0.9808415
1747679462.884643,0.48829755,0.013545178,1.232306,2.9605007,1.3695296,-0.9808415
1747679462.8852272,0.48829755,0.013545178,1.232306,2.9605007,1.3695296,-0.9808415
1747679462.8858006,0.48829755,0.013545178,1.232306,2.9605007,1.3695296,-0.9808415
1747679462.8863304,0.48829755,0.013545178,1.232306,2.9605007,1.3695296,-0.9808415
1747679462.8868573,0.48829755,0.013545178,1.232306,2.9605007,1.3695296,-0.9808415
1747679462.889218,0.48829755,0.013545178,1.232306,2.9605007,1.3695296,-0.9808415
1747679462.8898787,0.48829755,0.013545178,1.232306,2.9605007,1.3695296,-0.9808415
1747679462.8904457,0.48829755,0.013545178,1.232306,2.9605007,1.3695296,-0.9808415
1747679462.8922868,0.4843926,0.015497635,1.2469496,2.9700882,1.4504896,-0.9936247
1747679462.8928914,0.4843926,0.015497635,1.2469496,2.9700882,1.4504896,-0.9936247
1747679462.8934336,0.4843926,0.015497635,1.2469496,2.9700882,1.4504896,-0.9936247
1747679462.8939633,0.4843926,0.015497635,1.2469496,2.9700882,1.4504896,-0.9936247
1747679462.8946974,0.4843926,0.015497635,1.2469496,2.9700882,1.4504896,-0.9936247
1747679462.895121,0.4843926,0.015497635,1.2469496,2.9700882,1.4504896,-0.9936247
1747679462.8956556,0.4843926,0.015497635,1.2469496,2.9700882,1.4504896,-0.9936247
1747679462.8962765,0.4843926,0.015497635,1.2469496,2.9700882,1.4504896,-0.9936247
1747679462.8968744,0.4843926,0.015497635,1.2469496,2.9700882,1.4504896,-0.9936247
1747679462.897406,0.4843926,0.015497635,1.2469496,2.9700882,1.4504896,-0.9936247
1747679462.8979683,0.4843926,0.015497635,1.2469496,2.9700882,1.4504896,-0.9936247
1747679462.89852,0.4843926,0.015497635,1.2469496,2.9700882,1.4504896,-0.9936247
1747679462.8990784,0.4843926,0.015497635,1.2469496,2.9700882,1.4504896,-0.9936247
1747679462.8996377,0.4843926,0.015497635,1.2469496,2.9700882,1.4504896,-0.9936247
1747679462.9001822,0.4843926,0.015497635,1.2469496,2.9700882,1.4504896,-0.9936247
1747679462.9007268,0.4843926,0.015497635,1.2469496,2.9700882,1.4504896,-0.9936247
1747679462.9012709,0.4843926,0.015497635,1.2469496,2.9700882,1.4504896,-0.9936247
1747679462.9018023,0.4843926,0.015497635,1.2469496,2.9700882,1.4504896,-0.9936247
1747679462.9023347,0.4843926,0.015497635,1.2469496,3.0031114,1.4835128,-1.0096036
1747679462.902871,0.4873213,0.016473865,1.2586643,3.0031114,1.4835128,-1.0096036
1747679462.903403,0.4873213,0.016473865,1.2586643,3.0031114,1.4835128,-1.0096036
1747679462.9039307,0.4873213,0.016473865,1.2586643,3.0031114,1.4835128,-1.0096036
1747679462.9044917,0.4873213,0.016473865,1.2586643,3.0031114,1.4835128,-1.0096036
1747679462.9050236,0.4873213,0.016473865,1.2586643,3.0031114,1.4835128,-1.0096036
1747679462.905556,0.4873213,0.016473865,1.2586643,3.0031114,1.4835128,-1.0096036
1747679462.9060876,0.4873213,0.016473865,1.2586643,3.0031114,1.4835128,-1.0096036
1747679462.9066212,0.4873213,0.016473865,1.2586643,3.0031114,1.4835128,-1.0096036
1747679462.9071503,0.4873213,0.016473865,1.2586643,3.0031114,1.4835128,-1.0096036
1747679462.9078214,0.4873213,0.016473865,1.2586643,3.0031114,1.4835128,-1.0096036
1747679462.9083858,0.4873213,0.016473865,1.2586643,3.0031114,1.4835128,-1.0096036
1747679462.9089248,0.4873213,0.016473865,1.2586643,3.0031114,1.4835128,-1.0096036
1747679462.9094524,0.4873213,0.016473865,1.2586643,3.0031114,1.4835128,-1.0096036
1747679462.909981,0.4873213,0.016473865,1.2586643,3.0031114,1.4835128,-1.0096036
1747679462.910516,0.4873213,0.016473865,1.2586643,3.0031114,1.4835128,-1.0096036
1747679462.911091,0.4873213,0.016473865,1.2586643,3.0031114,1.4835128,-1.0096036
1747679462.9124496,0.4873213,0.016473865,1.2586643,3.1213555,1.4792517,-1.0522141
1747679462.913021,0.43850988,0.016961979,1.2698909,3.1213555,1.4792517,-1.0522141
1747679462.9135838,0.43850988,0.016961979,1.2698909,3.1213555,1.4792517,-1.0522141
1747679462.9141858,0.43850988,0.016961979,1.2698909,3.1213555,1.4792517,-1.0522141
1747679462.9147623,0.43850988,0.016961979,1.2698909,3.1213555,1.4792517,-1.0522141
1747679462.9152894,0.43850988,0.016961979,1.2698909,3.1213555,1.4792517,-1.0522141
1747679462.9159813,0.43850988,0.016961979,1.2698909,3.1213555,1.4792517,-1.0522141
1747679462.916539,0.43850988,0.016961979,1.2698909,3.1213555,1.4792517,-1.0522141
1747679462.9171052,0.43850988,0.016961979,1.2698909,3.1213555,1.4792517,-1.0522141
1747679462.9177773,0.43850988,0.016961979,1.2698909,3.1213555,1.4792517,-1.0522141
1747679462.9183335,0.43850988,0.016961979,1.2698909,3.1213555,1.4792517,-1.0522141
1747679462.9189036,0.43850988,0.016961979,1.2698909,3.1213555,1.4792517,-1.0522141
1747679462.9194806,0.43850988,0.016961979,1.2698909,3.1213555,1.4792517,-1.0522141
1747679462.920015,0.43850988,0.016961979,1.2698909,3.1213555,1.4792517,-1.0522141
1747679462.9205546,0.43850988,0.016961979,1.2698909,3.1213555,1.4792517,-1.0522141
1747679462.9210978,0.43850988,0.016961979,1.2698909,3.1213555,1.4792517,-1.0522141
1747679462.9216352,0.43850988,0.016961979,1.2698909,3.1213555,1.4792517,-1.0522141
1747679462.9221723,0.43850988,0.016961979,1.2698909,3.1213555,1.4792517,-1.0522141
1747679462.922871,0.43850988,0.016961979,1.2698909,3.1213555,1.4792517,-1.0522141
1747679462.9234395,0.43850988,0.016961979,1.2698909,3.2364042,1.4302496,-1.043692
1747679462.924015,0.37066194,0.02379558,1.2454852,3.2364042,1.4302496,-1.043692
1747679462.924544,0.37066194,0.02379558,1.2454852,3.2364042,1.4302496,-1.043692
1747679462.925083,0.37066194,0.02379558,1.2454852,3.2364042,1.4302496,-1.043692
1747679462.9256086,0.37066194,0.02379558,1.2454852,3.2364042,1.4302496,-1.043692
1747679462.926155,0.37066194,0.02379558,1.2454852,3.2364042,1.4302496,-1.043692
1747679462.9266934,0.37066194,0.02379558,1.2454852,3.2364042,1.4302496,-1.043692
1747679462.9272904,0.37066194,0.02379558,1.2454852,3.2364042,1.4302496,-1.043692
1747679462.9278142,0.37066194,0.02379558,1.2454852,3.2364042,1.4302496,-1.043692
1747679462.9283767,0.37066194,0.02379558,1.2454852,3.2364042,1.4302496,-1.043692
1747679462.9289367,0.37066194,0.02379558,1.2454852,3.2364042,1.4302496,-1.043692
1747679462.929495,0.37066194,0.02379558,1.2454852,3.2364042,1.4302496,-1.043692
1747679462.9300535,0.37066194,0.02379558,1.2454852,3.2364042,1.4302496,-1.043692
1747679462.9306157,0.37066194,0.02379558,1.2454852,3.2364042,1.4302496,-1.043692
1747679462.9311545,0.37066194,0.02379558,1.2454852,3.2364042,1.4302496,-1.043692
1747679462.9317114,0.37066194,0.02379558,1.2454852,3.2364042,1.4302496,-1.043692
1747679462.9329107,0.37066194,0.02379558,1.2454852,3.2364042,1.4302496,-1.043692
1747679462.9334455,0.37066194,0.02379558,1.2454852,3.2364042,1.4302496,-1.043692
1747679462.9339979,0.37066194,0.02379558,1.2454852,3.2364042,1.4302496,-1.043692
1747679462.9345756,0.37066194,0.02379558,1.2454852,3.2364042,1.4302496,-1.043692
1747679462.9351058,0.3321009,0.025748039,1.2171745,3.2364042,1.4302496,-1.043692
1747679462.9356482,0.3321009,0.025748039,1.2171745,3.345061,1.3908348,-1.0021467
1747679462.936176,0.3321009,0.025748039,1.2171745,3.345061,1.3908348,-1.0021467
1747679462.9367034,0.3321009,0.025748039,1.2171745,3.345061,1.3908348,-1.0021467
1747679462.9372375,0.3321009,0.025748039,1.2171745,3.345061,1.3908348,-1.0021467
1747679462.937764,0.3321009,0.025748039,1.2171745,3.345061,1.3908348,-1.0021467
1747679462.9383137,0.3321009,0.025748039,1.2171745,3.345061,1.3908348,-1.0021467
1747679462.9388463,0.3321009,0.025748039,1.2171745,3.345061,1.3908348,-1.0021467
1747679462.9394019,0.3321009,0.025748039,1.2171745,3.345061,1.3908348,-1.0021467
1747679462.9399416,0.3321009,0.025748039,1.2171745,3.345061,1.3908348,-1.0021467
1747679462.9404738,0.32185048,0.034045987,1.1756848,3.345061,1.3908348,-1.0021467
1747679462.9410083,0.32185048,0.034045987,1.1756848,3.345061,1.3908348,-1.0021467
1747679462.9415548,0.32185048,0.034045987,1.1756848,3.46224,1.4025527,-0.94781834
1747679462.942147,0.32185048,0.034045987,1.1756848,3.46224,1.4025527,-0.94781834
1747679462.9427195,0.32185048,0.034045987,1.1756848,3.46224,1.4025527,-0.94781834
1747679462.9432452,0.32185048,0.034045987,1.1756848,3.46224,1.4025527,-0.94781834
1747679462.943774,0.32185048,0.034045987,1.1756848,3.46224,1.4025527,-0.94781834
1747679462.9443095,0.32185048,0.034045987,1.1756848,3.46224,1.4025527,-0.94781834
1747679462.9448462,0.32185048,0.034045987,1.1756848,3.46224,1.4025527,-0.94781834
1747679462.9453719,0.32185048,0.034045987,1.1756848,3.46224,1.4025527,-0.94781834
1747679462.9458983,0.32185048,0.034045987,1.1756848,3.46224,1.4025527,-0.94781834
1747679462.946423,0.32185048,0.034045987,1.1756848,3.46224,1.4025527,-0.94781834
1747679462.946957,0.32185048,0.034045987,1.1756848,3.46224,1.4025527,-0.94781834
1747679462.9474902,0.32185048,0.034045987,1.1756848,3.46224,1.4025527,-0.94781834
1747679462.9480233,0.32185048,0.034045987,1.1756848,3.46224,1.4025527,-0.94781834
1747679462.948569,0.32185048,0.034045987,1.1756848,3.46224,1.4025527,-0.94781834
1747679462.949134,0.32185048,0.034045987,1.1756848,3.46224,1.4025527,-0.94781834
1747679462.9497018,0.32185048,0.034045987,1.1756848,3.46224,1.4025527,-0.94781834
1747679462.9502316,0.32185048,0.034045987,1.1756848,3.5463958,1.4227928,-0.90307724
1747679462.9507947,0.3389345,0.05503491,1.0692759,3.5463958,1.4227928,-0.90307724
1747679462.9513526,0.3389345,0.05503491,1.0692759,3.5463958,1.4227928,-0.90307724
1747679462.9519105,0.3389345,0.05503491,1.0692759,3.5463958,1.4227928,-0.90307724
1747679462.9524627,0.3389345,0.05503491,1.0692759,3.5463958,1.4227928,-0.90307724
1747679462.9530094,0.3389345,0.05503491,1.0692759,3.5463958,1.4227928,-0.90307724
1747679462.9535618,0.3389345,0.05503491,1.0692759,3.5463958,1.4227928,-0.90307724
1747679462.954123,0.3389345,0.05503491,1.0692759,3.5463958,1.4227928,-0.90307724
1747679462.9546688,0.3389345,0.05503491,1.0692759,3.5463958,1.4227928,-0.90307724
1747679462.9552224,0.3389345,0.05503491,1.0692759,3.5463958,1.4227928,-0.90307724
1747679462.9557638,0.3389345,0.05503491,1.0692759,3.5463958,1.4227928,-0.90307724
1747679462.9562914,0.3389345,0.05503491,1.0692759,3.5463958,1.4227928,-0.90307724
1747679462.956818,0.3389345,0.05503491,1.0692759,3.5463958,1.4227928,-0.90307724
1747679462.9574394,0.3389345,0.05503491,1.0692759,3.5463958,1.4227928,-0.90307724
1747679462.9580002,0.3389345,0.05503491,1.0692759,3.5463958,1.4227928,-0.90307724
1747679462.9585319,0.3389345,0.05503491,1.0692759,3.5463958,1.4227928,-0.90307724
1747679462.9590585,0.3389345,0.05503491,1.0692759,3.5463958,1.4227928,-0.90307724
1747679462.9596062,0.3389345,0.05503491,1.0692759,3.5463958,1.4227928,-0.90307724
1747679462.9601226,0.3389345,0.05503491,1.0692759,3.5463958,1.4227928,-0.90307724
1747679462.960668,0.36089966,0.07602383,0.99020123,3.5687664,1.4536854,-0.88816357
1747679462.9611995,0.36089966,0.07602383,0.99020123,3.5687664,1.4536854,-0.88816357
1747679462.961727,0.36089966,0.07602383,0.99020123,3.5687664,1.4536854,-0.88816357
1747679462.9622536,0.36089966,0.07602383,0.99020123,3.5687664,1.4536854,-0.88816357
1747679462.9627802,0.36089966,0.07602383,0.99020123,3.5687664,1.4536854,-0.88816357
1747679462.9633067,0.36089966,0.07602383,0.99020123,3.5687664,1.4536854,-0.88816357
1747679462.963847,0.36089966,0.07602383,0.99020123,3.5687664,1.4536854,-0.88816357
1747679462.9643955,0.36089966,0.07602383,0.99020123,3.5687664,1.4536854,-0.88816357
1747679462.9649248,0.36089966,0.07602383,0.99020123,3.5687664,1.4536854,-0.88816357
1747679462.9654515,0.36089966,0.07602383,0.99020123,3.5687664,1.4536854,-0.88816357
1747679462.9659784,0.36089966,0.07602383,0.99020123,3.5687664,1.4536854,-0.88816357
1747679462.9665043,0.36089966,0.07602383,0.99020123,3.5687664,1.4536854,-0.88816357
1747679462.967031,0.36089966,0.07602383,0.99020123,3.5687664,1.4536854,-0.88816357
1747679462.9675574,0.36089966,0.07602383,0.99020123,3.5687664,1.4536854,-0.88816357
1747679462.9680836,0.36089966,0.07602383,0.99020123,3.5687664,1.4536854,-0.88816357
1747679462.9686096,0.36089966,0.07602383,0.99020123,3.5687664,1.4536854,-0.88816357
1747679462.9691527,0.36089966,0.07602383,0.99020123,3.5687664,1.4536854,-0.88816357
1747679462.9697187,0.36089966,0.07602383,0.99020123,3.5687664,1.4536854,-0.88816357
1747679462.9702935,0.40531808,0.086762354,0.91210294,3.5687664,1.4536854,-0.88816357
1747679462.970789,0.40531808,0.086762354,0.91210294,3.5293517,1.5740602,-0.9073383
1747679462.9713192,0.40531808,0.086762354,0.91210294,3.5293517,1.5740602,-0.9073383
1747679462.9718575,0.40531808,0.086762354,0.91210294,3.5293517,1.5740602,-0.9073383
1747679462.9725423,0.40531808,0.086762354,0.91210294,3.5293517,1.5740602,-0.9073383
1747679462.9731138,0.40531808,0.086762354,0.91210294,3.5293517,1.5740602,-0.9073383
1747679462.973758,0.40531808,0.086762354,0.91210294,3.5293517,1.5740602,-0.9073383
1747679462.9743202,0.40531808,0.086762354,0.91210294,3.5293517,1.5740602,-0.9073383
1747679462.974848,0.40531808,0.086762354,0.91210294,3.5293517,1.5740602,-0.9073383
1747679462.9754,0.40531808,0.086762354,0.91210294,3.5293517,1.5740602,-0.9073383
1747679462.975941,0.40531808,0.086762354,0.91210294,3.5293517,1.5740602,-0.9073383
1747679462.9764912,0.40531808,0.086762354,0.91210294,3.5293517,1.5740602,-0.9073383
1747679462.9771173,0.40531808,0.086762354,0.91210294,3.5293517,1.5740602,-0.9073383
1747679462.9776804,0.40531808,0.086762354,0.91210294,3.5293517,1.5740602,-0.9073383
1747679462.9782214,0.40531808,0.086762354,0.91210294,3.5293517,1.5740602,-0.9073383
1747679462.9787438,0.40531808,0.086762354,0.91210294,3.5293517,1.5740602,-0.9073383
1747679462.9792762,0.40531808,0.086762354,0.91210294,3.5293517,1.5740602,-0.9073383
1747679462.9798164,0.45120084,0.0916435,0.86085093,3.4771538,1.698696,-0.9648625
1747679462.9803517,0.45120084,0.0916435,0.86085093,3.4771538,1.698696,-0.9648625
1747679462.9808795,0.45120084,0.0916435,0.86085093,3.4771538,1.698696,-0.9648625
1747679462.9814048,0.45120084,0.0916435,0.86085093,3.4771538,1.698696,-0.9648625
1747679462.9819293,0.45120084,0.0916435,0.86085093,3.4771538,1.698696,-0.9648625
1747679462.9824533,0.45120084,0.0916435,0.86085093,3.4771538,1.698696,-0.9648625
1747679462.9829779,0.45120084,0.0916435,0.86085093,3.4771538,1.698696,-0.9648625
1747679462.9835188,0.45120084,0.0916435,0.86085093,3.4771538,1.698696,-0.9648625
1747679462.9840448,0.45120084,0.0916435,0.86085093,3.4771538,1.698696,-0.9648625
1747679462.9845815,0.45120084,0.0916435,0.86085093,3.4771538,1.698696,-0.9648625
1747679462.9851282,0.45120084,0.0916435,0.86085093,3.4771538,1.698696,-0.9648625
1747679462.9856756,0.45120084,0.0916435,0.86085093,3.4771538,1.698696,-0.9648625
1747679462.986203,0.45120084,0.0916435,0.86085093,3.4771538,1.698696,-0.9648625
1747679462.9867423,0.45120084,0.0916435,0.86085093,3.4771538,1.698696,-0.9648625
1747679462.9872682,0.45120084,0.0916435,0.86085093,3.4771538,1.698696,-0.9648625
1747679462.9878163,0.45120084,0.0916435,0.86085093,3.4771538,1.698696,-0.9648625
1747679462.9883804,0.45120084,0.0916435,0.86085093,3.4771538,1.698696,-0.9648625
1747679462.9889088,0.45120084,0.0916435,0.86085093,3.4771538,1.698696,-0.9648625
1747679462.98944,0.45120084,0.0916435,0.86085093,3.4771538,1.698696,-0.9648625
1747679462.9899695,0.45120084,0.0916435,0.86085093,3.4675663,1.8105487,-1.0586058
1747679462.9905078,0.42777133,0.11653733,0.84669566,3.4675663,1.8105487,-1.0586058
1747679462.9910333,0.42777133,0.11653733,0.84669566,3.4675663,1.8105487,-1.0586058
1747679462.9915574,0.42777133,0.11653733,0.84669566,3.4675663,1.8105487,-1.0586058
1747679462.9920814,0.42777133,0.11653733,0.84669566,3.4675663,1.8105487,-1.0586058
1747679462.9926054,0.42777133,0.11653733,0.84669566,3.4675663,1.8105487,-1.0586058
1747679462.9931295,0.42777133,0.11653733,0.84669566,3.4675663,1.8105487,-1.0586058
1747679462.9936702,0.42777133,0.11653733,0.84669566,3.4675663,1.8105487,-1.0586058
1747679462.9941962,0.42777133,0.11653733,0.84669566,3.4675663,1.8105487,-1.0586058
1747679462.9947333,0.42777133,0.11653733,0.84669566,3.4675663,1.8105487,-1.0586058
1747679462.9952574,0.42777133,0.11653733,0.84669566,3.4675663,1.8105487,-1.0586058
1747679462.9957817,0.42777133,0.11653733,0.84669566,3.4675663,1.8105487,-1.0586058
1747679462.9963057,0.42777133,0.11653733,0.84669566,3.4675663,1.8105487,-1.0586058
1747679462.9968297,0.42777133,0.11653733,0.84669566,3.4675663,1.8105487,-1.0586058
1747679462.997354,0.42777133,0.11653733,0.84669566,3.4675663,1.8105487,-1.0586058
1747679462.997879,0.42777133,0.11653733,0.84669566,3.4675663,1.8105487,-1.0586058
1747679462.9984035,0.42777133,0.11653733,0.84669566,3.4675663,1.8105487,-1.0586058
1747679462.9989278,0.42777133,0.11653733,0.84669566,3.4675663,1.8105487,-1.0586058
1747679462.999452,0.42777133,0.11653733,0.84669566,3.4675663,1.8105487,-1.0586058
1747679462.9999762,0.42777133,0.11653733,0.84669566,3.4675663,1.8105487,-1.0586058
1747679463.0005002,0.42777133,0.11653733,0.84669566,3.4675663,1.8105487,-1.0586058
1747679463.001048,0.42777133,0.11653733,0.84669566,3.4675663,1.8105487,-1.0586058
1747679463.0015705,0.3862816,0.1219066,0.810087,3.486741,1.8606161,-1.1321089
1747679463.002177,0.3862816,0.1219066,0.810087,3.486741,1.8606161,-1.1321089
1747679463.0026894,0.3862816,0.1219066,0.810087,3.486741,1.8606161,-1.1321089
1747679463.0032456,0.3862816,0.1219066,0.810087,3.486741,1.8606161,-1.1321089
1747679463.0037856,0.3862816,0.1219066,0.810087,3.486741,1.8606161,-1.1321089
1747679463.0043418,0.3862816,0.1219066,0.810087,3.486741,1.8606161,-1.1321089
1747679463.0048606,0.3862816,0.1219066,0.810087,3.486741,1.8606161,-1.1321089
1747679463.0053985,0.3862816,0.1219066,0.810087,3.486741,1.8606161,-1.1321089
1747679463.0059466,0.3862816,0.1219066,0.810087,3.486741,1.8606161,-1.1321089
1747679463.006472,0.3862816,0.1219066,0.810087,3.486741,1.8606161,-1.1321089
1747679463.0069916,0.3862816,0.1219066,0.810087,3.486741,1.8606161,-1.1321089
1747679463.007511,0.3862816,0.1219066,0.810087,3.486741,1.8606161,-1.1321089
1747679463.0080295,0.3862816,0.1219066,0.810087,3.486741,1.8606161,-1.1321089
1747679463.008548,0.3862816,0.1219066,0.810087,3.486741,1.8606161,-1.1321089
1747679463.0090663,0.3862816,0.1219066,0.810087,3.486741,1.8606161,-1.1321089
1747679463.0095847,0.3862816,0.1219066,0.810087,3.486741,1.8606161,-1.1321089
1747679463.0101027,0.3862816,0.1219066,0.810087,3.486741,1.8606161,-1.1321089
1747679463.0106208,0.3862816,0.1219066,0.810087,3.486741,1.8606161,-1.1321089
1747679463.0111656,0.3862816,0.1219066,0.810087,3.486741,1.8606161,-1.1321089
1747679463.0116868,0.3862816,0.1219066,0.810087,3.486741,1.8606161,-1.1321089
1747679463.0122056,0.311112,0.115561105,0.78128827,3.5442653,1.908553,-1.1757847
1747679463.012724,0.311112,0.115561105,0.78128827,3.5442653,1.908553,-1.1757847
1747679463.013242,0.311112,0.115561105,0.78128827,3.5442653,1.908553,-1.1757847
1747679463.01376,0.311112,0.115561105,0.78128827,3.5442653,1.908553,-1.1757847
1747679463.0142884,0.311112,0.115561105,0.78128827,3.5442653,1.908553,-1.1757847
1747679463.0148227,0.311112,0.115561105,0.78128827,3.5442653,1.908553,-1.1757847
1747679463.0153422,0.311112,0.115561105,0.78128827,3.5442653,1.908553,-1.1757847
1747679463.0158606,0.311112,0.115561105,0.78128827,3.5442653,1.908553,-1.1757847
1747679463.0163782,0.311112,0.115561105,0.78128827,3.5442653,1.908553,-1.1757847
1747679463.0169077,0.311112,0.115561105,0.78128827,3.5442653,1.908553,-1.1757847
1747679463.0175025,0.311112,0.115561105,0.78128827,3.5442653,1.908553,-1.1757847
1747679463.0180674,0.311112,0.115561105,0.78128827,3.5442653,1.908553,-1.1757847
1747679463.0186236,0.311112,0.115561105,0.78128827,3.5442653,1.908553,-1.1757847
1747679463.0191567,0.311112,0.115561105,0.78128827,3.5442653,1.908553,-1.1757847
1747679463.0196764,0.311112,0.115561105,0.78128827,3.5442653,1.908553,-1.1757847
1747679463.0201945,0.311112,0.115561105,0.78128827,3.5442653,1.908553,-1.1757847
1747679463.0207133,0.311112,0.115561105,0.78128827,3.5442653,1.908553,-1.1757847
1747679463.0212314,0.311112,0.115561105,0.78128827,3.5442653,1.908553,-1.1757847
1747679463.0217502,0.311112,0.115561105,0.78128827,3.5442653,1.908553,-1.1757847
1747679463.0222695,0.311112,0.115561105,0.78128827,3.5442653,1.908553,-1.1757847
1747679463.022788,0.25253823,0.12288283,0.73345304,3.5442653,1.908553,-1.1757847
1747679463.023307,0.25253823,0.12288283,0.73345304,3.608181,1.9426414,-1.172589
1747679463.023836,0.25253823,0.12288283,0.73345304,3.608181,1.9426414,-1.172589
1747679463.0243664,0.25253823,0.12288283,0.73345304,3.608181,1.9426414,-1.172589
1747679463.0248868,0.25253823,0.12288283,0.73345304,3.608181,1.9426414,-1.172589
1747679463.0254054,0.25253823,0.12288283,0.73345304,3.608181,1.9426414,-1.172589
1747679463.0259233,0.25253823,0.12288283,0.73345304,3.608181,1.9426414,-1.172589
1747679463.0264418,0.25253823,0.12288283,0.73345304,3.608181,1.9426414,-1.172589
1747679463.0269597,0.25253823,0.12288283,0.73345304,3.608181,1.9426414,-1.172589
1747679463.0274777,0.25253823,0.12288283,0.73345304,3.608181,1.9426414,-1.172589
1747679463.0279958,0.25253823,0.12288283,0.73345304,3.608181,1.9426414,-1.172589
1747679463.028514,0.25253823,0.12288283,0.73345304,3.608181,1.9426414,-1.172589
1747679463.0290315,0.25253823,0.12288283,0.73345304,3.608181,1.9426414,-1.172589
1747679463.0295496,0.25253823,0.12288283,0.73345304,3.608181,1.9426414,-1.172589
1747679463.0300672,0.25253823,0.12288283,0.73345304,3.608181,1.9426414,-1.172589
1747679463.030585,0.25253823,0.12288283,0.73345304,3.608181,1.9426414,-1.172589
1747679463.0311034,0.25253823,0.12288283,0.73345304,3.608181,1.9426414,-1.172589
1747679463.031638,0.25253823,0.12288283,0.73345304,3.608181,1.9426414,-1.172589
1747679463.0322034,0.25253823,0.12288283,0.73345304,3.608181,1.9426414,-1.172589
1747679463.0328338,0.16663007,0.12874019,0.62069863,3.608181,1.9426414,-1.172589
1747679463.033392,0.16663007,0.12874019,0.62069863,3.6507916,1.9628814,-1.1076078
1747679463.033951,0.16663007,0.12874019,0.62069863,3.6507916,1.9628814,-1.1076078
1747679463.0344946,0.16663007,0.12874019,0.62069863,3.6507916,1.9628814,-1.1076078
1747679463.0350394,0.16663007,0.12874019,0.62069863,3.6507916,1.9628814,-1.1076078
1747679463.035571,0.16663007,0.12874019,0.62069863,3.6507916,1.9628814,-1.1076078
1747679463.0360913,0.16663007,0.12874019,0.62069863,3.6507916,1.9628814,-1.1076078
1747679463.03661,0.16663007,0.12874019,0.62069863,3.6507916,1.9628814,-1.1076078
1747679463.037176,0.16663007,0.12874019,0.62069863,3.6507916,1.9628814,-1.1076078
1747679463.0376964,0.16663007,0.12874019,0.62069863,3.6507916,1.9628814,-1.1076078
1747679463.038215,0.16663007,0.12874019,0.62069863,3.6507916,1.9628814,-1.1076078
1747679463.038733,0.16663007,0.12874019,0.62069863,3.6507916,1.9628814,-1.1076078
1747679463.0392516,0.16663007,0.12874019,0.62069863,3.6507916,1.9628814,-1.1076078
1747679463.0397696,0.16663007,0.12874019,0.62069863,3.6507916,1.9628814,-1.1076078
1747679463.0402875,0.16663007,0.12874019,0.62069863,3.6507916,1.9628814,-1.1076078
1747679463.0408077,0.16663007,0.12874019,0.62069863,3.6507916,1.9628814,-1.1076078
1747679463.0413287,0.12953338,0.15363403,0.5513863,3.6507916,1.9628814,-1.1076078
1747679463.0418477,0.12953338,0.15363403,0.5513863,3.6507916,2.0001657,-1.0319742
1747679463.0423663,0.12953338,0.15363403,0.5513863,3.6507916,2.0001657,-1.0319742
1747679463.0428846,0.12953338,0.15363403,0.5513863,3.6507916,2.0001657,-1.0319742
1747679463.0434027,0.12953338,0.15363403,0.5513863,3.6507916,2.0001657,-1.0319742
1747679463.043921,0.12953338,0.15363403,0.5513863,3.6507916,2.0001657,-1.0319742
1747679463.044449,0.12953338,0.15363403,0.5513863,3.6507916,2.0001657,-1.0319742
1747679463.0449836,0.12953338,0.15363403,0.5513863,3.6507916,2.0001657,-1.0319742
1747679463.0455034,0.12953338,0.15363403,0.5513863,3.6507916,2.0001657,-1.0319742
1747679463.046022,0.12953338,0.15363403,0.5513863,3.6507916,2.0001657,-1.0319742
1747679463.04654,0.12953338,0.15363403,0.5513863,3.6507916,2.0001657,-1.0319742
1747679463.047058,0.12953338,0.15363403,0.5513863,3.6507916,2.0001657,-1.0319742
1747679463.047595,0.12953338,0.15363403,0.5513863,3.6507916,2.0001657,-1.0319742
1747679463.048145,0.12953338,0.15363403,0.5513863,3.6507916,2.0001657,-1.0319742
1747679463.0487132,0.12953338,0.15363403,0.5513863,3.6507916,2.0001657,-1.0319742
1747679463.0492635,0.12953338,0.15363403,0.5513863,3.6507916,2.0001657,-1.0319742
1747679463.0497942,0.12953338,0.15363403,0.5513863,3.6507916,2.0001657,-1.0319742
1747679463.050314,0.12953338,0.15363403,0.5513863,3.6507916,2.0001657,-1.0319742
1747679463.0508323,0.082186274,0.17315862,0.45376343,3.6593137,2.0885825,-0.95207936
1747679463.0513513,0.082186274,0.17315862,0.45376343,3.6593137,2.0885825,-0.95207936
1747679463.0518696,0.082186274,0.17315862,0.45376343,3.6593137,2.0885825,-0.95207936
1747679463.0523882,0.082186274,0.17315862,0.45376343,3.6593137,2.0885825,-0.95207936
1747679463.052915,0.082186274,0.17315862,0.45376343,3.6593137,2.0885825,-0.95207936
1747679463.0534334,0.082186274,0.17315862,0.45376343,3.6593137,2.0885825,-0.95207936
1747679463.053962,0.082186274,0.17315862,0.45376343,3.6593137,2.0885825,-0.95207936
1747679463.054496,0.082186274,0.17315862,0.45376343,3.6593137,2.0885825,-0.95207936
1747679463.0550156,0.082186274,0.17315862,0.45376343,3.6593137,2.0885825,-0.95207936
1747679463.0555341,0.082186274,0.17315862,0.45376343,3.6593137,2.0885825,-0.95207936
1747679463.0560517,0.082186274,0.17315862,0.45376343,3.6593137,2.0885825,-0.95207936
1747679463.05657,0.082186274,0.17315862,0.45376343,3.6593137,2.0885825,-0.95207936
1747679463.057088,0.082186274,0.17315862,0.45376343,3.6593137,2.0885825,-0.95207936
1747679463.0576065,0.082186274,0.17315862,0.45376343,3.6593137,2.0885825,-0.95207936
1747679463.0581243,0.082186274,0.17315862,0.45376343,3.6593137,2.0885825,-0.95207936
1747679463.058642,0.082186274,0.17315862,0.45376343,3.6593137,2.0885825,-0.95207936
1747679463.0591626,0.082186274,0.17315862,0.45376343,3.6593137,2.0885825,-0.95207936
1747679463.059684,0.06803096,0.18829016,0.29366186,3.599659,2.2206752,-0.8338351
1747679463.0602086,0.06803096,0.18829016,0.29366186,3.599659,2.2206752,-0.8338351
1747679463.0607321,0.06803096,0.18829016,0.29366186,3.599659,2.2206752,-0.8338351
1747679463.0612538,0.06803096,0.18829016,0.29366186,3.599659,2.2206752,-0.8338351
1747679463.0617745,0.06803096,0.18829016,0.29366186,3.599659,2.2206752,-0.8338351
1747679463.0622952,0.06803096,0.18829016,0.29366186,3.599659,2.2206752,-0.8338351
1747679463.0629141,0.06803096,0.18829016,0.29366186,3.599659,2.2206752,-0.8338351
1747679463.0634916,0.06803096,0.18829016,0.29366186,3.599659,2.2206752,-0.8338351
1747679463.0640805,0.06803096,0.18829016,0.29366186,3.599659,2.2206752,-0.8338351
1747679463.0648282,0.06803096,0.18829016,0.29366186,3.599659,2.2206752,-0.8338351
1747679463.0653965,0.06803096,0.18829016,0.29366186,3.599659,2.2206752,-0.8338351
1747679463.0659504,0.06803096,0.18829016,0.29366186,3.599659,2.2206752,-0.8338351
1747679463.0665,0.06803096,0.18829016,0.29366186,3.599659,2.2206752,-0.8338351
1747679463.0670607,0.06803096,0.18829016,0.29366186,3.599659,2.2206752,-0.8338351
1747679463.067622,0.06803096,0.18829016,0.29366186,3.599659,2.2206752,-0.8338351
1747679463.0681796,0.06803096,0.18829016,0.29366186,3.599659,2.2206752,-0.8338351
1747679463.0687237,0.06803096,0.18829016,0.29366186,3.599659,2.2206752,-0.8338351
1747679463.0692542,0.06803096,0.18829016,0.29366186,3.599659,2.2206752,-0.8338351
1747679463.0697784,0.06803096,0.18829016,0.29366186,3.599659,2.2206752,-0.8338351
1747679463.0702999,0.06803096,0.18829016,0.29366186,3.599659,2.2206752,-0.8338351
1747679463.070821,0.06803096,0.18829016,0.29366186,3.599659,2.2206752,-0.8338351
1747679463.0713453,0.09146046,0.20732662,0.20238447,3.5048506,2.2771342,-0.7752456
1747679463.0718675,0.09146046,0.20732662,0.20238447,3.5048506,2.2771342,-0.7752456
1747679463.0723882,0.09146046,0.20732662,0.20238447,3.5048506,2.2771342,-0.7752456
1747679463.072909,0.09146046,0.20732662,0.20238447,3.5048506,2.2771342,-0.7752456
1747679463.07343,0.09146046,0.20732662,0.20238447,3.5048506,2.2771342,-0.7752456
1747679463.0739574,0.09146046,0.20732662,0.20238447,3.5048506,2.2771342,-0.7752456
1747679463.0744905,0.09146046,0.20732662,0.20238447,3.5048506,2.2771342,-0.7752456
1747679463.0749965,0.09146046,0.20732662,0.20238447,3.5048506,2.2771342,-0.7752456
1747679463.075515,0.09146046,0.20732662,0.20238447,3.5048506,2.2771342,-0.7752456
1747679463.0760336,0.09146046,0.20732662,0.20238447,3.5048506,2.2771342,-0.7752456
1747679463.0765517,0.09146046,0.20732662,0.20238447,3.5048506,2.2771342,-0.7752456
1747679463.0770695,0.09146046,0.20732662,0.20238447,3.5048506,2.2771342,-0.7752456
1747679463.0775874,0.09146046,0.20732662,0.20238447,3.5048506,2.2771342,-0.7752456
1747679463.0781276,0.09146046,0.20732662,0.20238447,3.5048506,2.2771342,-0.7752456
1747679463.078673,0.09146046,0.20732662,0.20238447,3.5048506,2.2771342,-0.7752456
1747679463.0792255,0.09146046,0.20732662,0.20238447,3.5048506,2.2771342,-0.7752456
1747679463.0797665,0.09146046,0.20732662,0.20238447,3.5048506,2.2771342,-0.7752456
1747679463.0803015,0.09146046,0.20732662,0.20238447,3.5048506,2.2771342,-0.7752456
1747679463.0808237,0.0831625,0.24247088,0.14137016,3.3301473,2.2622204,-0.7571361
1747679463.0813422,0.0831625,0.24247088,0.14137016,3.3301473,2.2622204,-0.7571361
1747679463.0818603,0.0831625,0.24247088,0.14137016,3.3301473,2.2622204,-0.7571361
1747679463.0823789,0.0831625,0.24247088,0.14137016,3.3301473,2.2622204,-0.7571361
1747679463.082897,0.0831625,0.24247088,0.14137016,3.3301473,2.2622204,-0.7571361
1747679463.0834148,0.0831625,0.24247088,0.14137016,3.3301473,2.2622204,-0.7571361
1747679463.0839329,0.0831625,0.24247088,0.14137016,3.3301473,2.2622204,-0.7571361
1747679463.084461,0.0831625,0.24247088,0.14137016,3.3301473,2.2622204,-0.7571361
1747679463.0849955,0.0831625,0.24247088,0.14137016,3.3301473,2.2622204,-0.7571361
1747679463.0855157,0.0831625,0.24247088,0.14137016,3.3301473,2.2622204,-0.7571361
1747679463.086034,0.0831625,0.24247088,0.14137016,3.3301473,2.2622204,-0.7571361
1747679463.0865521,0.0831625,0.24247088,0.14137016,3.3301473,2.2622204,-0.7571361
1747679463.0870697,0.0831625,0.24247088,0.14137016,3.3301473,2.2622204,-0.7571361
1747679463.0875876,0.0831625,0.24247088,0.14137016,3.3301473,2.2622204,-0.7571361
1747679463.0881054,0.0831625,0.24247088,0.14137016,3.3301473,2.2622204,-0.7571361
1747679463.0886233,0.0831625,0.24247088,0.14137016,3.3301473,2.2622204,-0.7571361
1747679463.089141,0.0831625,0.24247088,0.14137016,3.3301473,2.2622204,-0.7571361
1747679463.0896611,0.0831625,0.24247088,0.14137016,3.3301473,2.2622204,-0.7571361
1747679463.0901837,0.0831625,0.24247088,0.14137016,3.2268167,2.1503677,-0.7347656
1747679463.0907044,0.0831625,0.24247088,0.14137016,3.2268167,2.1503677,-0.7347656
1747679463.091223,0.056804325,0.26492414,0.12184558,3.2268167,2.1503677,-0.7347656
1747679463.091741,0.056804325,0.26492414,0.12184558,3.2268167,2.1503677,-0.7347656
1747679463.0922592,0.056804325,0.26492414,0.12184558,3.2268167,2.1503677,-0.7347656
1747679463.092777,0.056804325,0.26492414,0.12184558,3.2268167,2.1503677,-0.7347656
1747679463.0933127,0.056804325,0.26492414,0.12184558,3.2268167,2.1503677,-0.7347656
1747679463.0938735,0.056804325,0.26492414,0.12184558,3.2268167,2.1503677,-0.7347656
1747679463.0944312,0.056804325,0.26492414,0.12184558,3.2268167,2.1503677,-0.7347656
1747679463.0949929,0.056804325,0.26492414,0.12184558,3.2268167,2.1503677,-0.7347656
1747679463.0955572,0.056804325,0.26492414,0.12184558,3.2268167,2.1503677,-0.7347656
1747679463.0960996,0.056804325,0.26492414,0.12184558,3.2268167,2.1503677,-0.7347656
1747679463.0966325,0.056804325,0.26492414,0.12184558,3.2268167,2.1503677,-0.7347656
1747679463.097152,0.056804325,0.26492414,0.12184558,3.2268167,2.1503677,-0.7347656
1747679463.0976706,0.056804325,0.26492414,0.12184558,3.2268167,2.1503677,-0.7347656
1747679463.0981889,0.056804325,0.26492414,0.12184558,3.2268167,2.1503677,-0.7347656
1747679463.0987072,0.056804325,0.26492414,0.12184558,3.2268167,2.1503677,-0.7347656
1747679463.099226,0.056804325,0.26492414,0.12184558,3.2268167,2.1503677,-0.7347656
1747679463.0997448,0.056804325,0.26492414,0.12184558,3.2268167,2.1503677,-0.7347656
1747679463.1002636,0.021171967,0.28347248,0.10476157,3.1522484,1.9628814,-0.7113298
1747679463.1007822,0.021171967,0.28347248,0.10476157,3.1522484,1.9628814,-0.7113298
1747679463.1013012,0.021171967,0.28347248,0.10476157,3.1522484,1.9628814,-0.7113298
1747679463.1018188,0.021171967,0.28347248,0.10476157,3.1522484,1.9628814,-0.7113298
1747679463.1023371,0.021171967,0.28347248,0.10476157,3.1522484,1.9628814,-0.7113298
1747679463.1028552,0.021171967,0.28347248,0.10476157,3.1522484,1.9628814,-0.7113298
1747679463.1033733,0.021171967,0.28347248,0.10476157,3.1522484,1.9628814,-0.7113298
1747679463.1038916,0.021171967,0.28347248,0.10476157,3.1522484,1.9628814,-0.7113298
1747679463.1044207,0.021171967,0.28347248,0.10476157,3.1522484,1.9628814,-0.7113298
1747679463.10495,0.021171967,0.28347248,0.10476157,3.1522484,1.9628814,-0.7113298
1747679463.1054757,0.021171967,0.28347248,0.10476157,3.1522484,1.9628814,-0.7113298
1747679463.1059942,0.021171967,0.28347248,0.10476157,3.1522484,1.9628814,-0.7113298
1747679463.1065123,0.021171967,0.28347248,0.10476157,3.1522484,1.9628814,-0.7113298
1747679463.1070306,0.021171967,0.28347248,0.10476157,3.1522484,1.9628814,-0.7113298
1747679463.1075485,0.021171967,0.28347248,0.10476157,3.1522484,1.9628814,-0.7113298
1747679463.1080663,0.021171967,0.28347248,0.10476157,3.1522484,1.9628814,-0.7113298
1747679463.1086035,0.021171967,0.28347248,0.10476157,3.1522484,1.9628814,-0.7113298
1747679463.1091452,0.021171967,0.28347248,0.10476157,3.1522484,1.9628814,-0.7113298
1747679463.10967,0.021171967,0.28347248,0.10476157,3.1522484,1.9628814,-0.7113298
1747679463.110199,0.021171967,0.28347248,0.10476157,3.1522484,1.9628814,-0.7113298
1747679463.1107547,0.021171967,0.28347248,0.10476157,3.1522484,1.9628814,-0.7113298
1747679463.1113048,0.021171967,0.28347248,0.10476157,3.1522484,1.9628814,-0.7113298
1747679463.1118374,0.021171967,0.28347248,0.10476157,3.1522484,1.9628814,-0.7113298
1747679463.1123574,0.021171967,0.28347248,0.10476157,3.1522484,1.9628814,-0.7113298
1747679463.1128767,-0.014460391,0.29469913,0.09255871,3.1245515,1.8467677,-0.69215506
1747679463.1133952,-0.014460391,0.29469913,0.09255871,3.1245515,1.8467677,-0.69215506
1747679463.1139264,-0.014460391,0.29469913,0.09255871,3.1245515,1.8467677,-0.69215506
1747679463.1144636,-0.014460391,0.29469913,0.09255871,3.1245515,1.8467677,-0.69215506
1747679463.1149838,-0.014460391,0.29469913,0.09255871,3.1245515,1.8467677,-0.69215506
1747679463.1155019,-0.014460391,0.29469913,0.09255871,3.1245515,1.8467677,-0.69215506
1747679463.11602,-0.014460391,0.29469913,0.09255871,3.1245515,1.8467677,-0.69215506
1747679463.116538,-0.014460391,0.29469913,0.09255871,3.1245515,1.8467677,-0.69215506
1747679463.1170566,-0.014460391,0.29469913,0.09255871,3.1245515,1.8467677,-0.69215506
1747679463.1175745,-0.014460391,0.29469913,0.09255871,3.1245515,1.8467677,-0.69215506
1747679463.1180925,-0.014460391,0.29469913,0.09255871,3.1245515,1.8467677,-0.69215506
1747679463.1186104,-0.014460391,0.29469913,0.09255871,3.1245515,1.8467677,-0.69215506
1747679463.119128,-0.014460391,0.29469913,0.09255871,3.1245515,1.8467677,-0.69215506
1747679463.1196456,-0.014460391,0.29469913,0.09255871,3.1245515,1.8467677,-0.69215506
1747679463.120164,-0.014460391,0.29469913,0.09255871,3.1245515,1.8467677,-0.69215506
1747679463.1206846,-0.014460391,0.29469913,0.09255871,3.1245515,1.8467677,-0.69215506
1747679463.121205,-0.014460391,0.29469913,0.09255871,3.1245515,1.8467677,-0.69215506
1747679463.1217234,-0.014460391,0.29469913,0.09255871,3.1245515,1.8467677,-0.69215506
1747679463.1222415,-0.014460391,0.29469913,0.09255871,3.1245515,1.8467677,-0.69215506
1747679463.1227593,-0.014460391,0.29469913,0.09255871,3.1245515,1.8467677,-0.69215506
1747679463.1232774,-0.014460391,0.29469913,0.09255871,3.1245515,1.8467677,-0.69215506
1747679463.1238976,-0.039842345,0.31471184,0.07840339,3.126682,1.6038876,-0.62717396
1747679463.1244588,-0.039842345,0.31471184,0.07840339,3.126682,1.6038876,-0.62717396
1747679463.1250107,-0.039842345,0.31471184,0.07840339,3.126682,1.6038876,-0.62717396
1747679463.1255574,-0.039842345,0.31471184,0.07840339,3.126682,1.6038876,-0.62717396
1747679463.1261075,-0.039842345,0.31471184,0.07840339,3.126682,1.6038876,-0.62717396
1747679463.126676,-0.039842345,0.31471184,0.07840339,3.126682,1.6038876,-0.62717396
1747679463.1272228,-0.039842345,0.31471184,0.07840339,3.126682,1.6038876,-0.62717396
1747679463.1277554,-0.039842345,0.31471184,0.07840339,3.126682,1.6038876,-0.62717396
1747679463.1282747,-0.039842345,0.31471184,0.07840339,3.126682,1.6038876,-0.62717396
1747679463.128793,-0.039842345,0.31471184,0.07840339,3.126682,1.6038876,-0.62717396
1747679463.129311,-0.039842345,0.31471184,0.07840339,3.126682,1.6038876,-0.62717396
1747679463.12983,-0.039842345,0.31471184,0.07840339,3.126682,1.6038876,-0.62717396
1747679463.1303482,-0.039842345,0.31471184,0.07840339,3.126682,1.6038876,-0.62717396
1747679463.1308668,-0.039842345,0.31471184,0.07840339,3.126682,1.6038876,-0.62717396
1747679463.1313848,-0.039842345,0.31471184,0.07840339,3.126682,1.6038876,-0.62717396
1747679463.131903,-0.039842345,0.31471184,0.07840339,3.126682,1.6038876,-0.62717396
1747679463.1324215,-0.039842345,0.31471184,0.07840339,3.126682,1.6038876,-0.62717396
1747679463.1329417,-0.039842345,0.31471184,0.07840339,3.126682,1.6038876,-0.62717396
1747679463.1334622,-0.039842345,0.31471184,0.07840339,3.126682,1.6038876,-0.62717396
1747679463.133991,-0.039842345,0.31471184,0.07840339,3.126682,1.6038876,-0.62717396
1747679463.1345258,-0.039842345,0.31471184,0.07840339,3.126682,1.6038876,-0.62717396
1747679463.1350453,-0.039842345,0.31471184,0.07840339,3.126682,1.6038876,-0.62717396
1747679463.1355636,-0.039842345,0.31471184,0.07840339,3.126682,1.6038876,-0.62717396
1747679463.1360815,-0.039842345,0.31471184,0.07840339,3.126682,1.6038876,-0.62717396
1747679463.1365995,-0.039842345,0.31471184,0.07840339,3.126682,1.6038876,-0.62717396
1747679463.1371171,-0.039842345,0.31471184,0.07840339,3.126682,1.6038876,-0.62717396
1747679463.1376352,-0.039842345,0.31471184,0.07840339,3.126682,1.6038876,-0.62717396
1747679463.138153,-0.039842345,0.31471184,0.07840339,3.126682,1.6038876,-0.62717396
1747679463.138671,-0.039842345,0.31471184,0.07840339,3.126682,1.6038876,-0.62717396
1747679463.1392226,-0.039842345,0.31471184,0.07840339,3.126682,1.6038876,-0.62717396
1747679463.1397917,-0.039842345,0.31471184,0.07840339,3.126682,1.6038876,-0.62717396
1747679463.1403308,-0.039842345,0.31471184,0.07840339,3.126682,1.6038876,-0.62717396
1747679463.1408832,-0.039842345,0.31471184,0.07840339,3.126682,1.6038876,-0.62717396
1747679463.1414459,-0.039842345,0.31471184,0.07840339,3.126682,1.6038876,-0.62717396
1747679463.1420066,-0.039842345,0.31471184,0.07840339,3.126682,1.6038876,-0.62717396
1747679463.142531,-0.039842345,0.31471184,0.07840339,3.126682,1.6038876,-0.62717396
1747679463.1430497,-0.039842345,0.31471184,0.07840339,3.126682,1.6038876,-0.62717396
1747679463.1435683,-0.039842345,0.31471184,0.07840339,3.126682,1.6038876,-0.62717396
1747679463.1441002,-0.039842345,0.31471184,0.07840339,3.126682,1.6038876,-0.62717396
1747679463.1446369,-0.039842345,0.31471184,0.07840339,3.126682,1.6038876,-0.62717396
1747679463.1451576,-0.039842345,0.31471184,0.07840339,3.2822104,1.1415632,-0.62291294
1747679463.1456769,-0.039842345,0.31471184,0.07840339,3.2822104,1.1415632,-0.62291294
1747679463.1461954,-0.039842345,0.31471184,0.07840339,3.2822104,1.1415632,-0.62291294
1747679463.146713,-0.039842345,0.31471184,0.07840339,3.2822104,1.1415632,-0.62291294
1747679463.1472309,-0.039842345,0.31471184,0.07840339,3.2822104,1.1415632,-0.62291294
1747679463.1477494,-0.039842345,0.31471184,0.07840339,3.2822104,1.1415632,-0.62291294
1747679463.148267,-0.039842345,0.31471184,0.07840339,3.2822104,1.1415632,-0.62291294
1747679463.1487854,-0.039842345,0.31471184,0.07840339,3.2822104,1.1415632,-0.62291294
1747679463.1493042,-0.039842345,0.31471184,0.07840339,3.2822104,1.1415632,-0.62291294
1747679463.1498222,-0.039842345,0.31471184,0.07840339,3.2822104,1.1415632,-0.62291294
1747679463.1503403,-0.039842345,0.31471184,0.07840339,3.2822104,1.1415632,-0.62291294
1747679463.1508584,-0.039842345,0.31471184,0.07840339,3.2822104,1.1415632,-0.62291294
1747679463.1513765,-0.039842345,0.31471184,0.07840339,3.2822104,1.1415632,-0.62291294
1747679463.1518946,-0.039842345,0.31471184,0.07840339,3.2822104,1.1415632,-0.62291294
1747679463.1524124,-0.039842345,0.31471184,0.07840339,3.2822104,1.1415632,-0.62291294
1747679463.1529305,-0.039842345,0.31471184,0.07840339,3.2822104,1.1415632,-0.62291294
1747679463.153448,-0.039842345,0.31471184,0.07840339,3.2822104,1.1415632,-0.62291294
1747679463.1539664,-0.039842345,0.31471184,0.07840339,3.2822104,1.1415632,-0.62291294
1747679463.15456,-0.039842345,0.31471184,0.07840339,3.2822104,1.1415632,-0.62291294
1747679463.155117,-0.039842345,0.31471184,0.07840339,3.2822104,1.1415632,-0.62291294
1747679463.155659,-0.039842345,0.31471184,0.07840339,3.2822104,1.1415632,-0.62291294
1747679463.1561823,-0.039842345,0.31471184,0.07840339,3.2822104,1.1415632,-0.62291294
1747679463.156729,-0.039842345,0.31471184,0.07840339,3.2822104,1.1415632,-0.62291294
1747679463.1572788,-0.039842345,0.31471184,0.07840339,3.2822104,1.1415632,-0.62291294
1747679463.1578536,-0.039842345,0.31471184,0.07840339,3.2822104,1.1415632,-0.62291294
1747679463.1583893,-0.039842345,0.31471184,0.07840339,3.2822104,1.1415632,-0.62291294
1747679463.158912,-0.04374726,0.37670237,-0.14515305,3.2822104,1.1415632,-0.62291294
1747679463.1594343,-0.04374726,0.37670237,-0.14515305,3.2822104,1.1415632,-0.62291294
1747679463.1599562,-0.04374726,0.37670237,-0.14515305,3.2822104,1.1415632,-0.62291294
1747679463.1604774,-0.04374726,0.37670237,-0.14515305,3.2822104,1.1415632,-0.62291294
1747679463.1610026,-0.04374726,0.37670237,-0.14515305,3.2822104,1.1415632,-0.62291294
1747679463.1615238,-0.04374726,0.37670237,-0.14515305,3.2822104,1.1415632,-0.62291294
1747679463.162045,-0.04374726,0.37670237,-0.14515305,3.2822104,1.1415632,-0.62291294
1747679463.1625657,-0.04374726,0.37670237,-0.14515305,3.2822104,1.1415632,-0.62291294
1747679463.1630862,-0.04374726,0.37670237,-0.14515305,3.2822104,1.1415632,-0.62291294
1747679463.163614,-0.04374726,0.37670237,-0.14515305,3.2822104,1.1415632,-0.62291294
1747679463.1641462,-0.04374726,0.37670237,-0.14515305,3.2822104,1.1415632,-0.62291294
1747679463.1646686,-0.04374726,0.37670237,-0.14515305,3.2822104,1.1415632,-0.62291294
1747679463.1651893,-0.04374726,0.37670237,-0.14515305,3.2822104,1.1415632,-0.62291294
1747679463.1657348,-0.07498659,0.39622694,-0.24960954,3.2822104,1.1415632,-0.62291294
1747679463.1662586,-0.07498659,0.39622694,-0.24960954,3.2822104,1.1415632,-0.62291294
1747679463.1667793,-0.07498659,0.39622694,-0.24960954,3.2822104,1.1415632,-0.62291294
1747679463.1673005,-0.07498659,0.39622694,-0.24960954,3.2822104,1.1415632,-0.62291294
1747679463.1678207,-0.07498659,0.39622694,-0.24960954,3.2822104,1.1415632,-0.62291294
1747679463.1683414,-0.07498659,0.39622694,-0.24960954,3.2822104,1.1415632,-0.62291294
1747679463.168862,-0.07498659,0.39622694,-0.24960954,3.2822104,1.1415632,-0.62291294
1747679463.1693828,-0.07498659,0.39622694,-0.24960954,3.2822104,1.1415632,-0.62291294
1747679463.1699297,-0.07498659,0.39622694,-0.24960954,3.2822104,1.1415632,-0.62291294
1747679463.1704903,-0.07498659,0.39622694,-0.24960954,3.0126987,1.0105357,-0.56006235
1747679463.1710277,-0.11794066,0.43283552,-0.34772056,3.0126987,1.0105357,-0.56006235
1747679463.1715522,-0.11794066,0.43283552,-0.34772056,3.0126987,1.0105357,-0.56006235
1747679463.1720731,-0.11794066,0.43283552,-0.34772056,3.0126987,1.0105357,-0.56006235
1747679463.1726065,-0.11794066,0.43283552,-0.34772056,3.0126987,1.0105357,-0.56006235
1747679463.1731765,-0.11794066,0.43283552,-0.34772056,3.0126987,1.0105357,-0.56006235
1747679463.1737335,-0.11794066,0.43283552,-0.34772056,3.0126987,1.0105357,-0.56006235
1747679463.1742842,-0.11794066,0.43283552,-0.34772056,3.0126987,1.0105357,-0.56006235
1747679463.1752865,-0.11794066,0.43283552,-0.34772056,3.0126987,1.0105357,-0.56006235
1747679463.1758063,-0.11794066,0.43283552,-0.34772056,3.0126987,1.0105357,-0.56006235
1747679463.1763246,-0.11794066,0.43283552,-0.34772056,3.0126987,1.0105357,-0.56006235
1747679463.176843,-0.11794066,0.43283552,-0.34772056,3.0126987,1.0105357,-0.56006235
1747679463.1773615,-0.11794066,0.43283552,-0.34772056,3.0126987,1.0105357,-0.56006235
1747679463.1778798,-0.11794066,0.43283552,-0.34772056,3.0126987,1.0105357,-0.56006235
1747679463.1783977,-0.11794066,0.43283552,-0.34772056,3.0126987,1.0105357,-0.56006235
1747679463.178916,-0.11794066,0.43283552,-0.34772056,3.0126987,1.0105357,-0.56006235
1747679463.179434,-0.11794066,0.43283552,-0.34772056,3.0126987,1.0105357,-0.56006235
1747679463.1799521,-0.11794066,0.43283552,-0.34772056,3.0126987,1.0105357,-0.56006235
1747679463.1804707,-0.11794066,0.43283552,-0.34772056,3.0126987,1.0105357,-0.56006235
1747679463.1809895,-0.11647632,0.47823018,-0.44290292,3.0126987,1.0105357,-0.56006235
1747679463.1815078,-0.11647632,0.47823018,-0.44290292,3.0126987,1.0105357,-0.56006235
1747679463.1820254,-0.11647632,0.47823018,-0.44290292,3.0126987,1.0105357,-0.56006235
1747679463.1825461,-0.11647632,0.47823018,-0.44290292,3.0126987,1.0105357,-0.56006235
1747679463.183067,-0.11647632,0.47823018,-0.44290292,2.7144248,1.2491548,-0.47271073
1747679463.183586,-0.11647632,0.47823018,-0.44290292,2.7144248,1.2491548,-0.47271073
1747679463.1841123,-0.11647632,0.47823018,-0.44290292,2.7144248,1.2491548,-0.47271073
1747679463.184646,-0.11647632,0.47823018,-0.44290292,2.7144248,1.2491548,-0.47271073
1747679463.185186,-0.11647632,0.47823018,-0.44290292,2.7144248,1.2491548,-0.47271073
1747679463.1857374,-0.11647632,0.47823018,-0.44290292,2.7144248,1.2491548,-0.47271073
1747679463.186283,-0.11647632,0.47823018,-0.44290292,2.7144248,1.2491548,-0.47271073
1747679463.186823,-0.11647632,0.47823018,-0.44290292,2.7144248,1.2491548,-0.47271073
1747679463.187356,-0.11647632,0.47823018,-0.44290292,2.7144248,1.2491548,-0.47271073
1747679463.1878755,-0.11647632,0.47823018,-0.44290292,2.7144248,1.2491548,-0.47271073
1747679463.188427,-0.11647632,0.47823018,-0.44290292,2.7144248,1.2491548,-0.47271073
1747679463.1889844,-0.11647632,0.47823018,-0.44290292,2.7144248,1.2491548,-0.47271073
1747679463.1895554,-0.11647632,0.47823018,-0.44290292,2.7144248,1.2491548,-0.47271073
1747679463.1900883,-0.11647632,0.47823018,-0.44290292,2.7144248,1.2491548,-0.47271073
1747679463.1906078,-0.11647632,0.47823018,-0.44290292,2.7144248,1.2491548,-0.47271073
1747679463.1911263,-0.11647632,0.47823018,-0.44290292,2.7144248,1.2491548,-0.47271073
1747679463.1916444,-0.11647632,0.47823018,-0.44290292,2.7144248,1.2491548,-0.47271073
1747679463.192163,-0.11647632,0.47823018,-0.44290292,2.7144248,1.2491548,-0.47271073
1747679463.192682,-0.11647632,0.47823018,-0.44290292,2.7144248,1.2491548,-0.47271073
1747679463.1932003,-0.11647632,0.47823018,-0.44290292,2.7144248,1.2491548,-0.47271073
1747679463.1937187,-0.11647632,0.47823018,-0.44290292,2.7144248,1.2491548,-0.47271073
1747679463.1942477,-0.07596282,0.51288635,-0.49903607,2.7144248,1.2491548,-0.47271073
1747679463.1947787,-0.07596282,0.51288635,-0.49903607,2.7144248,1.2491548,-0.47271073
1747679463.1953013,-0.07596282,0.51288635,-0.49903607,2.4427826,1.4504896,-0.44714442
1747679463.19582,-0.07596282,0.51288635,-0.49903607,2.4427826,1.4504896,-0.44714442
1747679463.1963387,-0.07596282,0.51288635,-0.49903607,2.4427826,1.4504896,-0.44714442
1747679463.1968567,-0.07596282,0.51288635,-0.49903607,2.4427826,1.4504896,-0.44714442
1747679463.1973753,-0.07596282,0.51288635,-0.49903607,2.4427826,1.4504896,-0.44714442
1747679463.1978931,-0.07596282,0.51288635,-0.49903607,2.4427826,1.4504896,-0.44714442
1747679463.198411,-0.07596282,0.51288635,-0.49903607,2.4427826,1.4504896,-0.44714442
1747679463.1989288,-0.07596282,0.51288635,-0.49903607,2.4427826,1.4504896,-0.44714442
1747679463.1994472,-0.07596282,0.51288635,-0.49903607,2.4427826,1.4504896,-0.44714442
1747679463.1999652,-0.07596282,0.51288635,-0.49903607,2.4427826,1.4504896,-0.44714442
1747679463.2005098,-0.07596282,0.51288635,-0.49903607,2.4427826,1.4504896,-0.44714442
1747679463.2010531,-0.07596282,0.51288635,-0.49903607,2.4427826,1.4504896,-0.44714442
1747679463.201577,-0.07596282,0.51288635,-0.49903607,2.4427826,1.4504896,-0.44714442
1747679463.2020953,-0.07596282,0.51288635,-0.49903607,2.4427826,1.4504896,-0.44714442
1747679463.2026138,-0.07596282,0.51288635,-0.49903607,2.4427826,1.4504896,-0.44714442
1747679463.2031326,-0.07596282,0.51288635,-0.49903607,2.4427826,1.4504896,-0.44714442
1747679463.2036622,-0.07596282,0.51288635,-0.49903607,2.4427826,1.4504896,-0.44714442
1747679463.2042232,-0.07596282,0.51288635,-0.49903607,2.4427826,1.4504896,-0.44714442
1747679463.2047615,-0.07596282,0.51288635,-0.49903607,2.4427826,1.4504896,-0.44714442
1747679463.2053194,-0.07596282,0.51288635,-0.49903607,2.4427826,1.4504896,-0.44714442
1747679463.205892,-0.040818576,0.55437607,-0.54199016,2.2808626,1.5261233,-0.46631917
1747679463.2064254,-0.040818576,0.55437607,-0.54199016,2.2808626,1.5261233,-0.46631917
1747679463.2069447,-0.040818576,0.55437607,-0.54199016,2.2808626,1.5261233,-0.46631917
1747679463.2074635,-0.040818576,0.55437607,-0.54199016,2.2808626,1.5261233,-0.46631917
1747679463.2079818,-0.040818576,0.55437607,-0.54199016,2.2808626,1.5261233,-0.46631917
1747679463.2085001,-0.040818576,0.55437607,-0.54199016,2.2808626,1.5261233,-0.46631917
1747679463.2090187,-0.040818576,0.55437607,-0.54199016,2.2808626,1.5261233,-0.46631917
1747679463.2095368,-0.040818576,0.55437607,-0.54199016,2.2808626,1.5261233,-0.46631917
1747679463.210055,-0.040818576,0.55437607,-0.54199016,2.2808626,1.5261233,-0.46631917
1747679463.2105732,-0.040818576,0.55437607,-0.54199016,2.2808626,1.5261233,-0.46631917
1747679463.2110918,-0.040818576,0.55437607,-0.54199016,2.2808626,1.5261233,-0.46631917
1747679463.211612,-0.040818576,0.55437607,-0.54199016,2.2808626,1.5261233,-0.46631917
1747679463.2121327,-0.057902582,0.59879446,-0.566884,2.019873,1.5484939,-0.5270392
1747679463.2126513,-0.057902582,0.59879446,-0.566884,2.019873,1.5484939,-0.5270392
1747679463.2131698,-0.057902582,0.59879446,-0.566884,2.019873,1.5484939,-0.5270392
1747679463.2136877,-0.057902582,0.59879446,-0.566884,2.019873,1.5484939,-0.5270392
1747679463.214219,-0.057902582,0.59879446,-0.566884,2.019873,1.5484939,-0.5270392
1747679463.2147565,-0.057902582,0.59879446,-0.566884,2.019873,1.5484939,-0.5270392
1747679463.2152762,-0.057902582,0.59879446,-0.566884,2.019873,1.5484939,-0.5270392
1747679463.215848,-0.057902582,0.59879446,-0.566884,2.019873,1.5484939,-0.5270392
1747679463.21644,-0.057902582,0.59879446,-0.566884,2.019873,1.5484939,-0.5270392
1747679463.2169666,-0.057902582,0.59879446,-0.566884,2.019873,1.5484939,-0.5270392
1747679463.2174985,-0.057902582,0.59879446,-0.566884,2.019873,1.5484939,-0.5270392
1747679463.2180312,-0.057902582,0.59879446,-0.566884,2.019873,1.5484939,-0.5270392
1747679463.2185502,-0.057902582,0.59879446,-0.566884,2.019873,1.5484939,-0.5270392
1747679463.219069,-0.057902582,0.59879446,-0.566884,2.019873,1.5484939,-0.5270392
1747679463.2196033,-0.057902582,0.59879446,-0.566884,2.019873,1.5484939,-0.5270392
1747679463.220173,-0.057902582,0.59879446,-0.566884,2.019873,1.5484939,-0.5270392
1747679463.2207217,-0.057902582,0.59879446,-0.566884,2.019873,1.5484939,-0.5270392
1747679463.2212534,-0.122821815,0.6417485,-0.5644434,1.7013592,1.4174664,-0.56858444
1747679463.2217734,-0.122821815,0.6417485,-0.5644434,1.7013592,1.4174664,-0.56858444
1747679463.2222915,-0.122821815,0.6417485,-0.5644434,1.7013592,1.4174664,-0.56858444
1747679463.222809,-0.122821815,0.6417485,-0.5644434,1.7013592,1.4174664,-0.56858444
1747679463.223338,-0.122821815,0.6417485,-0.5644434,1.7013592,1.4174664,-0.56858444
1747679463.2238672,-0.122821815,0.6417485,-0.5644434,1.7013592,1.4174664,-0.56858444
1747679463.2243872,-0.122821815,0.6417485,-0.5644434,1.7013592,1.4174664,-0.56858444
1747679463.2249057,-0.122821815,0.6417485,-0.5644434,1.7013592,1.4174664,-0.56858444
1747679463.2254236,-0.122821815,0.6417485,-0.5644434,1.7013592,1.4174664,-0.56858444
1747679463.2259414,-0.122821815,0.6417485,-0.5644434,1.7013592,1.4174664,-0.56858444
1747679463.226459,-0.122821815,0.6417485,-0.5644434,1.7013592,1.4174664,-0.56858444
1747679463.226977,-0.122821815,0.6417485,-0.5644434,1.7013592,1.4174664,-0.56858444
1747679463.2274947,-0.122821815,0.6417485,-0.5644434,1.7013592,1.4174664,-0.56858444
1747679463.2280128,-0.122821815,0.6417485,-0.5644434,1.7013592,1.4174664,-0.56858444
1747679463.2285306,-0.122821815,0.6417485,-0.5644434,1.7013592,1.4174664,-0.56858444
1747679463.2290485,-0.122821815,0.6417485,-0.5644434,1.7013592,1.4174664,-0.56858444
1747679463.2295666,-0.122821815,0.6417485,-0.5644434,1.7013592,1.4174664,-0.56858444
1747679463.2300844,-0.122821815,0.6417485,-0.5644434,1.7013592,1.4174664,-0.56858444
1747679463.230602,-0.122821815,0.6417485,-0.5644434,1.7013592,1.4174664,-0.56858444
1747679463.2311554,-0.122821815,0.6417485,-0.5644434,1.7013592,1.4174664,-0.56858444
1747679463.231701,-0.13844147,0.65785635,-0.5546811,1.7013592,1.4174664,-0.56858444
1747679463.2322254,-0.13844147,0.65785635,-0.5546811,1.7013592,1.4174664,-0.56858444
1747679463.2327447,-0.13844147,0.65785635,-0.5546811,1.5575486,1.2970916,-0.5739108
1747679463.2332633,-0.13844147,0.65785635,-0.5546811,1.5575486,1.2970916,-0.5739108
1747679463.2337909,-0.13844147,0.65785635,-0.5546811,1.5575486,1.2970916,-0.5739108
1747679463.2343247,-0.13844147,0.65785635,-0.5546811,1.5575486,1.2970916,-0.5739108
1747679463.2348444,-0.13844147,0.65785635,-0.5546811,1.5575486,1.2970916,-0.5739108
1747679463.2353907,-0.13844147,0.65785635,-0.5546811,1.5575486,1.2970916,-0.5739108
1747679463.2359393,-0.13844147,0.65785635,-0.5546811,1.5575486,1.2970916,-0.5739108
1747679463.236514,-0.13844147,0.65785635,-0.5546811,1.5575486,1.2970916,-0.5739108
1747679463.2370484,-0.13844147,0.65785635,-0.5546811,1.5575486,1.2970916,-0.5739108
1747679463.2375698,-0.13844147,0.65785635,-0.5546811,1.5575486,1.2970916,-0.5739108
1747679463.2380893,-0.13844147,0.65785635,-0.5546811,1.5575486,1.2970916,-0.5739108
1747679463.2386074,-0.13844147,0.65785635,-0.5546811,1.5575486,1.2970916,-0.5739108
1747679463.2391257,-0.13844147,0.65785635,-0.5546811,1.5575486,1.2970916,-0.5739108
1747679463.2396438,-0.13844147,0.65785635,-0.5546811,1.5575486,1.2970916,-0.5739108
1747679463.240162,-0.13844147,0.65785635,-0.5546811,1.5575486,1.2970916,-0.5739108
1747679463.2406797,-0.13844147,0.65785635,-0.5546811,1.5575486,1.2970916,-0.5739108
1747679463.2411976,-0.13844147,0.65785635,-0.5546811,1.5575486,1.2970916,-0.5739108
1747679463.2417154,-0.13844147,0.65785635,-0.5546811,1.5575486,1.2970916,-0.5739108
1747679463.2422333,-0.13844147,0.65785635,-0.5546811,1.5575486,1.2970916,-0.5739108
1747679463.242752,-0.13844147,0.65785635,-0.5546811,1.5575486,1.2970916,-0.5739108
1747679463.2432709,-0.20726562,0.69446486,-0.5566336,1.4265212,1.1554116,-0.550475
1747679463.2437892,-0.20726562,0.69446486,-0.5566336,1.4265212,1.1554116,-0.550475
1747679463.2443178,-0.20726562,0.69446486,-0.5566336,1.4265212,1.1554116,-0.550475
1747679463.244852,-0.20726562,0.69446486,-0.5566336,1.4265212,1.1554116,-0.550475
1747679463.245372,-0.20726562,0.69446486,-0.5566336,1.4265212,1.1554116,-0.550475
1747679463.2458906,-0.20726562,0.69446486,-0.5566336,1.4265212,1.1554116,-0.550475
1747679463.246435,-0.20726562,0.69446486,-0.5566336,1.4265212,1.1554116,-0.550475
1747679463.2469897,-0.20726562,0.69446486,-0.5566336,1.4265212,1.1554116,-0.550475
1747679463.2475228,-0.20726562,0.69446486,-0.5566336,1.4265212,1.1554116,-0.550475
1747679463.248043,-0.20726562,0.69446486,-0.5566336,1.4265212,1.1554116,-0.550475
1747679463.2485614,-0.20726562,0.69446486,-0.5566336,1.4265212,1.1554116,-0.550475
1747679463.2490795,-0.20726562,0.69446486,-0.5566336,1.4265212,1.1554116,-0.550475
1747679463.249598,-0.20726562,0.69446486,-0.5566336,1.4265212,1.1554116,-0.550475
1747679463.250116,-0.20726562,0.69446486,-0.5566336,1.4265212,1.1554116,-0.550475
1747679463.2506342,-0.20726562,0.69446486,-0.5566336,1.4265212,1.1554116,-0.550475
1747679463.2511725,-0.20726562,0.69446486,-0.5566336,1.4265212,1.1554116,-0.550475
1747679463.2517464,-0.20726562,0.69446486,-0.5566336,1.4265212,1.1554116,-0.550475
1747679463.2522945,-0.20726562,0.69446486,-0.5566336,1.4265212,1.1554116,-0.550475
1747679463.2528272,-0.20726562,0.69446486,-0.5566336,1.4265212,1.1554116,-0.550475
1747679463.253367,-0.22434962,0.7047153,-0.59226596,1.2869717,1.0669947,-0.4886897
1747679463.2539039,-0.22434962,0.7047153,-0.59226596,1.2869717,1.0669947,-0.4886897
1747679463.254424,-0.22434962,0.7047153,-0.59226596,1.2869717,1.0669947,-0.4886897
1747679463.254943,-0.22434962,0.7047153,-0.59226596,1.2869717,1.0669947,-0.4886897
1747679463.255461,-0.22434962,0.7047153,-0.59226596,1.2869717,1.0669947,-0.4886897
1747679463.255979,-0.22434962,0.7047153,-0.59226596,1.2869717,1.0669947,-0.4886897
1747679463.2564971,-0.22434962,0.7047153,-0.59226596,1.2869717,1.0669947,-0.4886897
1747679463.257015,-0.22434962,0.7047153,-0.59226596,1.2869717,1.0669947,-0.4886897
1747679463.2575328,-0.22434962,0.7047153,-0.59226596,1.2869717,1.0669947,-0.4886897
1747679463.2580504,-0.22434962,0.7047153,-0.59226596,1.2869717,1.0669947,-0.4886897
1747679463.2585683,-0.22434962,0.7047153,-0.59226596,1.2869717,1.0669947,-0.4886897
1747679463.259086,-0.22434962,0.7047153,-0.59226596,1.2869717,1.0669947,-0.4886897
1747679463.2596066,-0.22434962,0.7047153,-0.59226596,1.2869717,1.0669947,-0.4886897
1747679463.260127,-0.22434962,0.7047153,-0.59226596,1.2869717,1.0669947,-0.4886897
1747679463.2606487,-0.22434962,0.7047153,-0.59226596,1.2869717,1.0669947,-0.4886897
1747679463.261171,-0.22825456,0.7217993,-0.6015401,1.1239862,0.9966873,-0.42370862
1747679463.261785,-0.22825456,0.7217993,-0.6015401,1.1239862,0.9966873,-0.42370862
1747679463.2623332,-0.22825456,0.7217993,-0.6015401,1.1239862,0.9966873,-0.42370862
1747679463.2628603,-0.22825456,0.7217993,-0.6015401,1.1239862,0.9966873,-0.42370862
1747679463.2633817,-0.22825456,0.7217993,-0.6015401,1.1239862,0.9966873,-0.42370862
1747679463.2639096,-0.22825456,0.7217993,-0.6015401,1.1239862,0.9966873,-0.42370862
1747679463.2644427,-0.22825456,0.7217993,-0.6015401,1.1239862,0.9966873,-0.42370862
1747679463.264965,-0.22825456,0.7217993,-0.6015401,1.1239862,0.9966873,-0.42370862
1747679463.2654858,-0.22825456,0.7217993,-0.6015401,1.1239862,0.9966873,-0.42370862
1747679463.2660067,-0.22825456,0.7217993,-0.6015401,1.1239862,0.9966873,-0.42370862
1747679463.2665274,-0.22825456,0.7217993,-0.6015401,1.1239862,0.9966873,-0.42370862
1747679463.2670565,-0.22825456,0.7217993,-0.6015401,1.1239862,0.9966873,-0.42370862
1747679463.2676227,-0.22825456,0.7217993,-0.6015401,1.1239862,0.9966873,-0.42370862
1747679463.268171,-0.22825456,0.7217993,-0.6015401,1.1239862,0.9966873,-0.42370862
1747679463.268707,-0.22825456,0.7217993,-0.6015401,1.1239862,0.9966873,-0.42370862
1747679463.2692297,-0.22825456,0.7217993,-0.6015401,1.0270473,0.9253146,-0.3832286
1747679463.269751,-0.22825456,0.7217993,-0.6015401,1.0270473,0.9253146,-0.3832286
1747679463.2702725,-0.22825456,0.7217993,-0.6015401,1.0270473,0.9253146,-0.3832286
1747679463.2707937,-0.22825456,0.7217993,-0.6015401,1.0270473,0.9253146,-0.3832286
1747679463.2713144,-0.22825456,0.7217993,-0.6015401,1.0270473,0.9253146,-0.3832286
1747679463.2718353,-0.22825456,0.7217993,-0.6015401,1.0270473,0.9253146,-0.3832286
1747679463.272356,-0.22825456,0.7217993,-0.6015401,1.0270473,0.9253146,-0.3832286
1747679463.2728767,-0.22825456,0.7217993,-0.6015401,1.0270473,0.9253146,-0.3832286
1747679463.2733974,-0.22825456,0.7217993,-0.6015401,1.0270473,0.9253146,-0.3832286
1747679463.2739182,-0.22825456,0.7217993,-0.6015401,1.0270473,0.9253146,-0.3832286
1747679463.2744446,-0.22825456,0.7217993,-0.6015401,1.0270473,0.9253146,-0.3832286
1747679463.274977,-0.22825456,0.7217993,-0.6015401,1.0270473,0.9253146,-0.3832286
1747679463.275483,-0.22825456,0.7217993,-0.6015401,1.0270473,0.9253146,-0.3832286
1747679463.2760046,-0.23313569,0.741812,-0.5986114,1.0270473,0.9253146,-0.3832286
1747679463.276523,-0.23313569,0.741812,-0.5986114,1.0270473,0.9253146,-0.3832286
1747679463.2771606,-0.23313569,0.741812,-0.5986114,1.0270473,0.9253146,-0.3832286
1747679463.2777374,-0.23313569,0.741812,-0.5986114,1.0270473,0.9253146,-0.3832286
1747679463.2782874,-0.23313569,0.741812,-0.5986114,1.0270473,0.9253146,-0.3832286
1747679463.2788281,-0.23313569,0.741812,-0.5986114,1.0270473,0.9253146,-0.3832286
1747679463.2793617,-0.23313569,0.741812,-0.5986114,1.0270473,0.9253146,-0.3832286
1747679463.2798817,-0.23313569,0.741812,-0.5986114,1.0270473,0.9253146,-0.3832286
1747679463.2804012,-0.23313569,0.741812,-0.5986114,0.92052096,0.8070704,-0.3448791
1747679463.2809203,-0.23313569,0.741812,-0.5986114,0.92052096,0.8070704,-0.3448791
1747679463.281439,-0.23557626,0.7505981,-0.5649315,0.92052096,0.8070704,-0.3448791
1747679463.2819877,-0.23557626,0.7505981,-0.5649315,0.92052096,0.8070704,-0.3448791
1747679463.2825437,-0.23557626,0.7505981,-0.5649315,0.92052096,0.8070704,-0.3448791
1747679463.2830956,-0.23557626,0.7505981,-0.5649315,0.92052096,0.8070704,-0.3448791
1747679463.283638,-0.23557626,0.7505981,-0.5649315,0.92052096,0.8070704,-0.3448791
1747679463.2841957,-0.23557626,0.7505981,-0.5649315,0.92052096,0.8070704,-0.3448791
1747679463.2847197,-0.23557626,0.7505981,-0.5649315,0.92052096,0.8070704,-0.3448791
1747679463.2852385,-0.23557626,0.7505981,-0.5649315,0.92052096,0.8070704,-0.3448791
1747679463.2857568,-0.23557626,0.7505981,-0.5649315,0.92052096,0.8070704,-0.3448791
1747679463.2862754,-0.23557626,0.7505981,-0.5649315,0.92052096,0.8070704,-0.3448791
1747679463.2867932,-0.23557626,0.7505981,-0.5649315,0.92052096,0.8070704,-0.3448791
1747679463.287311,-0.23557626,0.7505981,-0.5649315,0.92052096,0.8070704,-0.3448791
1747679463.2878292,-0.23557626,0.7505981,-0.5649315,0.92052096,0.8070704,-0.3448791
1747679463.2883475,-0.23557626,0.7505981,-0.5649315,0.92052096,0.8070704,-0.3448791
1747679463.2888658,-0.23557626,0.7505981,-0.5649315,0.92052096,0.8070704,-0.3448791
1747679463.2893836,-0.23557626,0.7505981,-0.5649315,0.92052096,0.8070704,-0.3448791
1747679463.2899024,-0.23557626,0.7505981,-0.5649315,0.92052096,0.8070704,-0.3448791
1747679463.2904203,-0.23557626,0.7505981,-0.5649315,0.92052096,0.8070704,-0.3448791
1747679463.2909405,-0.23557626,0.7505981,-0.5649315,0.92052096,0.8070704,-0.3448791
1747679463.2914612,-0.247291,0.7505981,-0.54150206,0.8768451,0.7229145,-0.32250857
1747679463.29198,-0.247291,0.7505981,-0.54150206,0.8768451,0.7229145,-0.32250857
1747679463.2925231,-0.247291,0.7505981,-0.54150206,0.8768451,0.7229145,-0.32250857
1747679463.2930715,-0.247291,0.7505981,-0.54150206,0.8768451,0.7229145,-0.32250857
1747679463.2935965,-0.247291,0.7505981,-0.54150206,0.8768451,0.7229145,-0.32250857
1747679463.294127,-0.247291,0.7505981,-0.54150206,0.8768451,0.7229145,-0.32250857
1747679463.294663,-0.247291,0.7505981,-0.54150206,0.8768451,0.7229145,-0.32250857
1747679463.2951827,-0.247291,0.7505981,-0.54150206,0.8768451,0.7229145,-0.32250857
1747679463.2957013,-0.247291,0.7505981,-0.54150206,0.8768451,0.7229145,-0.32250857
1747679463.2962189,-0.247291,0.7505981,-0.54150206,0.8768451,0.7229145,-0.32250857
1747679463.2967367,-0.247291,0.7505981,-0.54150206,0.8768451,0.7229145,-0.32250857
1747679463.2972543,-0.247291,0.7505981,-0.54150206,0.8768451,0.7229145,-0.32250857
1747679463.2977989,-0.247291,0.7505981,-0.54150206,0.8768451,0.7229145,-0.32250857
1747679463.2983475,-0.247291,0.7505981,-0.54150206,0.8768451,0.7229145,-0.32250857
1747679463.2989101,-0.247291,0.7505981,-0.54150206,0.8768451,0.7229145,-0.32250857
1747679463.2994757,-0.247291,0.7505981,-0.54150206,0.8768451,0.7229145,-0.32250857
1747679463.2999992,-0.247291,0.7505981,-0.54150206,0.8768451,0.7229145,-0.32250857
1747679463.300519,-0.2712086,0.75889605,-0.54199016,0.86406195,0.66432506,-0.30226856
1747679463.3010373,-0.2712086,0.75889605,-0.54199016,0.86406195,0.66432506,-0.30226856
1747679463.3015556,-0.2712086,0.75889605,-0.54199016,0.86406195,0.66432506,-0.30226856
1747679463.3020737,-0.2712086,0.75889605,-0.54199016,0.86406195,0.66432506,-0.30226856
1747679463.3025916,-0.2712086,0.75889605,-0.54199016,0.86406195,0.66432506,-0.30226856
1747679463.3031096,-0.2712086,0.75889605,-0.54199016,0.86406195,0.66432506,-0.30226856
1747679463.3036277,-0.2712086,0.75889605,-0.54199016,0.86406195,0.66432506,-0.30226856
1747679463.3041458,-0.2712086,0.75889605,-0.54199016,0.86406195,0.66432506,-0.30226856
1747679463.3046741,-0.2712086,0.75889605,-0.54199016,0.86406195,0.66432506,-0.30226856
1747679463.3052077,-0.2712086,0.75889605,-0.54199016,0.86406195,0.66432506,-0.30226856
1747679463.3057275,-0.2712086,0.75889605,-0.54199016,0.86406195,0.66432506,-0.30226856
1747679463.3062456,-0.2712086,0.75889605,-0.54199016,0.86406195,0.66432506,-0.30226856
1747679463.3067634,-0.2712086,0.75889605,-0.54199016,0.86406195,0.66432506,-0.30226856
1747679463.3072815,-0.2712086,0.75889605,-0.54199016,0.86406195,0.66432506,-0.30226856
1747679463.307822,-0.2712086,0.75889605,-0.54199016,0.86406195,0.66432506,-0.30226856
1747679463.308379,-0.2712086,0.75889605,-0.54199016,0.86406195,0.66432506,-0.30226856
1747679463.3089166,-0.2712086,0.75889605,-0.54199016,0.86406195,0.66432506,-0.30226856
1747679463.309451,-0.2712086,0.75889605,-0.54199016,0.86406195,0.66432506,-0.30226856
1747679463.3099837,-0.2712086,0.75889605,-0.54199016,0.86406195,0.66432506,-0.30226856
1747679463.3105042,-0.2712086,0.75889605,-0.54199016,0.86406195,0.66432506,-0.30226856
1747679463.311023,-0.2712086,0.75889605,-0.54199016,0.86406195,0.66432506,-0.30226856
1747679463.311542,-0.2712086,0.75889605,-0.54199016,0.86406195,0.66432506,-0.30226856
1747679463.3120608,-0.2712086,0.75889605,-0.54199016,0.8257125,0.5982787,-0.2628538
1747679463.3125799,-0.3073291,0.7652415,-0.58103925,0.8257125,0.5982787,-0.2628538
1747679463.3130987,-0.3073291,0.7652415,-0.58103925,0.8257125,0.5982787,-0.2628538
1747679463.3136294,-0.3073291,0.7652415,-0.58103925,0.8257125,0.5982787,-0.2628538
1747679463.3141985,-0.3073291,0.7652415,-0.58103925,0.8257125,0.5982787,-0.2628538
1747679463.3147573,-0.3073291,0.7652415,-0.58103925,0.8257125,0.5982787,-0.2628538
1747679463.3152788,-0.3073291,0.7652415,-0.58103925,0.8257125,0.5982787,-0.2628538
1747679463.3157976,-0.3073291,0.7652415,-0.58103925,0.8257125,0.5982787,-0.2628538
1747679463.316316,-0.3073291,0.7652415,-0.58103925,0.8257125,0.5982787,-0.2628538
1747679463.3168342,-0.3073291,0.7652415,-0.58103925,0.8257125,0.5982787,-0.2628538
1747679463.317353,-0.3073291,0.7652415,-0.58103925,0.8257125,0.5982787,-0.2628538
1747679463.317871,-0.3073291,0.7652415,-0.58103925,0.8257125,0.5982787,-0.2628538
1747679463.3183892,-0.3073291,0.7652415,-0.58103925,0.8257125,0.5982787,-0.2628538
1747679463.318907,-0.3073291,0.7652415,-0.58103925,0.8257125,0.5982787,-0.2628538
1747679463.319425,-0.3073291,0.7652415,-0.58103925,0.8257125,0.5982787,-0.2628538
1747679463.319943,-0.3073291,0.7652415,-0.58103925,0.8257125,0.5982787,-0.2628538
1747679463.3204613,-0.3073291,0.7652415,-0.58103925,0.8257125,0.5982787,-0.2628538
1747679463.3209789,-0.3073291,0.7652415,-0.58103925,0.8257125,0.5982787,-0.2628538
1747679463.3214977,-0.3073291,0.7652415,-0.58103925,0.8257125,0.5982787,-0.2628538
1747679463.3220162,-0.31953195,0.7725632,-0.61423105,0.79162407,0.55034184,-0.23835275
1747679463.3225396,-0.31953195,0.7725632,-0.61423105,0.79162407,0.55034184,-0.23835275
1747679463.3230772,-0.31953195,0.7725632,-0.61423105,0.79162407,0.55034184,-0.23835275
1747679463.3236272,-0.31953195,0.7725632,-0.61423105,0.79162407,0.55034184,-0.23835275
1747679463.324165,-0.31953195,0.7725632,-0.61423105,0.79162407,0.55034184,-0.23835275
1747679463.3246887,-0.31953195,0.7725632,-0.61423105,0.79162407,0.55034184,-0.23835275
1747679463.3252072,-0.31953195,0.7725632,-0.61423105,0.79162407,0.55034184,-0.23835275
1747679463.325725,-0.31953195,0.7725632,-0.61423105,0.79162407,0.55034184,-0.23835275
1747679463.3262434,-0.31953195,0.7725632,-0.61423105,0.79162407,0.55034184,-0.23835275
1747679463.3267612,-0.31953195,0.7725632,-0.61423105,0.79162407,0.55034184,-0.23835275
1747679463.3272796,-0.31953195,0.7725632,-0.61423105,0.79162407,0.55034184,-0.23835275
1747679463.3277974,-0.31953195,0.7725632,-0.61423105,0.79162407,0.55034184,-0.23835275
1747679463.328316,-0.31953195,0.7725632,-0.61423105,0.79162407,0.55034184,-0.23835275
1747679463.3288338,-0.31953195,0.7725632,-0.61423105,0.79162407,0.55034184,-0.23835275
1747679463.329379,-0.31953195,0.7725632,-0.61423105,0.79162407,0.55034184,-0.23835275
1747679463.3299253,-0.31953195,0.7725632,-0.61423105,0.79162407,0.55034184,-0.23835275
1747679463.3304882,-0.31953195,0.7725632,-0.61423105,0.79162407,0.55034184,-0.23835275
1747679463.3310213,-0.31953195,0.7725632,-0.61423105,0.79162407,0.55034184,-0.23835275
1747679463.3315415,-0.306841,0.8081956,-0.6674355,0.79162407,0.55034184,-0.23835275
1747679463.332063,-0.306841,0.8081956,-0.6674355,0.79162407,0.55034184,-0.23835275
1747679463.3325844,-0.306841,0.8081956,-0.6674355,0.69255453,0.34368068,-0.21065588
1747679463.3331037,-0.306841,0.8081956,-0.6674355,0.69255453,0.34368068,-0.21065588
1747679463.3336217,-0.306841,0.8081956,-0.6674355,0.69255453,0.34368068,-0.21065588
1747679463.3341494,-0.306841,0.8081956,-0.6674355,0.69255453,0.34368068,-0.21065588
1747679463.3346775,-0.306841,0.8081956,-0.6674355,0.69255453,0.34368068,-0.21065588
1747679463.335197,-0.306841,0.8081956,-0.6674355,0.69255453,0.34368068,-0.21065588
1747679463.3357153,-0.306841,0.8081956,-0.6674355,0.69255453,0.34368068,-0.21065588
1747679463.3362331,-0.306841,0.8081956,-0.6674355,0.69255453,0.34368068,-0.21065588
1747679463.3367515,-0.306841,0.8081956,-0.6674355,0.69255453,0.34368068,-0.21065588
1747679463.3372693,-0.306841,0.8081956,-0.6674355,0.69255453,0.34368068,-0.21065588
1747679463.3377874,-0.306841,0.8081956,-0.6674355,0.69255453,0.34368068,-0.21065588
1747679463.3383665,-0.306841,0.8081956,-0.6674355,0.69255453,0.34368068,-0.21065588
1747679463.3389285,-0.306841,0.8081956,-0.6674355,0.69255453,0.34368068,-0.21065588
1747679463.3394814,-0.306841,0.8081956,-0.6674355,0.69255453,0.34368068,-0.21065588
1747679463.340023,-0.306841,0.8081956,-0.6674355,0.69255453,0.34368068,-0.21065588
1747679463.3405561,-0.306841,0.8081956,-0.6674355,0.69255453,0.34368068,-0.21065588
1747679463.3410754,-0.306841,0.8081956,-0.6674355,0.69255453,0.34368068,-0.21065588
1747679463.3415942,-0.306841,0.8081956,-0.6674355,0.69255453,0.34368068,-0.21065588
1747679463.3421123,-0.306841,0.8081956,-0.6674355,0.69255453,0.34368068,-0.21065588
1747679463.3426332,-0.306841,0.8081956,-0.6674355,0.69255453,0.34368068,-0.21065588
1747679463.3431547,-0.32978237,0.82137465,-0.6986749,0.63716084,0.24248064,-0.20639484
1747679463.3436737,-0.32978237,0.82137465,-0.6986749,0.63716084,0.24248064,-0.20639484
1747679463.3442073,-0.32978237,0.82137465,-0.6986749,0.63716084,0.24248064,-0.20639484
1747679463.3447983,-0.32978237,0.82137465,-0.6986749,0.63716084,0.24248064,-0.20639484
1747679463.3453388,-0.32978237,0.82137465,-0.6986749,0.63716084,0.24248064,-0.20639484
1747679463.3458598,-0.32978237,0.82137465,-0.6986749,0.63716084,0.24248064,-0.20639484
1747679463.3463783,-0.32978237,0.82137465,-0.6986749,0.63716084,0.24248064,-0.20639484
1747679463.3468964,-0.32978237,0.82137465,-0.6986749,0.63716084,0.24248064,-0.20639484
1747679463.3474147,-0.32978237,0.82137465,-0.6986749,0.63716084,0.24248064,-0.20639484
1747679463.3479326,-0.32978237,0.82137465,-0.6986749,0.63716084,0.24248064,-0.20639484
1747679463.3484511,-0.32978237,0.82137465,-0.6986749,0.63716084,0.24248064,-0.20639484
1747679463.3489687,-0.32978237,0.82137465,-0.6986749,0.63716084,0.24248064,-0.20639484
1747679463.3494868,-0.32978237,0.82137465,-0.6986749,0.63716084,0.24248064,-0.20639484
1747679463.3500047,-0.32978237,0.82137465,-0.6986749,0.63716084,0.24248064,-0.20639484
1747679463.350523,-0.32978237,0.82137465,-0.6986749,0.63716084,0.24248064,-0.20639484
1747679463.3510406,-0.32978237,0.82137465,-0.6986749,0.63716084,0.24248064,-0.20639484
1747679463.3515587,-0.32978237,0.82137465,-0.6986749,0.63716084,0.24248064,-0.20639484
1747679463.3520765,-0.32978237,0.82137465,-0.6986749,0.63716084,0.24248064,-0.20639484
1747679463.3525946,-0.32978237,0.82137465,-0.6986749,0.63716084,0.24248064,-0.20639484
1747679463.3531122,-0.32978237,0.82137465,-0.6986749,0.63716084,0.24248064,-0.20639484
1747679463.3536675,-0.32978237,0.82137465,-0.6986749,0.63716084,0.24248064,-0.20639484
1747679463.3542147,-0.32978237,0.82137465,-0.6986749,0.63716084,0.24248064,-0.20639484
1747679463.35474,-0.32978237,0.82137465,-0.6986749,0.63716084,0.24248064,-0.20639484
1747679463.355259,-0.32978237,0.82137465,-0.6986749,0.63716084,0.24248064,-0.20639484
1747679463.3557777,-0.32978237,0.82137465,-0.6986749,0.48056707,0.09867004,-0.16591482
1747679463.3562968,-0.32978237,0.82137465,-0.6986749,0.48056707,0.09867004,-0.16591482
1747679463.3568175,-0.3517475,0.818446,-0.76505846,0.48056707,0.09867004,-0.16591482
1747679463.3573363,-0.3517475,0.818446,-0.76505846,0.48056707,0.09867004,-0.16591482
1747679463.3578546,-0.3517475,0.818446,-0.76505846,0.48056707,0.09867004,-0.16591482
1747679463.3583727,-0.3517475,0.818446,-0.76505846,0.48056707,0.09867004,-0.16591482
1747679463.3588908,-0.3517475,0.818446,-0.76505846,0.48056707,0.09867004,-0.16591482
1747679463.3594089,-0.3517475,0.818446,-0.76505846,0.48056707,0.09867004,-0.16591482
1747679463.3599415,-0.3517475,0.818446,-0.76505846,0.48056707,0.09867004,-0.16591482
1747679463.3604956,-0.3517475,0.818446,-0.76505846,0.48056707,0.09867004,-0.16591482
1747679463.3610468,-0.3517475,0.818446,-0.76505846,0.48056707,0.09867004,-0.16591482
1747679463.361582,-0.3517475,0.818446,-0.76505846,0.48056707,0.09867004,-0.16591482
1747679463.3621037,-0.3517475,0.818446,-0.76505846,0.48056707,0.09867004,-0.16591482
1747679463.3626251,-0.3517475,0.818446,-0.76505846,0.48056707,0.09867004,-0.16591482
1747679463.3631458,-0.3517475,0.818446,-0.76505846,0.48056707,0.09867004,-0.16591482
1747679463.363666,-0.3517475,0.818446,-0.76505846,0.48056707,0.09867004,-0.16591482
1747679463.364198,-0.3576049,0.8067312,-0.80801255,0.27284065,0.03581949,-0.12117374
1747679463.3647444,-0.3576049,0.8067312,-0.80801255,0.27284065,0.03581949,-0.12117374
1747679463.3652682,-0.3576049,0.8067312,-0.80801255,0.27284065,0.03581949,-0.12117374
1747679463.3657901,-0.3576049,0.8067312,-0.80801255,0.27284065,0.03581949,-0.12117374
1747679463.3663113,-0.3576049,0.8067312,-0.80801255,0.27284065,0.03581949,-0.12117374
1747679463.366832,-0.3576049,0.8067312,-0.80801255,0.27284065,0.03581949,-0.12117374
1747679463.3673532,-0.3576049,0.8067312,-0.80801255,0.27284065,0.03581949,-0.12117374
1747679463.367874,-0.3576049,0.8067312,-0.80801255,0.27284065,0.03581949,-0.12117374
1747679463.3683941,-0.3576049,0.8067312,-0.80801255,0.27284065,0.03581949,-0.12117374
1747679463.3689368,-0.3576049,0.8067312,-0.80801255,0.27284065,0.03581949,-0.12117374
1747679463.369496,-0.3576049,0.8067312,-0.80801255,0.27284065,0.03581949,-0.12117374
1747679463.3700285,-0.3576049,0.8067312,-0.80801255,0.27284065,0.03581949,-0.12117374
1747679463.370564,-0.36687905,0.7935521,-0.8133818,0.12689953,0.0326237,-0.0870853
1747679463.371099,-0.36687905,0.7935521,-0.8133818,0.12689953,0.0326237,-0.0870853
1747679463.3716207,-0.36687905,0.7935521,-0.8133818,0.12689953,0.0326237,-0.0870853
1747679463.3721426,-0.36687905,0.7935521,-0.8133818,0.12689953,0.0326237,-0.0870853
1747679463.3726633,-0.36687905,0.7935521,-0.8133818,0.12689953,0.0326237,-0.0870853
1747679463.373184,-0.36687905,0.7935521,-0.8133818,0.12689953,0.0326237,-0.0870853
1747679463.3737183,-0.36687905,0.7935521,-0.8133818,0.12689953,0.0326237,-0.0870853
1747679463.374261,-0.36687905,0.7935521,-0.8133818,0.12689953,0.0326237,-0.0870853
1747679463.3747838,-0.36687905,0.7935521,-0.8133818,0.12689953,0.0326237,-0.0870853
1747679463.37581,-0.36687905,0.7935521,-0.8133818,0.12689953,0.0326237,-0.0870853
1747679463.3763916,-0.36687905,0.7935521,-0.8133818,0.12689953,0.0326237,-0.0870853
1747679463.3769507,-0.36687905,0.7935521,-0.8133818,0.12689953,0.0326237,-0.0870853
1747679463.3774838,-0.36687905,0.7935521,-0.8133818,0.12689953,0.0326237,-0.0870853
1747679463.3780031,-0.36687905,0.7935521,-0.8133818,0.12689953,0.0326237,-0.0870853
1747679463.3785217,-0.36687905,0.7935521,-0.8133818,0.12689953,0.0326237,-0.0870853
1747679463.37904,-0.36687905,0.7935521,-0.8133818,0.12689953,0.0326237,-0.0870853
1747679463.3795583,-0.36687905,0.7935521,-0.8133818,0.12689953,0.0326237,-0.0870853
1747679463.3800778,-0.36687905,0.7935521,-0.8133818,-0.076565824,0.050733183,-0.029561065
1747679463.3805988,-0.36687905,0.7935521,-0.8133818,-0.076565824,0.050733183,-0.029561065
1747679463.3811193,-0.37664136,0.784278,-0.8216797,-0.076565824,0.050733183,-0.029561065
1747679463.3816376,-0.37664136,0.784278,-0.8216797,-0.076565824,0.050733183,-0.029561065
1747679463.3821554,-0.37664136,0.784278,-0.8216797,-0.076565824,0.050733183,-0.029561065
1747679463.3826737,-0.37664136,0.784278,-0.8216797,-0.076565824,0.050733183,-0.029561065
1747679463.3831913,-0.37664136,0.784278,-0.8216797,-0.076565824,0.050733183,-0.029561065
1747679463.3837097,-0.37664136,0.784278,-0.8216797,-0.076565824,0.050733183,-0.029561065
1747679463.3842611,-0.37664136,0.784278,-0.8216797,-0.076565824,0.050733183,-0.029561065
1747679463.3848064,-0.37664136,0.784278,-0.8216797,-0.076565824,0.050733183,-0.029561065
1747679463.3853312,-0.37664136,0.784278,-0.8216797,-0.076565824,0.050733183,-0.029561065
1747679463.3858507,-0.37664136,0.784278,-0.8216797,-0.076565824,0.050733183,-0.029561065
1747679463.386369,-0.37664136,0.784278,-0.8216797,-0.076565824,0.050733183,-0.029561065
1747679463.3868873,-0.37664136,0.784278,-0.8216797,-0.076565824,0.050733183,-0.029561065
1747679463.3874054,-0.37664136,0.784278,-0.8216797,-0.076565824,0.050733183,-0.029561065
1747679463.3879232,-0.37664136,0.784278,-0.8216797,-0.076565824,0.050733183,-0.029561065
1747679463.3884413,-0.37664136,0.784278,-0.8216797,-0.076565824,0.050733183,-0.029561065
1747679463.3889592,-0.37664136,0.784278,-0.8216797,-0.076565824,0.050733183,-0.029561065
1747679463.3894777,-0.37664136,0.784278,-0.8216797,-0.076565824,0.050733183,-0.029561065
1747679463.3899963,-0.37664136,0.784278,-0.8216797,-0.076565824,0.050733183,-0.029561065
1747679463.3905146,-0.37664136,0.784278,-0.8216797,-0.076565824,0.050733183,-0.029561065
1747679463.3910334,-0.38103437,0.7754919,-0.8280252,-0.21398483,0.031558435,0.011984216
1747679463.391582,-0.38103437,0.7754919,-0.8280252,-0.21398483,0.031558435,0.011984216
1747679463.3921268,-0.38103437,0.7754919,-0.8280252,-0.21398483,0.031558435,0.011984216
1747679463.3926756,-0.38103437,0.7754919,-0.8280252,-0.21398483,0.031558435,0.011984216
1747679463.3932157,-0.38103437,0.7754919,-0.8280252,-0.21398483,0.031558435,0.011984216
1747679463.3937454,-0.38103437,0.7754919,-0.8280252,-0.21398483,0.031558435,0.011984216
1747679463.3942962,-0.38103437,0.7754919,-0.8280252,-0.21398483,0.031558435,0.011984216
1747679463.3948193,-0.38103437,0.7754919,-0.8280252,-0.21398483,0.031558435,0.011984216
1747679463.395338,-0.38103437,0.7754919,-0.8280252,-0.21398483,0.031558435,0.011984216
1747679463.3958564,-0.38103437,0.7754919,-0.8280252,-0.21398483,0.031558435,0.011984216
1747679463.3963745,-0.38103437,0.7754919,-0.8280252,-0.21398483,0.031558435,0.011984216
1747679463.3968923,-0.38103437,0.7754919,-0.8280252,-0.21398483,0.031558435,0.011984216
1747679463.3974104,-0.38103437,0.7754919,-0.8280252,-0.21398483,0.031558435,0.011984216
1747679463.3979282,-0.38103437,0.7754919,-0.8280252,-0.21398483,0.031558435,0.011984216
1747679463.398446,-0.38103437,0.7754919,-0.8280252,-0.21398483,0.031558435,0.011984216
1747679463.3989642,-0.38103437,0.7754919,-0.8280252,-0.21398483,0.031558435,0.011984216
1747679463.3995318,-0.38103437,0.7754919,-0.8280252,-0.21398483,0.031558435,0.011984216
1747679463.4001148,-0.38103437,0.7754919,-0.8280252,-0.37483963,-0.02809633,0.05672529
1747679463.4006581,-0.38103437,0.7754919,-0.8280252,-0.37483963,-0.02809633,0.05672529
1747679463.4011838,-0.37322453,0.7720751,-0.8246084,-0.37483963,-0.02809633,0.05672529
1747679463.4017024,-0.37322453,0.7720751,-0.8246084,-0.37483963,-0.02809633,0.05672529
1747679463.402221,-0.37322453,0.7720751,-0.8246084,-0.37483963,-0.02809633,0.05672529
1747679463.4027393,-0.37322453,0.7720751,-0.8246084,-0.37483963,-0.02809633,0.05672529
1747679463.4032576,-0.37322453,0.7720751,-0.8246084,-0.37483963,-0.02809633,0.05672529
1747679463.4037838,-0.37322453,0.7720751,-0.8246084,-0.37483963,-0.02809633,0.05672529
1747679463.4043105,-0.37322453,0.7720751,-0.8246084,-0.37483963,-0.02809633,0.05672529
1747679463.4048307,-0.37322453,0.7720751,-0.8246084,-0.37483963,-0.02809633,0.05672529
1747679463.4053485,-0.37322453,0.7720751,-0.8246084,-0.37483963,-0.02809633,0.05672529
1747679463.405867,-0.37322453,0.7720751,-0.8246084,-0.37483963,-0.02809633,0.05672529
1747679463.4063854,-0.37322453,0.7720751,-0.8246084,-0.37483963,-0.02809633,0.05672529
1747679463.4069035,-0.37322453,0.7720751,-0.8246084,-0.37483963,-0.02809633,0.05672529
1747679463.4074485,-0.37322453,0.7720751,-0.8246084,-0.37483963,-0.02809633,0.05672529
1747679463.4079974,-0.37322453,0.7720751,-0.8246084,-0.37483963,-0.02809633,0.05672529
1747679463.4085736,-0.37322453,0.7720751,-0.8246084,-0.37483963,-0.02809633,0.05672529
1747679463.409107,-0.37322453,0.7720751,-0.8246084,-0.37483963,-0.02809633,0.05672529
1747679463.4096267,-0.37322453,0.7720751,-0.8246084,-0.37483963,-0.02809633,0.05672529
1747679463.4101458,-0.37322453,0.7720751,-0.8246084,-0.5356945,-0.14847112,0.09400952
1747679463.410665,-0.3649266,0.77061075,-0.822656,-0.5356945,-0.14847112,0.09400952
1747679463.411184,-0.3649266,0.77061075,-0.822656,-0.5356945,-0.14847112,0.09400952
1747679463.4117029,-0.3649266,0.77061075,-0.822656,-0.5356945,-0.14847112,0.09400952
1747679463.412221,-0.3649266,0.77061075,-0.822656,-0.5356945,-0.14847112,0.09400952
1747679463.412739,-0.3649266,0.77061075,-0.822656,-0.5356945,-0.14847112,0.09400952
1747679463.4132571,-0.3649266,0.77061075,-0.822656,-0.5356945,-0.14847112,0.09400952
1747679463.4137754,-0.3649266,0.77061075,-0.822656,-0.5356945,-0.14847112,0.09400952
1747679463.4143038,-0.3649266,0.77061075,-0.822656,-0.5356945,-0.14847112,0.09400952
1747679463.41485,-0.3649266,0.77061075,-0.822656,-0.5356945,-0.14847112,0.09400952
1747679463.4153934,-0.3649266,0.77061075,-0.822656,-0.5356945,-0.14847112,0.09400952
1747679463.415919,-0.3649266,0.77061075,-0.822656,-0.5356945,-0.14847112,0.09400952
1747679463.416438,-0.3649266,0.77061075,-0.822656,-0.5356945,-0.14847112,0.09400952
1747679463.416956,-0.3649266,0.77061075,-0.822656,-0.5356945,-0.14847112,0.09400952
1747679463.4174736,-0.3649266,0.77061075,-0.822656,-0.5356945,-0.14847112,0.09400952
1747679463.4179914,-0.3649266,0.77061075,-0.822656,-0.5356945,-0.14847112,0.09400952
1747679463.4185092,-0.3649266,0.77061075,-0.822656,-0.5356945,-0.14847112,0.09400952
1747679463.4190278,-0.3649266,0.77061075,-0.822656,-0.5356945,-0.14847112,0.09400952
1747679463.419546,-0.3649266,0.77061075,-0.822656,-0.5356945,-0.14847112,0.09400952
1747679463.420064,-0.36980775,0.76914644,-0.80801255,-0.5356945,-0.14847112,0.09400952
1747679463.420583,-0.36980775,0.76914644,-0.80801255,-0.5356945,-0.14847112,0.09400952
1747679463.4211013,-0.36980775,0.76914644,-0.80801255,-0.6922882,-0.3242396,0.12490216
1747679463.4216197,-0.36980775,0.76914644,-0.80801255,-0.6922882,-0.3242396,0.12490216
1747679463.4221375,-0.36980775,0.76914644,-0.80801255,-0.6922882,-0.3242396,0.12490216
1747679463.4226556,-0.36980775,0.76914644,-0.80801255,-0.6922882,-0.3242396,0.12490216
1747679463.4231837,-0.36980775,0.76914644,-0.80801255,-0.6922882,-0.3242396,0.12490216
1747679463.4237506,-0.36980775,0.76914644,-0.80801255,-0.6922882,-0.3242396,0.12490216
1747679463.4243014,-0.36980775,0.76914644,-0.80801255,-0.6922882,-0.3242396,0.12490216
1747679463.4248273,-0.36980775,0.76914644,-0.80801255,-0.6922882,-0.3242396,0.12490216
1747679463.4253461,-0.36980775,0.76914644,-0.80801255,-0.6922882,-0.3242396,0.12490216
1747679463.4258645,-0.36980775,0.76914644,-0.80801255,-0.6922882,-0.3242396,0.12490216
1747679463.4263823,-0.36980775,0.76914644,-0.80801255,-0.6922882,-0.3242396,0.12490216
1747679463.4269004,-0.36980775,0.76914644,-0.80801255,-0.6922882,-0.3242396,0.12490216
1747679463.4274185,-0.36980775,0.76914644,-0.80801255,-0.6922882,-0.3242396,0.12490216
1747679463.4279363,-0.36980775,0.76914644,-0.80801255,-0.6922882,-0.3242396,0.12490216
1747679463.428454,-0.36980775,0.76914644,-0.80801255,-0.6922882,-0.3242396,0.12490216
1747679463.4289718,-0.36980775,0.76914644,-0.80801255,-0.6922882,-0.3242396,0.12490216
1747679463.4294894,-0.36980775,0.76914644,-0.80801255,-0.6922882,-0.3242396,0.12490216
1747679463.4300437,-0.36980775,0.76914644,-0.80801255,-0.6922882,-0.3242396,0.12490216
1747679463.4306004,-0.36980775,0.76914644,-0.80801255,-0.6922882,-0.3242396,0.12490216
1747679463.4311657,-0.36980775,0.76914644,-0.80801255,-0.6922882,-0.3242396,0.12490216
1747679463.431707,-0.36980775,0.76914644,-0.80801255,-0.6922882,-0.3242396,0.12490216
1747679463.4322383,-0.38005817,0.7647534,-0.79092854,-0.8190546,-0.471246,0.15899059
1747679463.4327579,-0.38005817,0.7647534,-0.79092854,-0.8190546,-0.471246,0.15899059
1747679463.4332764,-0.38005817,0.7647534,-0.79092854,-0.8190546,-0.471246,0.15899059
1747679463.4338071,-0.38005817,0.7647534,-0.79092854,-0.8190546,-0.471246,0.15899059
1747679463.4343417,-0.38005817,0.7647534,-0.79092854,-0.8190546,-0.471246,0.15899059
1747679463.4348617,-0.38005817,0.7647534,-0.79092854,-0.8190546,-0.471246,0.15899059
1747679463.4353802,-0.38005817,0.7647534,-0.79092854,-0.8190546,-0.471246,0.15899059
1747679463.435898,-0.38005817,0.7647534,-0.79092854,-0.8190546,-0.471246,0.15899059
1747679463.4364161,-0.38005817,0.7647534,-0.79092854,-0.8190546,-0.471246,0.15899059
1747679463.4369345,-0.38005817,0.7647534,-0.79092854,-0.8190546,-0.471246,0.15899059
1747679463.4374964,-0.38005817,0.7647534,-0.79092854,-0.8190546,-0.471246,0.15899059
1747679463.4380467,-0.38005817,0.7647534,-0.79092854,-0.8190546,-0.471246,0.15899059
1747679463.4386013,-0.38005817,0.7647534,-0.79092854,-0.8190546,-0.471246,0.15899059
1747679463.4391637,-0.38005817,0.7647534,-0.79092854,-0.8190546,-0.471246,0.15899059
1747679463.439687,-0.38005817,0.7647534,-0.79092854,-0.8190546,-0.471246,0.15899059
1747679463.4402056,-0.38005817,0.7647534,-0.79092854,-0.8190546,-0.471246,0.15899059
1747679463.4407237,-0.38005817,0.7647534,-0.79092854,-0.8190546,-0.471246,0.15899059
1747679463.4412417,-0.38005817,0.7647534,-0.79092854,-0.8190546,-0.471246,0.15899059
1747679463.4417603,-0.38005817,0.7647534,-0.79092854,-0.8190546,-0.471246,0.15899059
1747679463.4422784,-0.38005817,0.7647534,-0.79092854,-0.8190546,-0.471246,0.15899059
1747679463.4427962,-0.38005817,0.7647534,-0.79092854,-0.8190546,-0.471246,0.15899059
1747679463.4433143,-0.38005817,0.7647534,-0.79092854,-0.8190546,-0.471246,0.15899059
1747679463.4438453,-0.38005817,0.7647534,-0.79092854,-0.8190546,-0.471246,0.15899059
1747679463.4443846,-0.38005817,0.7647534,-0.79092854,-0.8190546,-0.471246,0.15899059
1747679463.444904,-0.38005817,0.7647534,-0.79092854,-0.8190546,-0.471246,0.15899059
1747679463.4454455,-0.37322453,0.7554792,-0.7557843,-0.9831052,-0.6235787,0.21118851
1747679463.4459953,-0.37322453,0.7554792,-0.7557843,-0.9831052,-0.6235787,0.21118851
1747679463.4465191,-0.37322453,0.7554792,-0.7557843,-0.9831052,-0.6235787,0.21118851
1747679463.447038,-0.37322453,0.7554792,-0.7557843,-0.9831052,-0.6235787,0.21118851
1747679463.4475563,-0.37322453,0.7554792,-0.7557843,-0.9831052,-0.6235787,0.21118851
1747679463.4480746,-0.37322453,0.7554792,-0.7557843,-0.9831052,-0.6235787,0.21118851
1747679463.4485924,-0.37322453,0.7554792,-0.7557843,-0.9831052,-0.6235787,0.21118851
1747679463.4491103,-0.37322453,0.7554792,-0.7557843,-0.9831052,-0.6235787,0.21118851
1747679463.4496284,-0.37322453,0.7554792,-0.7557843,-0.9831052,-0.6235787,0.21118851
1747679463.4501462,-0.37322453,0.7554792,-0.7557843,-0.9831052,-0.6235787,0.21118851
1747679463.4506643,-0.37322453,0.7554792,-0.7557843,-0.9831052,-0.6235787,0.21118851
1747679463.4511821,-0.37322453,0.7554792,-0.7557843,-0.9831052,-0.6235787,0.21118851
1747679463.4516997,-0.37322453,0.7554792,-0.7557843,-0.9831052,-0.6235787,0.21118851
1747679463.4522173,-0.37322453,0.7554792,-0.7557843,-0.9831052,-0.6235787,0.21118851
1747679463.4527354,-0.37322453,0.7554792,-0.7557843,-0.9831052,-0.6235787,0.21118851
1747679463.453253,-0.37322453,0.7554792,-0.7557843,-0.9831052,-0.6235787,0.21118851
1747679463.453784,-0.37322453,0.7554792,-0.7557843,-0.9831052,-0.6235787,0.21118851
1747679463.4543426,-0.34735447,0.7344903,-0.68940073,-0.9831052,-0.6235787,0.21118851
1747679463.4548905,-0.34735447,0.7344903,-0.68940073,-1.1588737,-0.7471493,0.2793654
1747679463.4554236,-0.34735447,0.7344903,-0.68940073,-1.1588737,-0.7471493,0.2793654
1747679463.4559429,-0.34735447,0.7344903,-0.68940073,-1.1588737,-0.7471493,0.2793654
1747679463.4564607,-0.34735447,0.7344903,-0.68940073,-1.1588737,-0.7471493,0.2793654
1747679463.4569793,-0.34735447,0.7344903,-0.68940073,-1.1588737,-0.7471493,0.2793654
1747679463.457501,-0.34735447,0.7344903,-0.68940073,-1.1588737,-0.7471493,0.2793654
1747679463.458022,-0.34735447,0.7344903,-0.68940073,-1.1588737,-0.7471493,0.2793654
1747679463.4585412,-0.34735447,0.7344903,-0.68940073,-1.1588737,-0.7471493,0.2793654
1747679463.4590592,-0.34735447,0.7344903,-0.68940073,-1.1588737,-0.7471493,0.2793654
1747679463.4595773,-0.34735447,0.7344903,-0.68940073,-1.1588737,-0.7471493,0.2793654
1747679463.4600983,-0.34735447,0.7344903,-0.68940073,-1.1588737,-0.7471493,0.2793654
1747679463.4606388,-0.34735447,0.7344903,-0.68940073,-1.1588737,-0.7471493,0.2793654
1747679463.4612014,-0.34735447,0.7344903,-0.68940073,-1.1588737,-0.7471493,0.2793654
1747679463.461754,-0.34735447,0.7344903,-0.68940073,-1.1588737,-0.7471493,0.2793654
1747679463.4622998,-0.34735447,0.7344903,-0.68940073,-1.1588737,-0.7471493,0.2793654
1747679463.4628358,-0.34735447,0.7344903,-0.68940073,-1.1588737,-0.7471493,0.2793654
1747679463.4633617,-0.34735447,0.7344903,-0.68940073,-1.1588737,-0.7471493,0.2793654
1747679463.463895,-0.31367457,0.72716856,-0.63131505,-1.1588737,-0.7471493,0.2793654
1747679463.4644296,-0.31367457,0.72716856,-0.63131505,-1.2749875,-0.8313051,0.32197595
1747679463.4649549,-0.31367457,0.72716856,-0.63131505,-1.2749875,-0.8313051,0.32197595
1747679463.4654791,-0.31367457,0.72716856,-0.63131505,-1.2749875,-0.8313051,0.32197595
1747679463.466,-0.31367457,0.72716856,-0.63131505,-1.2749875,-0.8313051,0.32197595
1747679463.4665213,-0.31367457,0.72716856,-0.63131505,-1.2749875,-0.8313051,0.32197595
1747679463.4670422,-0.31367457,0.72716856,-0.63131505,-1.2749875,-0.8313051,0.32197595
1747679463.4675636,-0.31367457,0.72716856,-0.63131505,-1.2749875,-0.8313051,0.32197595
1747679463.468085,-0.31367457,0.72716856,-0.63131505,-1.2749875,-0.8313051,0.32197595
1747679463.468607,-0.31367457,0.72716856,-0.63131505,-1.2749875,-0.8313051,0.32197595
1747679463.469128,-0.31367457,0.72716856,-0.63131505,-1.2749875,-0.8313051,0.32197595
1747679463.4696612,-0.31367457,0.72716856,-0.63131505,-1.2749875,-0.8313051,0.32197595
1747679463.4702237,-0.31367457,0.72716856,-0.63131505,-1.2749875,-0.8313051,0.32197595
1747679463.4707716,-0.31367457,0.72716856,-0.63131505,-1.2749875,-0.8313051,0.32197595
1747679463.471307,-0.31367457,0.72716856,-0.63131505,-1.2749875,-0.8313051,0.32197595
1747679463.471829,-0.31367457,0.72716856,-0.63131505,-1.2749875,-0.8313051,0.32197595
1747679463.4723501,-0.31367457,0.72716856,-0.63131505,-1.2749875,-0.8313051,0.32197595
1747679463.4728715,-0.31367457,0.72716856,-0.63131505,-1.2749875,-0.8313051,0.32197595
1747679463.4733925,-0.31367457,0.72716856,-0.63131505,-1.2749875,-0.8313051,0.32197595
1747679463.4739144,-0.31367457,0.72716856,-0.63131505,-1.2749875,-0.8313051,0.32197595
1747679463.4744465,-0.31367457,0.72716856,-0.63131505,-1.2749875,-0.8313051,0.32197595
1747679463.4749873,-0.31367457,0.72716856,-0.63131505,-1.2749875,-0.8313051,0.32197595
1747679463.4755125,-0.31367457,0.72716856,-0.63131505,-1.2749875,-0.8313051,0.32197595
1747679463.4760473,-0.31367457,0.72716856,-0.63131505,-1.2749875,-0.8313051,0.32197595
1747679463.4765944,-0.31367457,0.72716856,-0.63131505,-1.2749875,-0.8313051,0.32197595
1747679463.4771192,-0.31367457,0.72716856,-0.63131505,-1.2749875,-0.8313051,0.32197595
1747679463.4776382,-0.31367457,0.72716856,-0.63131505,-1.2749875,-0.8313051,0.32197595
1747679463.4781566,-0.31367457,0.72716856,-0.63131505,-1.2749875,-0.8313051,0.32197595
1747679463.4786747,-0.31367457,0.72716856,-0.63131505,-1.2749875,-0.8313051,0.32197595
1747679463.4791925,-0.31367457,0.72716856,-0.63131505,-1.2749875,-0.8313051,0.32197595
1747679463.4797106,-0.31367457,0.72716856,-0.63131505,-1.2749875,-0.8313051,0.32197595
1747679463.4802282,-0.31367457,0.72716856,-0.63131505,-1.2749875,-0.8313051,0.32197595
1747679463.480746,-0.31367457,0.72716856,-0.63131505,-1.2749875,-0.8313051,0.32197595
1747679463.481264,-0.31367457,0.72716856,-0.63131505,-1.2749875,-0.8313051,0.32197595
1747679463.4817827,-0.3044004,0.7208231,-0.5649315,-1.4773875,-0.976181,0.38056543
1747679463.4823015,-0.3044004,0.7208231,-0.5649315,-1.4773875,-0.976181,0.38056543
1747679463.4828193,-0.3044004,0.7208231,-0.5649315,-1.4773875,-0.976181,0.38056543
1747679463.483337,-0.3044004,0.7208231,-0.5649315,-1.4773875,-0.976181,0.38056543
1747679463.4838657,-0.3044004,0.7208231,-0.5649315,-1.4773875,-0.976181,0.38056543
1747679463.4844027,-0.3044004,0.7208231,-0.5649315,-1.4773875,-0.976181,0.38056543
1747679463.484923,-0.3044004,0.7208231,-0.5649315,-1.4773875,-0.976181,0.38056543
1747679463.4854686,-0.3044004,0.7208231,-0.5649315,-1.4773875,-0.976181,0.38056543
1747679463.4860115,-0.3044004,0.7208231,-0.5649315,-1.4773875,-0.976181,0.38056543
1747679463.4865746,-0.3044004,0.7208231,-0.5649315,-1.4773875,-0.976181,0.38056543
1747679463.487108,-0.3044004,0.7208231,-0.5649315,-1.4773875,-0.976181,0.38056543
1747679463.4876275,-0.3044004,0.7208231,-0.5649315,-1.4773875,-0.976181,0.38056543
1747679463.4881465,-0.3044004,0.7208231,-0.5649315,-1.4773875,-0.976181,0.38056543
1747679463.4886656,-0.3044004,0.7208231,-0.5649315,-1.4773875,-0.976181,0.38056543
1747679463.4891846,-0.3044004,0.7208231,-0.5649315,-1.4773875,-0.976181,0.38056543
1747679463.4897032,-0.3004955,0.7061797,-0.5332041,-1.5860444,-1.0102694,0.43169808
1747679463.490222,-0.3004955,0.7061797,-0.5332041,-1.5860444,-1.0102694,0.43169808
1747679463.4907408,-0.3004955,0.7061797,-0.5332041,-1.5860444,-1.0102694,0.43169808
1747679463.4912884,-0.3004955,0.7061797,-0.5332041,-1.5860444,-1.0102694,0.43169808
1747679463.491857,-0.3004955,0.7061797,-0.5332041,-1.5860444,-1.0102694,0.43169808
1747679463.4924057,-0.3004955,0.7061797,-0.5332041,-1.5860444,-1.0102694,0.43169808
1747679463.4929461,-0.3004955,0.7061797,-0.5332041,-1.5860444,-1.0102694,0.43169808
1747679463.493479,-0.3004955,0.7061797,-0.5332041,-1.5860444,-1.0102694,0.43169808
1747679463.4940126,-0.3004955,0.7061797,-0.5332041,-1.5860444,-1.0102694,0.43169808
1747679463.4945517,-0.3004955,0.7061797,-0.5332041,-1.5860444,-1.0102694,0.43169808
1747679463.495072,-0.3004955,0.7061797,-0.5332041,-1.5860444,-1.0102694,0.43169808
1747679463.4955902,-0.3004955,0.7061797,-0.5332041,-1.5860444,-1.0102694,0.43169808
1747679463.4961088,-0.3004955,0.7061797,-0.5332041,-1.5860444,-1.0102694,0.43169808
1747679463.4966269,-0.3004955,0.7061797,-0.5332041,-1.5860444,-1.0102694,0.43169808
1747679463.4971454,-0.3004955,0.7061797,-0.5332041,-1.5860444,-1.0102694,0.43169808
1747679463.4976633,-0.3004955,0.7061797,-0.5332041,-1.5860444,-1.0102694,0.43169808
1747679463.4981813,-0.3004955,0.7061797,-0.5332041,-1.5860444,-1.0102694,0.43169808
1747679463.4986994,-0.3004955,0.7061797,-0.5332041,-1.5860444,-1.0102694,0.43169808
1747679463.4992175,-0.3004955,0.7061797,-0.5332041,-1.5860444,-1.0102694,0.43169808
1747679463.4997356,-0.3004955,0.7061797,-0.5332041,-1.5860444,-1.0102694,0.43169808
1747679463.500254,-0.30000737,0.69495296,-0.49025002,-1.5860444,-1.0102694,0.43169808
1747679463.5007727,-0.30000737,0.69495296,-0.49025002,-1.6851139,-1.0251831,0.48815706
1747679463.5013196,-0.30000737,0.69495296,-0.49025002,-1.6851139,-1.0251831,0.48815706
1747679463.5019052,-0.30000737,0.69495296,-0.49025002,-1.6851139,-1.0251831,0.48815706
1747679463.502462,-0.30000737,0.69495296,-0.49025002,-1.6851139,-1.0251831,0.48815706
1747679463.5029848,-0.30000737,0.69495296,-0.49025002,-1.6851139,-1.0251831,0.48815706
1747679463.5035036,-0.30000737,0.69495296,-0.49025002,-1.6851139,-1.0251831,0.48815706
1747679463.5040224,-0.30000737,0.69495296,-0.49025002,-1.6851139,-1.0251831,0.48815706
1747679463.5045545,-0.30000737,0.69495296,-0.49025002,-1.6851139,-1.0251831,0.48815706
1747679463.5050938,-0.30000737,0.69495296,-0.49025002,-1.6851139,-1.0251831,0.48815706
1747679463.505614,-0.30000737,0.69495296,-0.49025002,-1.6851139,-1.0251831,0.48815706
1747679463.5061324,-0.30000737,0.69495296,-0.49025002,-1.6851139,-1.0251831,0.48815706
1747679463.506675,-0.30000737,0.69495296,-0.49025002,-1.6851139,-1.0251831,0.48815706
1747679463.5072186,-0.30000737,0.69495296,-0.49025002,-1.6851139,-1.0251831,0.48815706
1747679463.507745,-0.30000737,0.69495296,-0.49025002,-1.6851139,-1.0251831,0.48815706
1747679463.5082636,-0.30000737,0.69495296,-0.49025002,-1.6851139,-1.0251831,0.48815706
1747679463.508784,-0.30000737,0.69495296,-0.49025002,-1.7767266,-1.0305095,0.5499424
1747679463.5093033,-0.30000737,0.69495296,-0.49025002,-1.7767266,-1.0305095,0.5499424
1747679463.5098214,-0.30000737,0.69495296,-0.49025002,-1.7767266,-1.0305095,0.5499424
1747679463.5103402,-0.30000737,0.69495296,-0.49025002,-1.7767266,-1.0305095,0.5499424
1747679463.5108585,-0.30000737,0.69495296,-0.49025002,-1.7767266,-1.0305095,0.5499424
1747679463.5113766,-0.30000737,0.69495296,-0.49025002,-1.7767266,-1.0305095,0.5499424
1747679463.5118945,-0.30000737,0.69495296,-0.49025002,-1.7767266,-1.0305095,0.5499424
1747679463.5124123,-0.30000737,0.69495296,-0.49025002,-1.7767266,-1.0305095,0.5499424
1747679463.5129304,-0.30000737,0.69495296,-0.49025002,-1.7767266,-1.0305095,0.5499424
1747679463.5134485,-0.30000737,0.69495296,-0.49025002,-1.7767266,-1.0305095,0.5499424
1747679463.5139763,-0.30000737,0.69495296,-0.49025002,-1.7767266,-1.0305095,0.5499424
1747679463.5145104,-0.30000737,0.69495296,-0.49025002,-1.7767266,-1.0305095,0.5499424
1747679463.5150304,-0.30000737,0.69495296,-0.49025002,-1.7767266,-1.0305095,0.5499424
1747679463.5155485,-0.30000737,0.69495296,-0.49025002,-1.7767266,-1.0305095,0.5499424
1747679463.5160773,-0.30000737,0.69495296,-0.49025002,-1.7767266,-1.0305095,0.5499424
1747679463.5166388,-0.30000737,0.69495296,-0.49025002,-1.7767266,-1.0305095,0.5499424
1747679463.517184,-0.30000737,0.69495296,-0.49025002,-1.7767266,-1.0305095,0.5499424
1747679463.517717,-0.30000737,0.69495296,-0.49025002,-1.7767266,-1.0305095,0.5499424
1747679463.5182366,-0.30000737,0.69495296,-0.49025002,-1.7767266,-1.0305095,0.5499424
1747679463.518755,-0.30000737,0.69495296,-0.49025002,-1.7767266,-1.0305095,0.5499424
1747679463.5192733,-0.30000737,0.69495296,-0.49025002,-1.7767266,-1.0305095,0.5499424
1747679463.5197914,-0.30000737,0.69495296,-0.49025002,-1.7767266,-1.0305095,0.5499424
1747679463.5203097,-0.30000737,0.69495296,-0.49025002,-1.7767266,-1.0305095,0.5499424
1747679463.5208285,-0.30000737,0.69495296,-0.49025002,-1.7767266,-1.0305095,0.5499424
1747679463.5213463,-0.30000737,0.69495296,-0.49025002,-1.7767266,-1.0305095,0.5499424
1747679463.5219102,-0.30000737,0.69495296,-0.49025002,-1.7767266,-1.0305095,0.5499424
1747679463.5224833,-0.30000737,0.69495296,-0.49025002,-1.7767266,-1.0305095,0.5499424
1747679463.5230372,-0.30000737,0.69495296,-0.49025002,-1.7767266,-1.0305095,0.5499424
1747679463.5235786,-0.30000737,0.69495296,-0.49025002,-1.7767266,-1.0305095,0.5499424
1747679463.524123,-0.30000737,0.69495296,-0.49025002,-1.7767266,-1.0305095,0.5499424
1747679463.524662,-0.30000737,0.69495296,-0.49025002,-1.7767266,-1.0305095,0.5499424
1747679463.5251827,-0.30000737,0.69495296,-0.49025002,-1.7767266,-1.0305095,0.5499424
1747679463.5257013,-0.30000737,0.69495296,-0.49025002,-1.7767266,-1.0305095,0.5499424
1747679463.5262194,-0.30000737,0.69495296,-0.49025002,-1.7767266,-1.0305095,0.5499424
1747679463.526737,-0.30000737,0.69495296,-0.49025002,-1.7767266,-1.0305095,0.5499424
1747679463.5272548,-0.30000737,0.69495296,-0.49025002,-1.7767266,-1.0305095,0.5499424
1747679463.5277727,-0.30000737,0.69495296,-0.49025002,-1.7767266,-1.0305095,0.5499424
1747679463.5282907,-0.30000737,0.69495296,-0.49025002,-1.7767266,-1.0305095,0.5499424
1747679463.5288084,-0.30000737,0.69495296,-0.49025002,-1.7767266,-1.0305095,0.5499424
1747679463.5293267,-0.30000737,0.69495296,-0.49025002,-1.7767266,-1.0305095,0.5499424
1747679463.5298445,-0.30000737,0.69495296,-0.49025002,-1.7767266,-1.0305095,0.5499424
1747679463.5303626,-0.30000737,0.69495296,-0.49025002,-1.7767266,-1.0305095,0.5499424
1747679463.5308805,-0.30000737,0.69495296,-0.49025002,-1.7767266,-1.0305095,0.5499424
1747679463.5313983,-0.30000737,0.69495296,-0.49025002,-1.7767266,-1.0305095,0.5499424
1747679463.53195,-0.30000737,0.69495296,-0.49025002,-1.7767266,-1.0305095,0.5499424
1747679463.5325227,-0.30000737,0.69495296,-0.49025002,-1.7767266,-1.0305095,0.5499424
1747679463.5330954,-0.30000737,0.69495296,-0.49025002,-1.7767266,-1.0305095,0.5499424
1747679463.5336285,-0.30000737,0.69495296,-0.49025002,-1.7767266,-1.0305095,0.5499424
1747679463.534149,-0.30000737,0.69495296,-0.49025002,-1.7767266,-1.0305095,0.5499424
1747679463.5346859,-0.30000737,0.69495296,-0.49025002,-1.7767266,-1.0305095,0.5499424
1747679463.5352244,-0.30000737,0.69495296,-0.49025002,-1.7767266,-1.0305095,0.5499424
1747679463.535744,-0.30000737,0.69495296,-0.49025002,-1.7767266,-1.0305095,0.5499424
1747679463.5362628,-0.30000737,0.69495296,-0.49025002,-1.7767266,-1.0305095,0.5499424
1747679463.5367808,-0.30000737,0.69495296,-0.49025002,-1.7767266,-1.0305095,0.5499424
1747679463.5373204,-0.19408654,0.6500465,-0.35406607,-1.9461036,-0.98683363,0.6330329
1747679463.5378745,-0.19408654,0.6500465,-0.35406607,-1.9461036,-0.98683363,0.6330329
1747679463.538411,-0.19408654,0.6500465,-0.35406607,-1.9461036,-0.98683363,0.6330329
1747679463.5389326,-0.19408654,0.6500465,-0.35406607,-1.9461036,-0.98683363,0.6330329
1747679463.5394511,-0.19408654,0.6500465,-0.35406607,-1.9461036,-0.98683363,0.6330329
1747679463.5399694,-0.19408654,0.6500465,-0.35406607,-1.9461036,-0.98683363,0.6330329
1747679463.540488,-0.19408654,0.6500465,-0.35406607,-1.9461036,-0.98683363,0.6330329
1747679463.5410063,-0.19408654,0.6500465,-0.35406607,-1.9461036,-0.98683363,0.6330329
1747679463.541525,-0.19408654,0.6500465,-0.35406607,-1.9461036,-0.98683363,0.6330329
1747679463.5420434,-0.19408654,0.6500465,-0.35406607,-1.9461036,-0.98683363,0.6330329
1747679463.5425637,-0.19408654,0.6500465,-0.35406607,-1.9461036,-0.98683363,0.6330329
1747679463.5430822,-0.19408654,0.6500465,-0.35406607,-1.9461036,-0.98683363,0.6330329
1747679463.5436003,-0.19408654,0.6500465,-0.35406607,-1.9461036,-0.98683363,0.6330329
1747679463.5441284,-0.19408654,0.6500465,-0.35406607,-1.9461036,-0.98683363,0.6330329
1747679463.5446627,-0.19408654,0.6500465,-0.35406607,-1.9461036,-0.98683363,0.6330329
1747679463.5451832,-0.19408654,0.6500465,-0.35406607,-1.9461036,-0.98683363,0.6330329
1747679463.5457017,-0.19408654,0.6500465,-0.35406607,-1.9461036,-0.98683363,0.6330329
1747679463.5462198,-0.19408654,0.6500465,-0.35406607,-1.9461036,-0.98683363,0.6330329
1747679463.546738,-0.19408654,0.6500465,-0.35406607,-1.9461036,-0.98683363,0.6330329
1747679463.5472562,-0.19408654,0.6500465,-0.35406607,-1.9461036,-0.98683363,0.6330329
1747679463.5478013,-0.19408654,0.6500465,-0.35406607,-1.9461036,-0.98683363,0.6330329
1747679463.5483541,-0.19408654,0.6500465,-0.35406607,-1.9461036,-0.98683363,0.6330329
1747679463.5489252,-0.19408654,0.6500465,-0.35406607,-1.9461036,-0.98683363,0.6330329
1747679463.549459,-0.19408654,0.6500465,-0.35406607,-1.9461036,-0.98683363,0.6330329
1747679463.549979,-0.19408654,0.6500465,-0.35406607,-1.9461036,-0.98683363,0.6330329
1747679463.5504975,-0.19408654,0.6500465,-0.35406607,-1.9461036,-0.98683363,0.6330329
1747679463.5510159,-0.19408654,0.6500465,-0.35406607,-1.9461036,-0.98683363,0.6330329
1747679463.5515347,-0.19408654,0.6500465,-0.35406607,-1.9461036,-0.98683363,0.6330329
1747679463.552053,-0.19408654,0.6500465,-0.35406607,-1.9461036,-0.98683363,0.6330329
1747679463.5525973,-0.19408654,0.6500465,-0.35406607,-1.9461036,-0.98683363,0.6330329
1747679463.5531635,-0.19408654,0.6500465,-0.35406607,-1.9461036,-0.98683363,0.6330329
1747679463.5537164,-0.19408654,0.6500465,-0.35406607,-1.9461036,-0.98683363,0.6330329
1747679463.554263,-0.19408654,0.6500465,-0.35406607,-1.9461036,-0.98683363,0.6330329
1747679463.5548122,-0.19408654,0.6500465,-0.35406607,-1.9461036,-0.98683363,0.6330329
1747679463.555337,-0.19408654,0.6500465,-0.35406607,-1.9461036,-0.98683363,0.6330329
1747679463.555858,-0.19408654,0.6500465,-0.35406607,-1.9461036,-0.98683363,0.6330329
1747679463.5563796,-0.083284535,0.66517806,-0.29695666,-2.0760658,-0.9815073,0.6074666
1747679463.5568988,-0.083284535,0.66517806,-0.29695666,-2.0760658,-0.9815073,0.6074666
1747679463.5574167,-0.083284535,0.66517806,-0.29695666,-2.0760658,-0.9815073,0.6074666
1747679463.5579348,-0.083284535,0.66517806,-0.29695666,-2.0760658,-0.9815073,0.6074666
1747679463.5584528,-0.083284535,0.66517806,-0.29695666,-2.0760658,-0.9815073,0.6074666
1747679463.5589712,-0.083284535,0.66517806,-0.29695666,-2.0760658,-0.9815073,0.6074666
1747679463.559489,-0.083284535,0.66517806,-0.29695666,-2.0760658,-0.9815073,0.6074666
1747679463.5600073,-0.083284535,0.66517806,-0.29695666,-2.0760658,-0.9815073,0.6074666
1747679463.5605283,-0.083284535,0.66517806,-0.29695666,-2.0760658,-0.9815073,0.6074666
1747679463.5610497,-0.083284535,0.66517806,-0.29695666,-2.0760658,-0.9815073,0.6074666
1747679463.5615697,-0.083284535,0.66517806,-0.29695666,-2.0760658,-0.9815073,0.6074666
1747679463.5620906,-0.083284535,0.66517806,-0.29695666,-2.0760658,-0.9815073,0.6074666
1747679463.5626123,-0.083284535,0.66517806,-0.29695666,-2.0760658,-0.9815073,0.6074666
1747679463.5631378,-0.083284535,0.66517806,-0.29695666,-2.0760658,-0.9815073,0.6074666
1747679463.5636764,-0.052045207,0.68323827,-0.27059847,-2.0760658,-0.9815073,0.6074666
1747679463.5642767,-0.052045207,0.68323827,-0.27059847,-2.2252026,-0.98044205,0.5339634
1747679463.5648258,-0.052045207,0.68323827,-0.27059847,-2.2252026,-0.98044205,0.5339634
1747679463.5653708,-0.052045207,0.68323827,-0.27059847,-2.2252026,-0.98044205,0.5339634
1747679463.5659063,-0.052045207,0.68323827,-0.27059847,-2.2252026,-0.98044205,0.5339634
1747679463.566428,-0.052045207,0.68323827,-0.27059847,-2.2252026,-0.98044205,0.5339634
1747679463.5669491,-0.052045207,0.68323827,-0.27059847,-2.2252026,-0.98044205,0.5339634
1747679463.5674708,-0.052045207,0.68323827,-0.27059847,-2.2252026,-0.98044205,0.5339634
1747679463.5680156,-0.052045207,0.68323827,-0.27059847,-2.2252026,-0.98044205,0.5339634
1747679463.5685644,-0.052045207,0.68323827,-0.27059847,-2.2252026,-0.98044205,0.5339634
1747679463.5690935,-0.052045207,0.68323827,-0.27059847,-2.2252026,-0.98044205,0.5339634
1747679463.5696151,-0.052045207,0.68323827,-0.27059847,-2.2252026,-0.98044205,0.5339634
1747679463.5701365,-0.052045207,0.68323827,-0.27059847,-2.2252026,-0.98044205,0.5339634
1747679463.5706573,-0.052045207,0.68323827,-0.27059847,-2.2252026,-0.98044205,0.5339634
1747679463.571178,-0.052045207,0.68323827,-0.27059847,-2.2252026,-0.98044205,0.5339634
1747679463.571699,-0.052045207,0.68323827,-0.27059847,-2.2252026,-0.98044205,0.5339634
1747679463.5722194,-0.052045207,0.68323827,-0.27059847,-2.2252026,-0.98044205,0.5339634
1747679463.57274,-0.052045207,0.68323827,-0.27059847,-2.2252026,-0.98044205,0.5339634
1747679463.5732608,-0.052045207,0.68323827,-0.27059847,-2.2252026,-0.98044205,0.5339634
1747679463.5737903,-0.010555476,0.6920243,-0.25351447,-2.3956447,-0.9165262,0.46791705
1747679463.5743234,-0.010555476,0.6920243,-0.25351447,-2.3956447,-0.9165262,0.46791705
1747679463.574846,-0.010555476,0.6920243,-0.25351447,-2.3956447,-0.9165262,0.46791705
1747679463.5753698,-0.010555476,0.6920243,-0.25351447,-2.3956447,-0.9165262,0.46791705
1747679463.5758774,-0.010555476,0.6920243,-0.25351447,-2.3956447,-0.9165262,0.46791705
1747679463.576396,-0.010555476,0.6920243,-0.25351447,-2.3956447,-0.9165262,0.46791705
1747679463.5769138,-0.010555476,0.6920243,-0.25351447,-2.3956447,-0.9165262,0.46791705
1747679463.577432,-0.010555476,0.6920243,-0.25351447,-2.3956447,-0.9165262,0.46791705
1747679463.57795,-0.010555476,0.6920243,-0.25351447,-2.3956447,-0.9165262,0.46791705
1747679463.578468,-0.010555476,0.6920243,-0.25351447,-2.3956447,-0.9165262,0.46791705
1747679463.5790133,-0.010555476,0.6920243,-0.25351447,-2.3956447,-0.9165262,0.46791705
1747679463.579568,-0.010555476,0.6920243,-0.25351447,-2.3956447,-0.9165262,0.46791705
1747679463.5801203,-0.010555476,0.6920243,-0.25351447,-2.3956447,-0.9165262,0.46791705
1747679463.5806859,-0.010555476,0.6920243,-0.25351447,-2.3956447,-0.9165262,0.46791705
1747679463.5812197,-0.010555476,0.6920243,-0.25351447,-2.3956447,-0.9165262,0.46791705
1747679463.581739,-0.010555476,0.6920243,-0.25351447,-2.3956447,-0.9165262,0.46791705
1747679463.5822575,-0.010555476,0.6920243,-0.25351447,-2.3956447,-0.9165262,0.46791705
1747679463.582776,-0.010555476,0.6920243,-0.25351447,-2.3956447,-0.9165262,0.46791705
1747679463.5833502,-0.010555476,0.6920243,-0.25351447,-2.3956447,-0.9165262,0.46791705
1747679463.5839093,-0.010555476,0.6920243,-0.25351447,-2.3956447,-0.9165262,0.46791705
1747679463.584461,0.050458837,0.6910481,-0.20177433,-2.6044364,-0.79295564,0.36352122
1747679463.58515,0.050458837,0.6910481,-0.20177433,-2.6044364,-0.79295564,0.36352122
1747679463.5856864,0.050458837,0.6910481,-0.20177433,-2.6044364,-0.79295564,0.36352122
1747679463.5862064,0.050458837,0.6910481,-0.20177433,-2.6044364,-0.79295564,0.36352122
1747679463.5867252,0.050458837,0.6910481,-0.20177433,-2.6044364,-0.79295564,0.36352122
1747679463.5872436,0.050458837,0.6910481,-0.20177433,-2.6044364,-0.79295564,0.36352122
1747679463.5877616,0.050458837,0.6910481,-0.20177433,-2.6044364,-0.79295564,0.36352122
1747679463.5882797,0.050458837,0.6910481,-0.20177433,-2.6044364,-0.79295564,0.36352122
1747679463.5887988,0.050458837,0.6910481,-0.20177433,-2.6044364,-0.79295564,0.36352122
1747679463.589317,0.050458837,0.6910481,-0.20177433,-2.6044364,-0.79295564,0.36352122
1747679463.5898361,0.030446142,0.6807977,-0.10610388,-2.8036408,-0.649145,0.2378201
1747679463.5903547,0.030446142,0.6807977,-0.10610388,-2.8036408,-0.649145,0.2378201
1747679463.5908732,0.030446142,0.6807977,-0.10610388,-2.8036408,-0.649145,0.2378201
1747679463.591392,0.030446142,0.6807977,-0.10610388,-2.8036408,-0.649145,0.2378201
1747679463.5919104,0.030446142,0.6807977,-0.10610388,-2.8036408,-0.649145,0.2378201
1747679463.5924284,0.030446142,0.6807977,-0.10610388,-2.8036408,-0.649145,0.2378201
1747679463.5929468,0.030446142,0.6807977,-0.10610388,-2.8036408,-0.649145,0.2378201
1747679463.5934649,0.030446142,0.6807977,-0.10610388,-2.8036408,-0.649145,0.2378201
1747679463.5939934,0.030446142,0.6807977,-0.10610388,-2.8036408,-0.649145,0.2378201
1747679463.594558,0.030446142,0.6807977,-0.10610388,-2.8036408,-0.649145,0.2378201
1747679463.5951374,0.030446142,0.6807977,-0.10610388,-2.8036408,-0.649145,0.2378201
1747679463.5957122,0.030446142,0.6807977,-0.10610388,-2.8036408,-0.649145,0.2378201
1747679463.5962455,0.030446142,0.6807977,-0.10610388,-2.8036408,-0.649145,0.2378201
1747679463.596765,0.030446142,0.6807977,-0.10610388,-2.8036408,-0.649145,0.2378201
1747679463.5972836,0.030446142,0.6807977,-0.10610388,-2.8036408,-0.649145,0.2378201
1747679463.597802,0.030446142,0.6807977,-0.10610388,-2.8036408,-0.649145,0.2378201
1747679463.5983205,0.030446142,0.6807977,-0.10610388,-2.8036408,-0.649145,0.2378201
1747679463.598863,0.030446142,0.6807977,-0.10610388,-2.8036408,-0.649145,0.2378201
1747679463.5994108,0.030446142,0.6807977,-0.10610388,-2.8036408,-0.649145,0.2378201
1747679463.5999365,-0.041794803,0.66517806,0.011531705,-2.9634304,-0.48615968,0.1792306
1747679463.6004553,-0.041794803,0.66517806,0.011531705,-2.9634304,-0.48615968,0.1792306
1747679463.6009738,-0.041794803,0.66517806,0.011531705,-2.9634304,-0.48615968,0.1792306
1747679463.601493,-0.041794803,0.66517806,0.011531705,-2.9634304,-0.48615968,0.1792306
1747679463.6020112,-0.041794803,0.66517806,0.011531705,-2.9634304,-0.48615968,0.1792306
1747679463.602529,-0.041794803,0.66517806,0.011531705,-2.9634304,-0.48615968,0.1792306
1747679463.603047,-0.041794803,0.66517806,0.011531705,-2.9634304,-0.48615968,0.1792306
1747679463.6035652,-0.041794803,0.66517806,0.011531705,-2.9634304,-0.48615968,0.1792306
1747679463.6040926,-0.041794803,0.66517806,0.011531705,-2.9634304,-0.48615968,0.1792306
1747679463.6046214,-0.041794803,0.66517806,0.011531705,-2.9634304,-0.48615968,0.1792306
1747679463.6051412,-0.041794803,0.66517806,0.011531705,-2.9634304,-0.48615968,0.1792306
1747679463.6056595,-0.041794803,0.66517806,0.011531705,-2.9634304,-0.48615968,0.1792306
1747679463.6061773,-0.041794803,0.66517806,0.011531705,-2.9634304,-0.48615968,0.1792306
1747679463.6066954,-0.041794803,0.66517806,0.011531705,-2.9634304,-0.48615968,0.1792306
1747679463.6072133,-0.041794803,0.66517806,0.011531705,-2.9634304,-0.48615968,0.1792306
1747679463.607731,-0.041794803,0.66517806,0.011531705,-2.9634304,-0.48615968,0.1792306
1747679463.6082575,-0.041794803,0.66517806,0.011531705,-2.9634304,-0.48615968,0.1792306
1747679463.608776,-0.041794803,0.66517806,0.011531705,-2.9634304,-0.48615968,0.1792306
1747679463.6092942,-0.041794803,0.66517806,0.011531705,-2.9634304,-0.48615968,0.1792306
1747679463.6098125,-0.16089474,0.64321285,0.12526238,-3.0624998,-0.27630275,0.19840536
1747679463.6103413,-0.16089474,0.64321285,0.12526238,-3.0624998,-0.27630275,0.19840536
1747679463.6109016,-0.16089474,0.64321285,0.12526238,-3.0624998,-0.27630275,0.19840536
1747679463.6114497,-0.16089474,0.64321285,0.12526238,-3.0624998,-0.27630275,0.19840536
1747679463.6119823,-0.16089474,0.64321285,0.12526238,-3.0624998,-0.27630275,0.19840536
1747679463.612502,-0.16089474,0.64321285,0.12526238,-3.0624998,-0.27630275,0.19840536
1747679463.6130202,-0.16089474,0.64321285,0.12526238,-3.0624998,-0.27630275,0.19840536
1747679463.6135383,-0.16089474,0.64321285,0.12526238,-3.0624998,-0.27630275,0.19840536
1747679463.6140852,-0.16089474,0.64321285,0.12526238,-3.0624998,-0.27630275,0.19840536
1747679463.6146476,-0.16089474,0.64321285,0.12526238,-3.0624998,-0.27630275,0.19840536
1747679463.6151996,-0.16089474,0.64321285,0.12526238,-3.0624998,-0.27630275,0.19840536
1747679463.6157458,-0.16089474,0.64321285,0.12526238,-3.0624998,-0.27630275,0.19840536
1747679463.6162784,-0.16089474,0.64321285,0.12526238,-3.0624998,-0.27630275,0.19840536
1747679463.6167982,-0.16089474,0.64321285,0.12526238,-3.0624998,-0.27630275,0.19840536
1747679463.6173162,-0.16089474,0.64321285,0.12526238,-3.0624998,-0.27630275,0.19840536
1747679463.6178348,-0.16089474,0.64321285,0.12526238,-3.0624998,-0.27630275,0.19840536
1747679463.6183534,-0.16089474,0.64321285,0.12526238,-3.0624998,-0.27630275,0.19840536
1747679463.618874,-0.16089474,0.64321285,0.12526238,-3.0624998,-0.27630275,0.19840536
1747679463.6193945,-0.16089474,0.64321285,0.12526238,-3.0624998,-0.27630275,0.19840536
1747679463.6199136,-0.16089474,0.64321285,0.12526238,-3.0891314,-0.06644582,0.33262858
1747679463.6204326,-0.29951924,0.6061162,0.22630209,-3.0891314,-0.06644582,0.33262858
1747679463.6209507,-0.29951924,0.6061162,0.22630209,-3.0891314,-0.06644582,0.33262858
1747679463.6214724,-0.29951924,0.6061162,0.22630209,-3.0891314,-0.06644582,0.33262858
1747679463.6219926,-0.29951924,0.6061162,0.22630209,-3.0891314,-0.06644582,0.33262858
1747679463.6225111,-0.29951924,0.6061162,0.22630209,-3.0891314,-0.06644582,0.33262858
1747679463.6230292,-0.29951924,0.6061162,0.22630209,-3.0891314,-0.06644582,0.33262858
1747679463.6235476,-0.29951924,0.6061162,0.22630209,-3.0891314,-0.06644582,0.33262858
1747679463.6240764,-0.29951924,0.6061162,0.22630209,-3.0891314,-0.06644582,0.33262858
1747679463.6246119,-0.29951924,0.6061162,0.22630209,-3.0891314,-0.06644582,0.33262858
1747679463.6251316,-0.29951924,0.6061162,0.22630209,-3.0891314,-0.06644582,0.33262858
1747679463.6256497,-0.29951924,0.6061162,0.22630209,-3.0891314,-0.06644582,0.33262858
1747679463.6261992,-0.29951924,0.6061162,0.22630209,-3.0891314,-0.06644582,0.33262858
1747679463.6267536,-0.29951924,0.6061162,0.22630209,-3.0891314,-0.06644582,0.33262858
1747679463.6273212,-0.29951924,0.6061162,0.22630209,-3.0891314,-0.06644582,0.33262858
1747679463.6278546,-0.29951924,0.6061162,0.22630209,-3.0891314,-0.06644582,0.33262858
1747679463.6283743,-0.29951924,0.6061162,0.22630209,-3.0891314,-0.06644582,0.33262858
1747679463.6288927,-0.29951924,0.6061162,0.22630209,-3.0891314,-0.06644582,0.33262858
1747679463.6294365,-0.25119594,0.5597453,0.3351516,-3.0891314,-0.06644582,0.33262858
1747679463.6299822,-0.25119594,0.5597453,0.3351516,-3.0891314,-0.06644582,0.33262858
1747679463.6305082,-0.25119594,0.5597453,0.3351516,-3.0891314,-0.06644582,0.33262858
1747679463.6310277,-0.25119594,0.5597453,0.3351516,-3.030542,0.050733183,0.5328981
1747679463.631546,-0.25119594,0.5597453,0.3351516,-3.030542,0.050733183,0.5328981
1747679463.6320646,-0.25119594,0.5597453,0.3351516,-3.030542,0.050733183,0.5328981
1747679463.6325824,-0.25119594,0.5597453,0.3351516,-3.030542,0.050733183,0.5328981
1747679463.6331005,-0.25119594,0.5597453,0.3351516,-3.030542,0.050733183,0.5328981
1747679463.6336184,-0.25119594,0.5597453,0.3351516,-3.030542,0.050733183,0.5328981
1747679463.6341462,-0.25119594,0.5597453,0.3351516,-3.030542,0.050733183,0.5328981
1747679463.6346803,-0.25119594,0.5597453,0.3351516,-3.030542,0.050733183,0.5328981
1747679463.6352005,-0.25119594,0.5597453,0.3351516,-3.030542,0.050733183,0.5328981
1747679463.6357183,-0.25119594,0.5597453,0.3351516,-3.030542,0.050733183,0.5328981
1747679463.636236,-0.25119594,0.5597453,0.3351516,-3.030542,0.050733183,0.5328981
1747679463.636754,-0.25119594,0.5597453,0.3351516,-3.030542,0.050733183,0.5328981
1747679463.6373076,-0.25119594,0.5597453,0.3351516,-3.030542,0.050733183,0.5328981
1747679463.6378295,-0.25119594,0.5597453,0.3351516,-3.030542,0.050733183,0.5328981
1747679463.6383483,-0.25119594,0.5597453,0.3351516,-3.030542,0.050733183,0.5328981
1747679463.638866,-0.25119594,0.5597453,0.3351516,-3.030542,0.050733183,0.5328981
1747679463.6393843,-0.25119594,0.5597453,0.3351516,-3.030542,0.050733183,0.5328981
1747679463.6399038,-0.25119594,0.5597453,0.3351516,-3.030542,0.050733183,0.5328981
1747679463.6404283,-0.041794803,0.5660908,0.48890767,-2.8419902,-0.050466865,0.59361815
1747679463.6409547,-0.041794803,0.5660908,0.48890767,-2.8419902,-0.050466865,0.59361815
1747679463.6415062,-0.041794803,0.5660908,0.48890767,-2.8419902,-0.050466865,0.59361815
1747679463.6420553,-0.041794803,0.5660908,0.48890767,-2.8419902,-0.050466865,0.59361815
1747679463.6425881,-0.041794803,0.5660908,0.48890767,-2.8419902,-0.050466865,0.59361815
1747679463.6431086,-0.041794803,0.5660908,0.48890767,-2.8419902,-0.050466865,0.59361815
1747679463.643627,-0.041794803,0.5660908,0.48890767,-2.8419902,-0.050466865,0.59361815
1747679463.6441455,-0.041794803,0.5660908,0.48890767,-2.8419902,-0.050466865,0.59361815
1747679463.644783,-0.041794803,0.5660908,0.48890767,-2.8419902,-0.050466865,0.59361815
1747679463.6453493,-0.041794803,0.5660908,0.48890767,-2.8419902,-0.050466865,0.59361815
1747679463.6459045,-0.041794803,0.5660908,0.48890767,-2.8419902,-0.050466865,0.59361815
1747679463.6465192,-0.041794803,0.5660908,0.48890767,-2.8419902,-0.050466865,0.59361815
1747679463.647066,-0.041794803,0.5660908,0.48890767,-2.8419902,-0.050466865,0.59361815
1747679463.6475992,-0.041794803,0.5660908,0.48890767,-2.8419902,-0.050466865,0.59361815
1747679463.648119,-0.041794803,0.5660908,0.48890767,-2.8419902,-0.050466865,0.59361815
1747679463.6486375,-0.041794803,0.5660908,0.48890767,-2.8419902,-0.050466865,0.59361815
1747679463.6491556,-0.041794803,0.5660908,0.48890767,-2.8419902,-0.050466865,0.59361815
1747679463.649674,-0.041794803,0.5660908,0.48890767,-2.8419902,-0.050466865,0.59361815
1747679463.6501925,-0.041794803,0.5660908,0.48890767,-2.8419902,-0.050466865,0.59361815
1747679463.65071,-0.041794803,0.5660908,0.48890767,-2.8419902,-0.050466865,0.59361815
1747679463.6512284,-0.041794803,0.5660908,0.48890767,-2.8419902,-0.050466865,0.59361815
1747679463.6517463,-0.041794803,0.5660908,0.48890767,-2.8419902,-0.050466865,0.59361815
1747679463.6522686,-0.041794803,0.5660908,0.48890767,-2.8419902,-0.050466865,0.59361815
1747679463.6527917,-0.041794803,0.5660908,0.48890767,-2.5767395,-0.39880806,0.5126581
1747679463.653312,-0.041794803,0.5660908,0.48890767,-2.5767395,-0.39880806,0.5126581
1747679463.6538484,0.101710856,0.6197834,0.5899474,-2.5767395,-0.39880806,0.5126581
1747679463.654388,0.101710856,0.6197834,0.5899474,-2.5767395,-0.39880806,0.5126581
1747679463.6549115,0.101710856,0.6197834,0.5899474,-2.5767395,-0.39880806,0.5126581
1747679463.65543,0.101710856,0.6197834,0.5899474,-2.5767395,-0.39880806,0.5126581
1747679463.6559484,0.101710856,0.6197834,0.5899474,-2.5767395,-0.39880806,0.5126581
1747679463.6564665,0.101710856,0.6197834,0.5899474,-2.5767395,-0.39880806,0.5126581
1747679463.656989,0.101710856,0.6197834,0.5899474,-2.5767395,-0.39880806,0.5126581
1747679463.6575403,0.101710856,0.6197834,0.5899474,-2.5767395,-0.39880806,0.5126581
1747679463.6580894,0.101710856,0.6197834,0.5899474,-2.5767395,-0.39880806,0.5126581
1747679463.658623,0.101710856,0.6197834,0.5899474,-2.5767395,-0.39880806,0.5126581
1747679463.6591427,0.101710856,0.6197834,0.5899474,-2.5767395,-0.39880806,0.5126581
1747679463.6596613,0.101710856,0.6197834,0.5899474,-2.5767395,-0.39880806,0.5126581
1747679463.6602013,0.101710856,0.6197834,0.5899474,-2.5767395,-0.39880806,0.5126581
1747679463.6607537,0.101710856,0.6197834,0.5899474,-2.5767395,-0.39880806,0.5126581
1747679463.6612933,0.101710856,0.6197834,0.5899474,-2.5767395,-0.39880806,0.5126581
1747679463.6618195,0.101710856,0.6197834,0.5899474,-2.5767395,-0.39880806,0.5126581
1747679463.6623406,0.101710856,0.6197834,0.5899474,-2.5767395,-0.39880806,0.5126581
1747679463.6629064,0.101710856,0.6197834,0.5899474,-2.5767395,-0.39880806,0.5126581
1747679463.6634514,0.12514035,0.6876313,0.5933642,-2.210289,-1.1381011,0.32197595
1747679463.6639867,0.12514035,0.6876313,0.5933642,-2.210289,-1.1381011,0.32197595
1747679463.6645272,0.12514035,0.6876313,0.5933642,-2.210289,-1.1381011,0.32197595
1747679463.6650517,0.12514035,0.6876313,0.5933642,-2.210289,-1.1381011,0.32197595
1747679463.6655724,0.12514035,0.6876313,0.5933642,-2.210289,-1.1381011,0.32197595
1747679463.6660936,0.12514035,0.6876313,0.5933642,-2.210289,-1.1381011,0.32197595
1747679463.6666143,0.12514035,0.6876313,0.5933642,-2.210289,-1.1381011,0.32197595
1747679463.6671352,0.12514035,0.6876313,0.5933642,-2.210289,-1.1381011,0.32197595
1747679463.6676567,0.12514035,0.6876313,0.5933642,-2.210289,-1.1381011,0.32197595
1747679463.6681778,0.12514035,0.6876313,0.5933642,-2.210289,-1.1381011,0.32197595
1747679463.668698,0.12514035,0.6876313,0.5933642,-2.210289,-1.1381011,0.32197595
1747679463.6692188,0.12514035,0.6876313,0.5933642,-2.210289,-1.1381011,0.32197595
1747679463.6697395,0.12514035,0.6876313,0.5933642,-2.210289,-1.1381011,0.32197595
1747679463.6702604,0.12514035,0.6876313,0.5933642,-2.210289,-1.1381011,0.32197595
1747679463.670781,0.12514035,0.6876313,0.5933642,-2.210289,-1.1381011,0.32197595
1747679463.6713016,0.12514035,0.6876313,0.5933642,-2.210289,-1.1381011,0.32197595
1747679463.6718223,0.12514035,0.6876313,0.5933642,-2.210289,-1.1381011,0.32197595
1747679463.672343,0.12514035,0.6876313,0.5933642,-2.210289,-1.1381011,0.32197595
1747679463.6728694,0.12514035,0.6876313,0.5933642,-2.210289,-1.1381011,0.32197595
1747679463.6734784,0.12514035,0.6876313,0.5933642,-2.210289,-1.1381011,0.32197595
1747679463.674034,0.12514035,0.6876313,0.5933642,-2.210289,-1.1381011,0.32197595
1747679463.6745844,0.012385906,0.68665504,0.43472698,-1.968474,-2.0499668,0.17496955
1747679463.6753187,0.012385906,0.68665504,0.43472698,-1.968474,-2.0499668,0.17496955
1747679463.6761794,0.012385906,0.68665504,0.43472698,-1.968474,-2.0499668,0.17496955
1747679463.6771061,0.012385906,0.68665504,0.43472698,-1.968474,-2.0499668,0.17496955
1747679463.677639,0.012385906,0.68665504,0.43472698,-1.968474,-2.0499668,0.17496955
1747679463.6781585,0.012385906,0.68665504,0.43472698,-1.968474,-2.0499668,0.17496955
1747679463.678677,0.012385906,0.68665504,0.43472698,-1.968474,-2.0499668,0.17496955
1747679463.6791992,0.012385906,0.68665504,0.43472698,-1.968474,-2.0499668,0.17496955
1747679463.6797197,0.012385906,0.68665504,0.43472698,-1.968474,-2.0499668,0.17496955
1747679463.680238,0.012385906,0.68665504,0.43472698,-1.968474,-2.0499668,0.17496955
1747679463.6807566,0.012385906,0.68665504,0.43472698,-1.968474,-2.0499668,0.17496955
1747679463.6812747,0.012385906,0.68665504,0.43472698,-1.968474,-2.0499668,0.17496955
1747679463.6817973,-0.15406114,0.6105092,0.38298684,-1.9738004,-2.454767,0.2175801
1747679463.6823177,-0.15406114,0.6105092,0.38298684,-1.9738004,-2.454767,0.2175801
1747679463.6828363,-0.15406114,0.6105092,0.38298684,-1.9738004,-2.454767,0.2175801
1747679463.6833544,-0.15406114,0.6105092,0.38298684,-1.9738004,-2.454767,0.2175801
1747679463.6838722,-0.15406114,0.6105092,0.38298684,-1.9738004,-2.454767,0.2175801
1747679463.6844072,-0.15406114,0.6105092,0.38298684,-1.9738004,-2.454767,0.2175801
1747679463.6849546,-0.15406114,0.6105092,0.38298684,-1.9738004,-2.454767,0.2175801
1747679463.6854787,-0.15406114,0.6105092,0.38298684,-1.9738004,-2.454767,0.2175801
1747679463.6859968,-0.15406114,0.6105092,0.38298684,-1.9738004,-2.454767,0.2175801
1747679463.6865149,-0.15406114,0.6105092,0.38298684,-1.9738004,-2.454767,0.2175801
1747679463.687033,-0.15406114,0.6105092,0.38298684,-1.9738004,-2.454767,0.2175801
1747679463.6875553,-0.15406114,0.6105092,0.38298684,-1.9738004,-2.454767,0.2175801
1747679463.6880767,-0.15406114,0.6105092,0.38298684,-1.9738004,-2.454767,0.2175801
1747679463.6886039,-0.277066,0.5729244,0.38054627,-2.0632825,-2.4281354,0.46259072
1747679463.689215,-0.277066,0.5729244,0.38054627,-2.0632825,-2.4281354,0.46259072
1747679463.6897624,-0.277066,0.5729244,0.38054627,-2.0632825,-2.4281354,0.46259072
1747679463.6903071,-0.277066,0.5729244,0.38054627,-2.0632825,-2.4281354,0.46259072
1747679463.6908553,-0.277066,0.5729244,0.38054627,-2.0632825,-2.4281354,0.46259072
1747679463.6913805,-0.277066,0.5729244,0.38054627,-2.0632825,-2.4281354,0.46259072
1747679463.6918988,-0.277066,0.5729244,0.38054627,-2.0632825,-2.4281354,0.46259072
1747679463.6924176,-0.277066,0.5729244,0.38054627,-2.0632825,-2.4281354,0.46259072
1747679463.692936,-0.277066,0.5729244,0.38054627,-2.0632825,-2.4281354,0.46259072
1747679463.693468,-0.277066,0.5729244,0.38054627,-2.0632825,-2.4281354,0.46259072
1747679463.6940055,-0.277066,0.5729244,0.38054627,-2.0632825,-2.4281354,0.46259072
1747679463.694528,-0.277066,0.5729244,0.38054627,-2.0632825,-2.4281354,0.46259072
1747679463.6950464,-0.277066,0.5729244,0.38054627,-2.0632825,-2.4281354,0.46259072
1747679463.6955643,-0.277066,0.5729244,0.38054627,-2.0632825,-2.4281354,0.46259072
1747679463.6960824,-0.277066,0.5729244,0.38054627,-2.0632825,-2.4281354,0.46259072
1747679463.6966007,-0.277066,0.5729244,0.38054627,-2.0632825,-2.4281354,0.46259072
1747679463.6971183,-0.277066,0.5729244,0.38054627,-2.0632825,-2.4281354,0.46259072
1747679463.6976361,-0.277066,0.5729244,0.38054627,-2.0632825,-2.4281354,0.46259072
1747679463.698154,-0.277066,0.5729244,0.38054627,-2.0632825,-2.4281354,0.46259072
1747679463.6986718,-0.277066,0.5729244,0.38054627,-2.0632825,-2.4281354,0.46259072
1747679463.6991894,-0.277066,0.5729244,0.38054627,-2.0632825,-2.4281354,0.46259072
1747679463.6997068,-0.277066,0.5729244,0.38054627,-2.0632825,-2.4281354,0.46259072
1747679463.700227,-0.277066,0.5729244,0.38054627,-2.0632825,-2.4281354,0.46259072
1747679463.7007515,-0.277066,0.5729244,0.38054627,-2.2283983,-2.0947077,0.8002793
1747679463.7012749,-0.30976966,0.54949486,0.36834338,-2.2283983,-2.0947077,0.8002793
1747679463.7017946,-0.30976966,0.54949486,0.36834338,-2.2283983,-2.0947077,0.8002793
1747679463.7023127,-0.30976966,0.54949486,0.36834338,-2.2283983,-2.0947077,0.8002793
1747679463.7028306,-0.30976966,0.54949486,0.36834338,-2.2283983,-2.0947077,0.8002793
1747679463.703353,-0.30976966,0.54949486,0.36834338,-2.2283983,-2.0947077,0.8002793
1747679463.7039046,-0.30976966,0.54949486,0.36834338,-2.2283983,-2.0947077,0.8002793
1747679463.7044663,-0.30976966,0.54949486,0.36834338,-2.2283983,-2.0947077,0.8002793
1747679463.7050142,-0.30976966,0.54949486,0.36834338,-2.2283983,-2.0947077,0.8002793
1747679463.7056737,-0.30976966,0.54949486,0.36834338,-2.2283983,-2.0947077,0.8002793
1747679463.7062368,-0.30976966,0.54949486,0.36834338,-2.2283983,-2.0947077,0.8002793
1747679463.706784,-0.30976966,0.54949486,0.36834338,-2.2283983,-2.0947077,0.8002793
1747679463.7073247,-0.30976966,0.54949486,0.36834338,-2.2283983,-2.0947077,0.8002793
1747679463.7078576,-0.30976966,0.54949486,0.36834338,-2.2283983,-2.0947077,0.8002793
1747679463.708382,-0.2267902,0.48067075,0.35711676,-2.2283983,-2.0947077,0.8002793
1747679463.7089028,-0.2267902,0.48067075,0.35711676,-2.2283983,-2.0947077,0.8002793
1747679463.7094245,-0.2267902,0.48067075,0.35711676,-2.43719,-1.525857,1.1187931
1747679463.7099462,-0.2267902,0.48067075,0.35711676,-2.43719,-1.525857,1.1187931
1747679463.7104669,-0.2267902,0.48067075,0.35711676,-2.43719,-1.525857,1.1187931
1747679463.7109866,-0.2267902,0.48067075,0.35711676,-2.43719,-1.525857,1.1187931
1747679463.7115045,-0.2267902,0.48067075,0.35711676,-2.43719,-1.525857,1.1187931
1747679463.7120223,-0.2267902,0.48067075,0.35711676,-2.43719,-1.525857,1.1187931
1747679463.7125404,-0.2267902,0.48067075,0.35711676,-2.43719,-1.525857,1.1187931
1747679463.7130585,-0.2267902,0.48067075,0.35711676,-2.43719,-1.525857,1.1187931
1747679463.7135766,-0.2267902,0.48067075,0.35711676,-2.43719,-1.525857,1.1187931
1747679463.7141106,-0.2267902,0.48067075,0.35711676,-2.43719,-1.525857,1.1187931
1747679463.7146566,-0.2267902,0.48067075,0.35711676,-2.43719,-1.525857,1.1187931
1747679463.715181,-0.2267902,0.48067075,0.35711676,-2.43719,-1.525857,1.1187931
1747679463.7156997,-0.2267902,0.48067075,0.35711676,-2.43719,-1.525857,1.1187931
1747679463.7162178,-0.2267902,0.48067075,0.35711676,-2.43719,-1.525857,1.1187931
1747679463.7167358,-0.2267902,0.48067075,0.35711676,-2.43719,-1.525857,1.1187931
1747679463.7172542,-0.2267902,0.48067075,0.35711676,-2.43719,-1.525857,1.1187931
1747679463.7177718,-0.2267902,0.48067075,0.35711676,-2.43719,-1.525857,1.1187931
1747679463.7182899,-0.2267902,0.48067075,0.35711676,-2.43719,-1.525857,1.1187931
1747679463.7188077,-0.2267902,0.48067075,0.35711676,-2.43719,-1.525857,1.1187931
1747679463.719325,-0.2267902,0.48067075,0.35711676,-2.43719,-1.525857,1.1187931
1747679463.7198477,-0.2267902,0.48067075,0.35711676,-2.43719,-1.525857,1.1187931
1747679463.7204008,-0.2267902,0.48067075,0.35711676,-2.43719,-1.525857,1.1187931
1747679463.72105,-0.2267902,0.48067075,0.35711676,-2.6204154,-1.036901,1.2519511
1747679463.7215953,-0.2267902,0.48067075,0.35711676,-2.6204154,-1.036901,1.2519511
1747679463.7221231,0.27450338,0.40940604,0.5123372,-2.6204154,-1.036901,1.2519511
1747679463.7226462,0.27450338,0.40940604,0.5123372,-2.6204154,-1.036901,1.2519511
1747679463.723166,0.27450338,0.40940604,0.5123372,-2.6204154,-1.036901,1.2519511
1747679463.7236845,0.27450338,0.40940604,0.5123372,-2.6204154,-1.036901,1.2519511
1747679463.7242181,0.27450338,0.40940604,0.5123372,-2.6204154,-1.036901,1.2519511
1747679463.724755,0.27450338,0.40940604,0.5123372,-2.6204154,-1.036901,1.2519511
1747679463.7252777,0.27450338,0.40940604,0.5123372,-2.6204154,-1.036901,1.2519511
1747679463.7257965,0.27450338,0.40940604,0.5123372,-2.6204154,-1.036901,1.2519511
1747679463.7263143,0.27450338,0.40940604,0.5123372,-2.6204154,-1.036901,1.2519511
1747679463.7268326,0.27450338,0.40940604,0.5123372,-2.6204154,-1.036901,1.2519511
1747679463.7273507,0.27450338,0.40940604,0.5123372,-2.6204154,-1.036901,1.2519511
1747679463.727869,0.27450338,0.40940604,0.5123372,-2.6204154,-1.036901,1.2519511
1747679463.728387,0.27450338,0.40940604,0.5123372,-2.6204154,-1.036901,1.2519511
1747679463.7289052,0.27450338,0.40940604,0.5123372,-2.6204154,-1.036901,1.2519511
1747679463.7294233,0.27450338,0.40940604,0.5123372,-2.6204154,-1.036901,1.2519511
1747679463.7299411,0.27450338,0.40940604,0.5123372,-2.6204154,-1.036901,1.2519511
1747679463.7304595,0.27450338,0.40940604,0.5123372,-2.6204154,-1.036901,1.2519511
1747679463.730977,0.27450338,0.40940604,0.5123372,-2.6204154,-1.036901,1.2519511
1747679463.7314951,0.27450338,0.40940604,0.5123372,-2.6204154,-1.036901,1.2519511
1747679463.7320168,0.27450338,0.40940604,0.5123372,-2.6204154,-1.036901,1.2519511
1747679463.7325397,0.66499496,0.5182556,0.8125276,-2.6204154,-1.036901,1.2519511
1747679463.7330592,0.66499496,0.5182556,0.8125276,-2.6204154,-1.036901,1.2519511
1747679463.7335951,0.66499496,0.5182556,0.8125276,-2.4989753,-1.1902989,0.8578035
1747679463.7341332,0.66499496,0.5182556,0.8125276,-2.4989753,-1.1902989,0.8578035
1747679463.7346609,0.66499496,0.5182556,0.8125276,-2.4989753,-1.1902989,0.8578035
1747679463.7352118,0.66499496,0.5182556,0.8125276,-2.4989753,-1.1902989,0.8578035
1747679463.7357602,0.66499496,0.5182556,0.8125276,-2.4989753,-1.1902989,0.8578035
1747679463.7364144,0.66499496,0.5182556,0.8125276,-2.4989753,-1.1902989,0.8578035
1747679463.7369685,0.66499496,0.5182556,0.8125276,-2.4989753,-1.1902989,0.8578035
1747679463.737609,0.66499496,0.5182556,0.8125276,-2.4989753,-1.1902989,0.8578035
1747679463.7381558,0.66499496,0.5182556,0.8125276,-2.4989753,-1.1902989,0.8578035
1747679463.7386887,0.66499496,0.5182556,0.8125276,-2.4989753,-1.1902989,0.8578035
1747679463.7392087,0.66499496,0.5182556,0.8125276,-2.4989753,-1.1902989,0.8578035
1747679463.7397273,0.66499496,0.5182556,0.8125276,-2.4989753,-1.1902989,0.8578035
1747679463.7402458,0.66499496,0.5182556,0.8125276,-2.4989753,-1.1902989,0.8578035
1747679463.740769,0.66499496,0.5182556,0.8125276,-2.1868532,-1.719735,0.32091066
1747679463.7412891,0.66499496,0.5182556,0.8125276,-2.1868532,-1.719735,0.32091066
1747679463.7418113,0.59275407,0.6056281,0.8964833,-2.1868532,-1.719735,0.32091066
1747679463.742331,0.59275407,0.6056281,0.8964833,-2.1868532,-1.719735,0.32091066
1747679463.7428496,0.59275407,0.6056281,0.8964833,-2.1868532,-1.719735,0.32091066
1747679463.743368,0.59275407,0.6056281,0.8964833,-2.1868532,-1.719735,0.32091066
1747679463.7439015,0.59275407,0.6056281,0.8964833,-2.1868532,-1.719735,0.32091066
1747679463.7444403,0.59275407,0.6056281,0.8964833,-2.1868532,-1.719735,0.32091066
1747679463.7449632,0.59275407,0.6056281,0.8964833,-2.1868532,-1.719735,0.32091066
1747679463.745482,0.59275407,0.6056281,0.8964833,-2.1868532,-1.719735,0.32091066
1747679463.7459998,0.59275407,0.6056281,0.8964833,-2.1868532,-1.719735,0.32091066
1747679463.7465184,0.59275407,0.6056281,0.8964833,-2.1868532,-1.719735,0.32091066
1747679463.7470367,0.59275407,0.6056281,0.8964833,-2.1868532,-1.719735,0.32091066
1747679463.7475545,0.59275407,0.6056281,0.8964833,-2.1868532,-1.719735,0.32091066
1747679463.7480726,0.59275407,0.6056281,0.8964833,-2.1868532,-1.719735,0.32091066
1747679463.7485907,0.59275407,0.6056281,0.8964833,-2.1868532,-1.719735,0.32091066
1747679463.7491083,0.59275407,0.6056281,0.8964833,-2.1868532,-1.719735,0.32091066
1747679463.7496262,0.59275407,0.6056281,0.8964833,-2.1868532,-1.719735,0.32091066
1747679463.750144,0.59275407,0.6056281,0.8964833,-2.1868532,-1.719735,0.32091066
1747679463.7506702,0.59275407,0.6056281,0.8964833,-2.1868532,-1.719735,0.32091066
1747679463.7512224,0.59275407,0.6056281,0.8964833,-2.1868532,-1.719735,0.32091066
1747679463.751822,0.59275407,0.6056281,0.8964833,-2.1868532,-1.719735,0.32091066
1747679463.75237,0.59275407,0.6056281,0.8964833,-2.1868532,-1.719735,0.32091066
1747679463.7528975,0.59275407,0.6056281,0.8964833,-2.1868532,-1.719735,0.32091066
1747679463.7534232,0.34723243,0.5807342,0.8032534,-1.932255,-2.3471754,-0.06471477
1747679463.7539594,0.34723243,0.5807342,0.8032534,-1.932255,-2.3471754,-0.06471477
1747679463.7544975,0.34723243,0.5807342,0.8032534,-1.932255,-2.3471754,-0.06471477
1747679463.7550237,0.34723243,0.5807342,0.8032534,-1.932255,-2.3471754,-0.06471477
1747679463.7555425,0.34723243,0.5807342,0.8032534,-1.932255,-2.3471754,-0.06471477
1747679463.7560606,0.34723243,0.5807342,0.8032534,-1.932255,-2.3471754,-0.06471477
1747679463.756579,0.34723243,0.5807342,0.8032534,-1.932255,-2.3471754,-0.06471477
1747679463.7570972,0.34723243,0.5807342,0.8032534,-1.932255,-2.3471754,-0.06471477
1747679463.757615,0.34723243,0.5807342,0.8032534,-1.932255,-2.3471754,-0.06471477
1747679463.758133,0.34723243,0.5807342,0.8032534,-1.932255,-2.3471754,-0.06471477
1747679463.7586515,0.34723243,0.5807342,0.8032534,-1.932255,-2.3471754,-0.06471477
1747679463.7591696,0.34723243,0.5807342,0.8032534,-1.932255,-2.3471754,-0.06471477
1747679463.7596874,0.34723243,0.5807342,0.8032534,-1.932255,-2.3471754,-0.06471477
1747679463.7602053,0.34723243,0.5807342,0.8032534,-1.932255,-2.3471754,-0.06471477
1747679463.7607262,0.34723243,0.5807342,0.8032534,-1.932255,-2.3471754,-0.06471477
1747679463.7612474,0.34723243,0.5807342,0.8032534,-1.932255,-2.3471754,-0.06471477
1747679463.761768,0.34723243,0.5807342,0.8032534,-1.932255,-2.3471754,-0.06471477
1747679463.762289,0.34723243,0.5807342,0.8032534,-1.932255,-2.3471754,-0.06471477
1747679463.7628133,0.34723243,0.5807342,0.8032534,-1.932255,-2.3471754,-0.06471477
1747679463.7633407,0.34723243,0.5807342,0.8032534,-1.9173414,-2.422809,-0.08069372
1747679463.7638674,0.09146046,0.5358277,0.67292684,-1.9173414,-2.422809,-0.08069372
1747679463.764403,0.09146046,0.5358277,0.67292684,-1.9173414,-2.422809,-0.08069372
1747679463.7649448,0.09146046,0.5358277,0.67292684,-1.9173414,-2.422809,-0.08069372
1747679463.7654698,0.09146046,0.5358277,0.67292684,-1.9173414,-2.422809,-0.08069372
1747679463.7659912,0.09146046,0.5358277,0.67292684,-1.9173414,-2.422809,-0.08069372
1747679463.766517,0.09146046,0.5358277,0.67292684,-1.9173414,-2.422809,-0.08069372
1747679463.7675576,0.09146046,0.5358277,0.67292684,-1.9173414,-2.422809,-0.08069372
1747679463.7681139,0.09146046,0.5358277,0.67292684,-1.9173414,-2.422809,-0.08069372
1747679463.7686586,0.09146046,0.5358277,0.67292684,-1.9173414,-2.422809,-0.08069372
1747679463.7691946,0.09146046,0.5358277,0.67292684,-1.9173414,-2.422809,-0.08069372
1747679463.7697165,0.09146046,0.5358277,0.67292684,-1.9173414,-2.422809,-0.08069372
1747679463.7702382,0.09146046,0.5358277,0.67292684,-1.9173414,-2.422809,-0.08069372
1747679463.7707593,0.09146046,0.5358277,0.67292684,-1.9173414,-2.422809,-0.08069372
1747679463.7712803,0.09146046,0.5358277,0.67292684,-1.9173414,-2.422809,-0.08069372
1747679463.7718017,0.09146046,0.5358277,0.67292684,-1.9173414,-2.422809,-0.08069372
1747679463.7723224,0.09146046,0.5358277,0.67292684,-1.9173414,-2.422809,-0.08069372
1747679463.7728493,-0.11061895,0.4933617,0.4933007,-2.1154804,-2.124535,0.12809795
1747679463.7733722,-0.11061895,0.4933617,0.4933007,-2.1154804,-2.124535,0.12809795
1747679463.773907,-0.11061895,0.4933617,0.4933007,-2.1154804,-2.124535,0.12809795
1747679463.7744555,-0.11061895,0.4933617,0.4933007,-2.1154804,-2.124535,0.12809795
1747679463.7749817,-0.11061895,0.4933617,0.4933007,-2.1154804,-2.124535,0.12809795
1747679463.7755063,-0.11061895,0.4933617,0.4933007,-2.1154804,-2.124535,0.12809795
1747679463.7760227,-0.11061895,0.4933617,0.4933007,-2.1154804,-2.124535,0.12809795
1747679463.7765543,-0.11061895,0.4933617,0.4933007,-2.1154804,-2.124535,0.12809795
1747679463.777075,-0.11061895,0.4933617,0.4933007,-2.1154804,-2.124535,0.12809795
1747679463.7775934,-0.11061895,0.4933617,0.4933007,-2.1154804,-2.124535,0.12809795
1747679463.7781112,-0.11061895,0.4933617,0.4933007,-2.1154804,-2.124535,0.12809795
1747679463.7786293,-0.11061895,0.4933617,0.4933007,-2.1154804,-2.124535,0.12809795
1747679463.779147,-0.11061895,0.4933617,0.4933007,-2.1154804,-2.124535,0.12809795
1747679463.7796655,-0.11061895,0.4933617,0.4933007,-2.1154804,-2.124535,0.12809795
1747679463.7801836,-0.11061895,0.4933617,0.4933007,-2.1154804,-2.124535,0.12809795
1747679463.7807016,-0.11061895,0.4933617,0.4933007,-2.1154804,-2.124535,0.12809795
1747679463.7812195,-0.11061895,0.4933617,0.4933007,-2.1154804,-2.124535,0.12809795
1747679463.7817376,-0.11061895,0.4933617,0.4933007,-2.1154804,-2.124535,0.12809795
1747679463.783135,-0.11061895,0.4933617,0.4933007,-2.1154804,-2.124535,0.12809795
1747679463.7836814,-0.11061895,0.4933617,0.4933007,-2.1154804,-2.124535,0.12809795
1747679463.7842293,-0.11061895,0.4933617,0.4933007,-2.1154804,-2.124535,0.12809795
1747679463.7847698,-0.11061895,0.4933617,0.4933007,-2.1154804,-2.124535,0.12809795
1747679463.7852967,-0.11794066,0.42063266,0.4854909,-2.5820658,-1.3895032,0.5030708
1747679463.7858174,-0.11794066,0.42063266,0.4854909,-2.5820658,-1.3895032,0.5030708
1747679463.786336,-0.11794066,0.42063266,0.4854909,-2.5820658,-1.3895032,0.5030708
1747679463.7868538,-0.11794066,0.42063266,0.4854909,-2.5820658,-1.3895032,0.5030708
1747679463.7873724,-0.11794066,0.42063266,0.4854909,-2.5820658,-1.3895032,0.5030708
1747679463.7878902,-0.11794066,0.42063266,0.4854909,-2.5820658,-1.3895032,0.5030708
1747679463.788411,-0.11794066,0.42063266,0.4854909,-2.5820658,-1.3895032,0.5030708
1747679463.788932,-0.11794066,0.42063266,0.4854909,-2.5820658,-1.3895032,0.5030708
1747679463.7894516,-0.11794066,0.42063266,0.4854909,-2.5820658,-1.3895032,0.5030708
1747679463.789971,-0.11794066,0.42063266,0.4854909,-2.5820658,-1.3895032,0.5030708
1747679463.7904902,-0.11794066,0.42063266,0.4854909,-2.5820658,-1.3895032,0.5030708
1747679463.7910085,-0.11794066,0.42063266,0.4854909,-2.5820658,-1.3895032,0.5030708
1747679463.7915266,-0.11794066,0.42063266,0.4854909,-2.5820658,-1.3895032,0.5030708
1747679463.7920449,-0.11794066,0.42063266,0.4854909,-2.5820658,-1.3895032,0.5030708
1747679463.7925632,-0.11794066,0.42063266,0.4854909,-2.5820658,-1.3895032,0.5030708
1747679463.7930834,0.037279744,0.39036956,0.6753674,-2.5820658,-1.3895032,0.5030708
1747679463.793618,0.037279744,0.39036956,0.6753674,-2.5820658,-1.3895032,0.5030708
1747679463.794156,0.037279744,0.39036956,0.6753674,-2.8760786,-0.7492798,0.72890663
1747679463.7946782,0.037279744,0.39036956,0.6753674,-2.8760786,-0.7492798,0.72890663
1747679463.7951968,0.037279744,0.39036956,0.6753674,-2.8760786,-0.7492798,0.72890663
1747679463.795715,0.037279744,0.39036956,0.6753674,-2.8760786,-0.7492798,0.72890663
1747679463.7962332,0.037279744,0.39036956,0.6753674,-2.8760786,-0.7492798,0.72890663
1747679463.796756,0.037279744,0.39036956,0.6753674,-2.8760786,-0.7492798,0.72890663
1747679463.7972777,0.037279744,0.39036956,0.6753674,-2.8760786,-0.7492798,0.72890663
1747679463.7987509,0.037279744,0.39036956,0.6753674,-2.8760786,-0.7492798,0.72890663
1747679463.7993028,0.037279744,0.39036956,0.6753674,-2.8760786,-0.7492798,0.72890663
1747679463.799833,0.037279744,0.39036956,0.6753674,-2.8760786,-0.7492798,0.72890663
1747679463.8003583,0.17980917,0.38646463,0.82765913,-2.8760786,-0.7492798,0.72890663
1747679463.800881,0.17980917,0.38646463,0.82765913,-2.9889965,-0.42543966,0.7779088
1747679463.801401,0.17980917,0.38646463,0.82765913,-2.9889965,-0.42543966,0.7779088
1747679463.8019216,0.17980917,0.38646463,0.82765913,-2.9889965,-0.42543966,0.7779088
1747679463.8024406,0.17980917,0.38646463,0.82765913,-2.9889965,-0.42543966,0.7779088
1747679463.8029592,0.17980917,0.38646463,0.82765913,-2.9889965,-0.42543966,0.7779088
1747679463.8034773,0.17980917,0.38646463,0.82765913,-2.9889965,-0.42543966,0.7779088
1747679463.8040128,0.17980917,0.38646463,0.82765913,-2.9889965,-0.42543966,0.7779088
1747679463.8045583,0.17980917,0.38646463,0.82765913,-2.9889965,-0.42543966,0.7779088
1747679463.8050828,0.17980917,0.38646463,0.82765913,-2.9889965,-0.42543966,0.7779088
1747679463.8056011,0.17980917,0.38646463,0.82765913,-2.9889965,-0.42543966,0.7779088
1747679463.8061197,0.17980917,0.38646463,0.82765913,-2.9889965,-0.42543966,0.7779088
1747679463.8066378,0.17980917,0.38646463,0.82765913,-2.9889965,-0.42543966,0.7779088
1747679463.807156,0.17980917,0.38646463,0.82765913,-2.9889965,-0.42543966,0.7779088
1747679463.8076742,0.17980917,0.38646463,0.82765913,-2.9889965,-0.42543966,0.7779088
1747679463.808192,0.17980917,0.38646463,0.82765913,-2.9889965,-0.42543966,0.7779088
1747679463.80871,0.17980917,0.38646463,0.82765913,-2.9889965,-0.42543966,0.7779088
1747679463.809228,0.17980917,0.38646463,0.82765913,-2.9889965,-0.42543966,0.7779088
1747679463.8097503,0.17980917,0.38646463,0.82765913,-2.9889965,-0.42543966,0.7779088
1747679463.8102703,0.17980917,0.38646463,0.82765913,-2.9889965,-0.42543966,0.7779088
1747679463.8107917,0.46193936,0.36791632,1.1361475,-2.9889965,-0.42543966,0.7779088
1747679463.8113117,0.46193936,0.36791632,1.1361475,-2.9889965,-0.42543966,0.7779088
1747679463.8118324,0.46193936,0.36791632,1.1361475,-2.8835356,-0.43502703,0.56272554
1747679463.812352,0.46193936,0.36791632,1.1361475,-2.8835356,-0.43502703,0.56272554
1747679463.8128746,0.46193936,0.36791632,1.1361475,-2.8835356,-0.43502703,0.56272554
1747679463.813693,0.46193936,0.36791632,1.1361475,-2.8835356,-0.43502703,0.56272554
1747679463.8142474,0.46193936,0.36791632,1.1361475,-2.8835356,-0.43502703,0.56272554
1747679463.8147833,0.46193936,0.36791632,1.1361475,-2.8835356,-0.43502703,0.56272554
1747679463.8153074,0.46193936,0.36791632,1.1361475,-2.8835356,-0.43502703,0.56272554
1747679463.815826,0.46193936,0.36791632,1.1361475,-2.8835356,-0.43502703,0.56272554
1747679463.8163443,0.46193936,0.36791632,1.1361475,-2.8835356,-0.43502703,0.56272554
1747679463.8168628,0.46193936,0.36791632,1.1361475,-2.8835356,-0.43502703,0.56272554
1747679463.8173814,0.46193936,0.36791632,1.1361475,-2.8835356,-0.43502703,0.56272554
1747679463.8178992,0.46193936,0.36791632,1.1361475,-2.8835356,-0.43502703,0.56272554
1747679463.8184214,0.46193936,0.36791632,1.1361475,-2.8835356,-0.43502703,0.56272554
1747679463.8189409,0.46193936,0.36791632,1.1361475,-2.8835356,-0.43502703,0.56272554
1747679463.819462,0.44339103,0.36645198,1.3787404,-2.8835356,-0.43502703,0.56272554
1747679463.8199818,0.44339103,0.36645198,1.3787404,-2.8835356,-0.43502703,0.56272554
1747679463.8205025,0.44339103,0.36645198,1.3787404,-2.8835356,-0.43502703,0.56272554
1747679463.8210237,0.44339103,0.36645198,1.3787404,-2.4638216,-0.87071985,0.22503695
1747679463.821543,0.44339103,0.36645198,1.3787404,-2.4638216,-0.87071985,0.22503695
1747679463.8220613,0.44339103,0.36645198,1.3787404,-2.4638216,-0.87071985,0.22503695
1747679463.8225791,0.44339103,0.36645198,1.3787404,-2.4638216,-0.87071985,0.22503695
1747679463.8230977,0.44339103,0.36645198,1.3787404,-2.4638216,-0.87071985,0.22503695
1747679463.8236318,0.44339103,0.36645198,1.3787404,-2.4638216,-0.87071985,0.22503695
1747679463.8241699,0.44339103,0.36645198,1.3787404,-2.4638216,-0.87071985,0.22503695
1747679463.8246922,0.44339103,0.36645198,1.3787404,-2.4638216,-0.87071985,0.22503695
1747679463.8252106,0.44339103,0.36645198,1.3787404,-2.4638216,-0.87071985,0.22503695
1747679463.8257287,0.44339103,0.36645198,1.3787404,-2.4638216,-0.87071985,0.22503695
1747679463.8262475,0.44339103,0.36645198,1.3787404,-2.4638216,-0.87071985,0.22503695
1747679463.826766,0.44339103,0.36645198,1.3787404,-2.4638216,-0.87071985,0.22503695
1747679463.8272846,0.44339103,0.36645198,1.3787404,-2.4638216,-0.87071985,0.22503695
1747679463.8278027,0.44339103,0.36645198,1.3787404,-2.4638216,-0.87071985,0.22503695
1747679463.828421,0.44339103,0.36645198,1.3787404,-2.4638216,-0.87071985,0.22503695
1747679463.8299327,0.20616737,0.38646463,1.4500052,-1.8417077,-1.5354444,-0.0039947387
1747679463.83048,0.20616737,0.38646463,1.4500052,-1.8417077,-1.5354444,-0.0039947387
1747679463.831013,0.20616737,0.38646463,1.4500052,-1.8417077,-1.5354444,-0.0039947387
1747679463.8315322,0.20616737,0.38646463,1.4500052,-1.8417077,-1.5354444,-0.0039947387
1747679463.8320508,0.20616737,0.38646463,1.4500052,-1.8417077,-1.5354444,-0.0039947387
1747679463.8325691,0.20616737,0.38646463,1.4500052,-1.8417077,-1.5354444,-0.0039947387
1747679463.833088,0.20616737,0.38646463,1.4500052,-1.8417077,-1.5354444,-0.0039947387
1747679463.8336065,0.20616737,0.38646463,1.4500052,-1.8417077,-1.5354444,-0.0039947387
1747679463.8341417,0.20616737,0.38646463,1.4500052,-1.8417077,-1.5354444,-0.0039947387
1747679463.8346868,0.20616737,0.38646463,1.4500052,-1.8417077,-1.5354444,-0.0039947387
1747679463.835211,0.20616737,0.38646463,1.4500052,-1.8417077,-1.5354444,-0.0039947387
1747679463.8357296,0.20616737,0.38646463,1.4500052,-1.8417077,-1.5354444,-0.0039947387
1747679463.836248,0.20616737,0.38646463,1.4500052,-1.8417077,-1.5354444,-0.0039947387
1747679463.8367658,0.20616737,0.38646463,1.4500052,-1.8417077,-1.5354444,-0.0039947387
1747679463.8373294,0.20616737,0.38646463,1.4500052,-1.8417077,-1.5354444,-0.0039947387
1747679463.8378496,0.20616737,0.38646463,1.4500052,-1.8417077,-1.5354444,-0.0039947387
1747679463.8383682,0.20616737,0.38646463,1.4500052,-1.8417077,-1.5354444,-0.0039947387
1747679463.8389359,0.20616737,0.38646463,1.4500052,-1.8417077,-1.5354444,-0.0039947387
1747679463.8394744,0.20616737,0.38646463,1.4500052,-1.8417077,-1.5354444,-0.0039947387
1747679463.8400047,0.20616737,0.38646463,1.4500052,-1.8417077,-1.5354444,-0.0039947387
1747679463.8405306,0.20616737,0.38646463,1.4500052,-1.8417077,-1.5354444,-0.0039947387
1747679463.8410516,0.20616737,0.38646463,1.4500052,-1.8417077,-1.5354444,-0.0039947387
1747679463.841574,-0.06668864,0.3942745,1.300154,-1.2419642,-2.2523668,0.03968107
1747679463.8420947,-0.06668864,0.3942745,1.300154,-1.2419642,-2.2523668,0.03968107
1747679463.8426127,-0.06668864,0.3942745,1.300154,-1.2419642,-2.2523668,0.03968107
1747679463.843131,-0.06668864,0.3942745,1.300154,-1.2419642,-2.2523668,0.03968107
1747679463.8436658,-0.06668864,0.3942745,1.300154,-1.2419642,-2.2523668,0.03968107
1747679463.8442078,-0.06668864,0.3942745,1.300154,-1.2419642,-2.2523668,0.03968107
1747679463.8447633,-0.06668864,0.3942745,1.300154,-1.2419642,-2.2523668,0.03968107
1747679463.8453126,-0.06668864,0.3942745,1.300154,-1.2419642,-2.2523668,0.03968107
1747679463.8458455,-0.06668864,0.3942745,1.300154,-1.2419642,-2.2523668,0.03968107
1747679463.846365,-0.06668864,0.3942745,1.300154,-1.2419642,-2.2523668,0.03968107
1747679463.8468835,-0.06668864,0.3942745,1.300154,-1.2419642,-2.2523668,0.03968107
1747679463.8474016,-0.06668864,0.3942745,1.300154,-1.2419642,-2.2523668,0.03968107
1747679463.8479202,-0.06668864,0.3942745,1.300154,-1.2419642,-2.2523668,0.03968107
1747679463.8484385,-0.06668864,0.3942745,1.300154,-1.2419642,-2.2523668,0.03968107
1747679463.8489566,-0.06668864,0.3942745,1.300154,-1.2419642,-2.2523668,0.03968107
1747679463.8494747,-0.06668864,0.3942745,1.300154,-1.2419642,-2.2523668,0.03968107
1747679463.8499928,-0.06668864,0.3942745,1.300154,-1.2419642,-2.2523668,0.03968107
1747679463.850515,-0.18578859,0.42063266,0.9736054,-0.9010799,-2.7391922,0.31025803
1747679463.8510377,-0.18578859,0.42063266,0.9736054,-0.9010799,-2.7391922,0.31025803
1747679463.8515694,-0.18578859,0.42063266,0.9736054,-0.9010799,-2.7391922,0.31025803
1747679463.8520951,-0.18578859,0.42063266,0.9736054,-0.9010799,-2.7391922,0.31025803
1747679463.8526146,-0.18578859,0.42063266,0.9736054,-0.9010799,-2.7391922,0.31025803
1747679463.8531332,-0.18578859,0.42063266,0.9736054,-0.9010799,-2.7391922,0.31025803
1747679463.8536518,-0.18578859,0.42063266,0.9736054,-0.9010799,-2.7391922,0.31025803
1747679463.854184,-0.18578859,0.42063266,0.9736054,-0.9010799,-2.7391922,0.31025803
1747679463.8547215,-0.18578859,0.42063266,0.9736054,-0.9010799,-2.7391922,0.31025803
1747679463.855244,-0.18578859,0.42063266,0.9736054,-0.9010799,-2.7391922,0.31025803
1747679463.8557622,-0.18578859,0.42063266,0.9736054,-0.9010799,-2.7391922,0.31025803
1747679463.85628,-0.18578859,0.42063266,0.9736054,-0.9010799,-2.7391922,0.31025803
1747679463.8567982,-0.18578859,0.42063266,0.9736054,-0.9010799,-2.7391922,0.31025803
1747679463.8573165,-0.18578859,0.42063266,0.9736054,-0.9010799,-2.7391922,0.31025803
1747679463.8578348,-0.18578859,0.42063266,0.9736054,-0.9010799,-2.7391922,0.31025803
1747679463.858353,-0.18578859,0.42063266,0.9736054,-0.9010799,-2.7391922,0.31025803
1747679463.8589785,-0.18578859,0.42063266,0.9736054,-0.9010799,-2.7391922,0.31025803
1747679463.859541,-0.18578859,0.42063266,0.9736054,-0.9010799,-2.7391922,0.31025803
1747679463.8602257,-0.18578859,0.42063266,0.9736054,-0.9010799,-2.7391922,0.31025803
1747679463.8607864,-0.18578859,0.42063266,0.9736054,-0.9010799,-2.7391922,0.31025803
1747679463.861344,-0.18578859,0.42063266,0.9736054,-0.9010799,-2.7391922,0.31025803
1747679463.8618832,-0.18578859,0.42063266,0.9736054,-0.9010799,-2.7391922,0.31025803
1747679463.8624225,-0.18578859,0.42063266,0.9736054,-0.9010799,-2.7391922,0.31025803
1747679463.8629808,-0.18578859,0.42063266,0.9736054,-0.9010799,-2.7391922,0.31025803
1747679463.8635218,-0.18578859,0.42063266,0.9736054,-1.0342379,-2.827609,0.67564344
1747679463.864062,-0.061319385,0.42697814,0.56212485,-1.0342379,-2.827609,0.67564344
1747679463.8645864,-0.061319385,0.42697814,0.56212485,-1.0342379,-2.827609,0.67564344
1747679463.8651078,-0.061319385,0.42697814,0.56212485,-1.0342379,-2.827609,0.67564344
1747679463.8656285,-0.061319385,0.42697814,0.56212485,-1.0342379,-2.827609,0.67564344
1747679463.8661492,-0.061319385,0.42697814,0.56212485,-1.0342379,-2.827609,0.67564344
1747679463.86667,-0.061319385,0.42697814,0.56212485,-1.0342379,-2.827609,0.67564344
1747679463.8671908,-0.061319385,0.42697814,0.56212485,-1.0342379,-2.827609,0.67564344
1747679463.8677113,-0.061319385,0.42697814,0.56212485,-1.0342379,-2.827609,0.67564344
1747679463.8682318,-0.061319385,0.42697814,0.56212485,-1.0342379,-2.827609,0.67564344
1747679463.8687525,-0.061319385,0.42697814,0.56212485,-1.0342379,-2.827609,0.67564344
1747679463.869273,-0.061319385,0.42697814,0.56212485,-1.0342379,-2.827609,0.67564344
1747679463.8697932,-0.061319385,0.42697814,0.56212485,-1.0342379,-2.827609,0.67564344
1747679463.870324,-0.061319385,0.42697814,0.56212485,-1.0342379,-2.827609,0.67564344
1747679463.8708448,-0.061319385,0.42697814,0.56212485,-1.0342379,-2.827609,0.67564344
1747679463.871454,-0.061319385,0.42697814,0.56212485,-1.2930969,-2.685929,0.79388773
1747679463.8720067,-0.061319385,0.42697814,0.56212485,-1.2930969,-2.685929,0.79388773
1747679463.8725512,-0.061319385,0.42697814,0.56212485,-1.2930969,-2.685929,0.79388773
1747679463.8730855,0.08267439,0.4181921,0.44888228,-1.2930969,-2.685929,0.79388773
1747679463.8736186,0.08267439,0.4181921,0.44888228,-1.2930969,-2.685929,0.79388773
1747679463.8741648,0.08267439,0.4181921,0.44888228,-1.2930969,-2.685929,0.79388773
1747679463.8746996,0.08267439,0.4181921,0.44888228,-1.2930969,-2.685929,0.79388773
1747679463.8752246,0.08267439,0.4181921,0.44888228,-1.2930969,-2.685929,0.79388773
1747679463.8762407,0.08267439,0.4181921,0.44888228,-1.2930969,-2.685929,0.79388773
1747679463.8767924,0.08267439,0.4181921,0.44888228,-1.2930969,-2.685929,0.79388773
1747679463.8773444,0.08267439,0.4181921,0.44888228,-1.2930969,-2.685929,0.79388773
1747679463.877877,0.08267439,0.4181921,0.44888228,-1.2930969,-2.685929,0.79388773
1747679463.878397,0.08267439,0.4181921,0.44888228,-1.2930969,-2.685929,0.79388773
1747679463.8789155,0.08267439,0.4181921,0.44888228,-1.2930969,-2.685929,0.79388773
1747679463.8794336,0.08267439,0.4181921,0.44888228,-1.2930969,-2.685929,0.79388773
1747679463.8799522,0.08267439,0.4181921,0.44888228,-1.2930969,-2.685929,0.79388773
1747679463.8804703,0.08267439,0.4181921,0.44888228,-1.2930969,-2.685929,0.79388773
1747679463.8809884,0.08267439,0.4181921,0.44888228,-1.2930969,-2.685929,0.79388773
1747679463.881507,0.08267439,0.4181921,0.44888228,-1.2930969,-2.685929,0.79388773
1747679463.8820248,0.08267439,0.4181921,0.44888228,-1.2930969,-2.685929,0.79388773
1747679463.8825428,0.08267439,0.4181921,0.44888228,-1.2930969,-2.685929,0.79388773
1747679463.883081,0.30915952,0.38939336,0.53820723,-1.2930969,-2.685929,0.79388773
1747679463.8836267,0.30915952,0.38939336,0.53820723,-1.2930969,-2.685929,0.79388773
1747679463.884165,0.30915952,0.38939336,0.53820723,-1.2930969,-2.685929,0.79388773
1747679463.884701,0.30915952,0.38939336,0.53820723,-1.2930969,-2.685929,0.79388773
1747679463.8852234,0.30915952,0.38939336,0.53820723,-1.2930969,-2.685929,0.79388773
1747679463.8857417,0.30915952,0.38939336,0.53820723,-1.2930969,-2.685929,0.79388773
1747679463.886262,0.30915952,0.38939336,0.53820723,-1.2930969,-2.685929,0.79388773
1747679463.8867867,0.30915952,0.38939336,0.53820723,-1.9343857,-2.2981732,0.8418246
1747679463.8873072,0.30915952,0.38939336,0.53820723,-1.9343857,-2.2981732,0.8418246
1747679463.8878257,0.30915952,0.38939336,0.53820723,-1.9343857,-2.2981732,0.8418246
1747679463.8883438,0.30915952,0.38939336,0.53820723,-1.9343857,-2.2981732,0.8418246
1747679463.888862,0.30915952,0.38939336,0.53820723,-1.9343857,-2.2981732,0.8418246
1747679463.889494,0.30915952,0.38939336,0.53820723,-1.9343857,-2.2981732,0.8418246
1747679463.8900583,0.30915952,0.38939336,0.53820723,-1.9343857,-2.2981732,0.8418246
1747679463.8906128,0.30915952,0.38939336,0.53820723,-1.9343857,-2.2981732,0.8418246
1747679463.8911622,0.30915952,0.38939336,0.53820723,-1.9343857,-2.2981732,0.8418246
1747679463.891722,0.30915952,0.38939336,0.53820723,-1.9343857,-2.2981732,0.8418246
1747679463.8922706,0.30915952,0.38939336,0.53820723,-1.9343857,-2.2981732,0.8418246
1747679463.8928037,0.30915952,0.38939336,0.53820723,-1.9343857,-2.2981732,0.8418246
1747679463.89334,0.30915952,0.38939336,0.53820723,-1.9343857,-2.2981732,0.8418246
1747679463.8938887,0.30915952,0.38939336,0.53820723,-1.9343857,-2.2981732,0.8418246
1747679463.8944125,0.30915952,0.38939336,0.53820723,-1.9343857,-2.2981732,0.8418246
1747679463.8949373,0.32673165,0.37670237,0.87451816,-2.2933795,-2.0702066,0.78749615
1747679463.895458,0.32673165,0.37670237,0.87451816,-2.2933795,-2.0702066,0.78749615
1747679463.8959765,0.32673165,0.37670237,0.87451816,-2.2933795,-2.0702066,0.78749615
1747679463.8964946,0.32673165,0.37670237,0.87451816,-2.2933795,-2.0702066,0.78749615
1747679463.8970127,0.32673165,0.37670237,0.87451816,-2.2933795,-2.0702066,0.78749615
1747679463.8975308,0.32673165,0.37670237,0.87451816,-2.2933795,-2.0702066,0.78749615
1747679463.898049,0.32673165,0.37670237,0.87451816,-2.2933795,-2.0702066,0.78749615
1747679463.8985674,0.32673165,0.37670237,0.87451816,-2.2933795,-2.0702066,0.78749615
1747679463.8990853,0.32673165,0.37670237,0.87451816,-2.2933795,-2.0702066,0.78749615
1747679463.8996034,0.32673165,0.37670237,0.87451816,-2.2933795,-2.0702066,0.78749615
1747679463.9001262,0.32673165,0.37670237,0.87451816,-2.3381205,-1.9263961,0.794953
1747679463.9006479,0.2549788,0.34497494,1.1869115,-2.3381205,-1.9263961,0.794953
1747679463.9011672,0.2549788,0.34497494,1.1869115,-2.3381205,-1.9263961,0.794953
1747679463.9016855,0.2549788,0.34497494,1.1869115,-2.3381205,-1.9263961,0.794953
1747679463.9022036,0.2549788,0.34497494,1.1869115,-2.3381205,-1.9263961,0.794953
1747679463.902722,0.2549788,0.34497494,1.1869115,-2.3381205,-1.9263961,0.794953
1747679463.90324,0.2549788,0.34497494,1.1869115,-2.3381205,-1.9263961,0.794953
1747679463.9037735,0.2549788,0.34497494,1.1869115,-2.3381205,-1.9263961,0.794953
1747679463.9043112,0.2549788,0.34497494,1.1869115,-2.3381205,-1.9263961,0.794953
1747679463.904848,0.2549788,0.34497494,1.1869115,-2.3381205,-1.9263961,0.794953
1747679463.9053845,0.2549788,0.34497494,1.1869115,-2.3381205,-1.9263961,0.794953
1747679463.9059088,0.2549788,0.34497494,1.1869115,-2.3381205,-1.9263961,0.794953
1747679463.9064276,0.2549788,0.34497494,1.1869115,-2.3381205,-1.9263961,0.794953
1747679463.906951,0.2549788,0.34497494,1.1869115,-2.3381205,-1.9263961,0.794953
1747679463.907502,0.2549788,0.34497494,1.1869115,-2.3381205,-1.9263961,0.794953
1747679463.9080508,0.2549788,0.34497494,1.1869115,-2.3381205,-1.9263961,0.794953
1747679463.9085834,0.2549788,0.34497494,1.1869115,-2.3381205,-1.9263961,0.794953
1747679463.9091074,0.2413116,0.3137356,1.4163252,-2.3381205,-1.9263961,0.794953
1747679463.9096284,0.2413116,0.3137356,1.4163252,-2.3381205,-1.9263961,0.794953
1747679463.9101503,0.2413116,0.3137356,1.4163252,-2.1197414,-1.8816551,0.86739093
1747679463.91067,0.2413116,0.3137356,1.4163252,-2.1197414,-1.8816551,0.86739093
1747679463.9111884,0.2413116,0.3137356,1.4163252,-2.1197414,-1.8816551,0.86739093
1747679463.911707,0.2413116,0.3137356,1.4163252,-2.1197414,-1.8816551,0.86739093
1747679463.912225,0.2413116,0.3137356,1.4163252,-2.1197414,-1.8816551,0.86739093
1747679463.9127433,0.2413116,0.3137356,1.4163252,-2.1197414,-1.8816551,0.86739093
1747679463.9132614,0.2413116,0.3137356,1.4163252,-2.1197414,-1.8816551,0.86739093
1747679463.9137793,0.2413116,0.3137356,1.4163252,-2.1197414,-1.8816551,0.86739093
1747679463.9143143,0.2413116,0.3137356,1.4163252,-2.1197414,-1.8816551,0.86739093
1747679463.91486,0.2413116,0.3137356,1.4163252,-2.1197414,-1.8816551,0.86739093
1747679463.9153845,0.2413116,0.3137356,1.4163252,-2.1197414,-1.8816551,0.86739093
1747679463.9159036,0.2413116,0.3137356,1.4163252,-2.1197414,-1.8816551,0.86739093
1747679463.9164217,0.2413116,0.3137356,1.4163252,-2.1197414,-1.8816551,0.86739093
1747679463.9169397,0.2413116,0.3137356,1.4163252,-2.1197414,-1.8816551,0.86739093
1747679463.9174576,0.2413116,0.3137356,1.4163252,-2.1197414,-1.8816551,0.86739093
1747679463.9179757,0.2413116,0.3137356,1.4163252,-2.1197414,-1.8816551,0.86739093
1747679463.9184935,0.2413116,0.3137356,1.4163252,-2.1197414,-1.8816551,0.86739093
1747679463.9190166,0.2413116,0.3137356,1.4163252,-2.1197414,-1.8816551,0.86739093
1747679463.9195368,0.2413116,0.3137356,1.4163252,-2.1197414,-1.8816551,0.86739093
1747679463.9201686,0.23350178,0.32886714,1.5022334,-2.1197414,-1.8816551,0.86739093
1747679463.9207294,0.23350178,0.32886714,1.5022334,-1.7373118,-1.9487667,0.9440899
1747679463.9212842,0.23350178,0.32886714,1.5022334,-1.7373118,-1.9487667,0.9440899
1747679463.9218285,0.23350178,0.32886714,1.5022334,-1.7373118,-1.9487667,0.9440899
1747679463.9223614,0.23350178,0.32886714,1.5022334,-1.7373118,-1.9487667,0.9440899
1747679463.9228857,0.23350178,0.32886714,1.5022334,-1.7373118,-1.9487667,0.9440899
1747679463.9234447,0.23350178,0.32886714,1.5022334,-1.7373118,-1.9487667,0.9440899
1747679463.9239945,0.23350178,0.32886714,1.5022334,-1.7373118,-1.9487667,0.9440899
1747679463.9245276,0.23350178,0.32886714,1.5022334,-1.7373118,-1.9487667,0.9440899
1747679463.925064,0.23350178,0.32886714,1.5022334,-1.7373118,-1.9487667,0.9440899
1747679463.9256165,0.23350178,0.32886714,1.5022334,-1.7373118,-1.9487667,0.9440899
1747679463.9261546,0.23350178,0.32886714,1.5022334,-1.7373118,-1.9487667,0.9440899
1747679463.9266865,0.23350178,0.32886714,1.5022334,-1.7373118,-1.9487667,0.9440899
1747679463.9272373,0.23350178,0.32886714,1.5022334,-1.7373118,-1.9487667,0.9440899
1747679463.9277742,0.23350178,0.32886714,1.5022334,-1.7373118,-1.9487667,0.9440899
1747679463.9283066,0.23350178,0.32886714,1.5022334,-1.7373118,-1.9487667,0.9440899
1747679463.9288406,0.23350178,0.32886714,1.5022334,-1.7373118,-1.9487667,0.9440899
1747679463.9293728,0.23350178,0.32886714,1.5022334,-1.7373118,-1.9487667,0.9440899
1747679463.9299083,0.23350178,0.32886714,1.5022334,-1.7373118,-1.9487667,0.9440899
1747679463.9304447,0.24521652,0.35620156,1.3865502,-1.3644695,-1.9551582,1.0357026
1747679463.9309776,0.24521652,0.35620156,1.3865502,-1.3644695,-1.9551582,1.0357026
1747679463.9315019,0.24521652,0.35620156,1.3865502,-1.3644695,-1.9551582,1.0357026
1747679463.932024,0.24521652,0.35620156,1.3865502,-1.3644695,-1.9551582,1.0357026
1747679463.9325464,0.24521652,0.35620156,1.3865502,-1.3644695,-1.9551582,1.0357026
1747679463.9330678,0.24521652,0.35620156,1.3865502,-1.3644695,-1.9551582,1.0357026
1747679463.933605,0.24521652,0.35620156,1.3865502,-1.3644695,-1.9551582,1.0357026
1747679463.934143,0.24521652,0.35620156,1.3865502,-1.3644695,-1.9551582,1.0357026
1747679463.9346657,0.24521652,0.35620156,1.3865502,-1.3644695,-1.9551582,1.0357026
1747679463.9352045,0.24521652,0.35620156,1.3865502,-1.3644695,-1.9551582,1.0357026
1747679463.9357388,0.24521652,0.35620156,1.3865502,-1.3644695,-1.9551582,1.0357026
1747679463.9362607,0.24521652,0.35620156,1.3865502,-1.3644695,-1.9551582,1.0357026
1747679463.9367795,0.24521652,0.35620156,1.3865502,-1.3644695,-1.9551582,1.0357026
1747679463.9372978,0.24521652,0.35620156,1.3865502,-1.3644695,-1.9551582,1.0357026
1747679463.9378207,0.24521652,0.35620156,1.3865502,-1.3644695,-1.9551582,1.0357026
1747679463.9383934,0.24521652,0.35620156,1.3865502,-1.3644695,-1.9551582,1.0357026
1747679463.9389439,0.24521652,0.35620156,1.3865502,-1.3644695,-1.9551582,1.0357026
1747679463.939477,0.24521652,0.35620156,1.3865502,-1.3644695,-1.9551582,1.0357026
1747679463.9399967,0.24521652,0.35620156,1.3865502,-1.3644695,-1.9551582,1.0357026
1747679463.9405153,0.24521652,0.35620156,1.3865502,-1.3644695,-1.9551582,1.0357026
1747679463.9410572,0.24521652,0.35620156,1.3865502,-1.1652653,-1.7644761,1.1145321
1747679463.941611,0.27108657,0.35132042,1.1512791,-1.1652653,-1.7644761,1.1145321
1747679463.942136,0.27108657,0.35132042,1.1512791,-1.1652653,-1.7644761,1.1145321
1747679463.9426546,0.27108657,0.35132042,1.1512791,-1.1652653,-1.7644761,1.1145321
1747679463.9431732,0.27108657,0.35132042,1.1512791,-1.1652653,-1.7644761,1.1145321
1747679463.9437063,0.27108657,0.35132042,1.1512791,-1.1652653,-1.7644761,1.1145321
1747679463.9442432,0.27108657,0.35132042,1.1512791,-1.1652653,-1.7644761,1.1145321
1747679463.9447696,0.27108657,0.35132042,1.1512791,-1.1652653,-1.7644761,1.1145321
1747679463.9452896,0.27108657,0.35132042,1.1512791,-1.1652653,-1.7644761,1.1145321
1747679463.945808,0.27108657,0.35132042,1.1512791,-1.1652653,-1.7644761,1.1145321
1747679463.946326,0.27108657,0.35132042,1.1512791,-1.1652653,-1.7644761,1.1145321
1747679463.9468439,0.27108657,0.35132042,1.1512791,-1.1652653,-1.7644761,1.1145321
1747679463.9473617,0.27108657,0.35132042,1.1512791,-1.1652653,-1.7644761,1.1145321
1747679463.9478798,0.27108657,0.35132042,1.1512791,-1.1652653,-1.7644761,1.1145321
1747679463.9483974,0.27108657,0.35132042,1.1512791,-1.1652653,-1.7644761,1.1145321
1747679463.9489152,0.27108657,0.35132042,1.1512791,-1.1652653,-1.7644761,1.1145321
1747679463.949433,0.27108657,0.35132042,1.1512791,-1.1652653,-1.7644761,1.1145321
1747679463.9499507,0.27108657,0.35132042,1.1512791,-1.1652653,-1.7644761,1.1145321
1747679463.9506114,0.28719437,0.36986876,0.9355324,-1.1599389,-1.4544843,1.1752521
1747679463.9511662,0.28719437,0.36986876,0.9355324,-1.1599389,-1.4544843,1.1752521
1747679463.951705,0.28719437,0.36986876,0.9355324,-1.1599389,-1.4544843,1.1752521
1747679463.9522378,0.28719437,0.36986876,0.9355324,-1.1599389,-1.4544843,1.1752521
1747679463.952758,0.28719437,0.36986876,0.9355324,-1.1599389,-1.4544843,1.1752521
1747679463.9532764,0.28719437,0.36986876,0.9355324,-1.1599389,-1.4544843,1.1752521
1747679463.9538252,0.28719437,0.36986876,0.9355324,-1.1599389,-1.4544843,1.1752521
1747679463.9543777,0.28719437,0.36986876,0.9355324,-1.1599389,-1.4544843,1.1752521
1747679463.954923,0.28719437,0.36986876,0.9355324,-1.1599389,-1.4544843,1.1752521
1747679463.955456,0.28719437,0.36986876,0.9355324,-1.1599389,-1.4544843,1.1752521
1747679463.955975,0.28719437,0.36986876,0.9355324,-1.1599389,-1.4544843,1.1752521
1747679463.9564939,0.28719437,0.36986876,0.9355324,-1.1599389,-1.4544843,1.1752521
1747679463.9570117,0.28719437,0.36986876,0.9355324,-1.1599389,-1.4544843,1.1752521
1747679463.9575303,0.28719437,0.36986876,0.9355324,-1.1599389,-1.4544843,1.1752521
1747679463.9580488,0.28719437,0.36986876,0.9355324,-1.1599389,-1.4544843,1.1752521
1747679463.9585671,0.28719437,0.36986876,0.9355324,-1.1599389,-1.4544843,1.1752521
1747679463.9590855,0.28719437,0.36986876,0.9355324,-1.1599389,-1.4544843,1.1752521
1747679463.9596043,0.28719437,0.36986876,0.9355324,-1.1599389,-1.4544843,1.1752521
1747679463.960127,0.28719437,0.36986876,0.9355324,-1.3293159,-1.0699241,1.2136016
1747679463.9606502,0.28719437,0.36986876,0.9355324,-1.3293159,-1.0699241,1.2136016
1747679463.961176,0.37163818,0.39769128,0.74077475,-1.3293159,-1.0699241,1.2136016
1747679463.961701,0.37163818,0.39769128,0.74077475,-1.3293159,-1.0699241,1.2136016
1747679463.9622226,0.37163818,0.39769128,0.74077475,-1.3293159,-1.0699241,1.2136016
1747679463.9627442,0.37163818,0.39769128,0.74077475,-1.3293159,-1.0699241,1.2136016
1747679463.9632797,0.37163818,0.39769128,0.74077475,-1.3293159,-1.0699241,1.2136016
1747679463.9638286,0.37163818,0.39769128,0.74077475,-1.3293159,-1.0699241,1.2136016
1747679463.9643548,0.37163818,0.39769128,0.74077475,-1.3293159,-1.0699241,1.2136016
1747679463.9648762,0.37163818,0.39769128,0.74077475,-1.3293159,-1.0699241,1.2136016
1747679463.965412,0.37163818,0.39769128,0.74077475,-1.3293159,-1.0699241,1.2136016
1747679463.965959,0.37163818,0.39769128,0.74077475,-1.3293159,-1.0699241,1.2136016
1747679463.966485,0.37163818,0.39769128,0.74077475,-1.3293159,-1.0699241,1.2136016
1747679463.9670067,0.37163818,0.39769128,0.74077475,-1.3293159,-1.0699241,1.2136016
1747679463.9675276,0.37163818,0.39769128,0.74077475,-1.3293159,-1.0699241,1.2136016
1747679463.9680488,0.37163818,0.39769128,0.74077475,-1.3293159,-1.0699241,1.2136016
1747679463.96857,0.37163818,0.39769128,0.74077475,-1.3293159,-1.0699241,1.2136016
1747679463.9690907,0.37163818,0.39769128,0.74077475,-1.3293159,-1.0699241,1.2136016
1747679463.9696174,0.37163818,0.39769128,0.74077475,-1.3293159,-1.0699241,1.2136016
1747679463.9701676,0.37163818,0.39769128,0.74077475,-1.3293159,-1.0699241,1.2136016
1747679463.970725,0.37163818,0.39769128,0.74077475,-1.3293159,-1.0699241,1.2136016
1747679463.9712603,0.37163818,0.39769128,0.74077475,-1.3293159,-1.0699241,1.2136016
1747679463.9717824,0.37163818,0.39769128,0.74077475,-1.3293159,-1.0699241,1.2136016
1747679463.9723036,0.37163818,0.39769128,0.74077475,-1.3293159,-1.0699241,1.2136016
1747679463.9728246,0.37163818,0.39769128,0.74077475,-1.3293159,-1.0699241,1.2136016
1747679463.973359,0.37163818,0.39769128,0.74077475,-1.3293159,-1.0699241,1.2136016
1747679463.9739082,0.37163818,0.39769128,0.74077475,-1.3293159,-1.0699241,1.2136016
1747679463.974439,0.37163818,0.39769128,0.74077475,-1.3293159,-1.0699241,1.2136016
1747679463.974964,0.51123893,0.3981794,0.6543785,-1.3293159,-1.0699241,1.2136016
1747679463.9754899,0.51123893,0.3981794,0.6543785,-1.3293159,-1.0699241,1.2136016
1747679463.9765108,0.51123893,0.3981794,0.6543785,-1.5711308,-0.7673893,1.1614037
1747679463.977045,0.51123893,0.3981794,0.6543785,-1.5711308,-0.7673893,1.1614037
1747679463.9775667,0.51123893,0.3981794,0.6543785,-1.5711308,-0.7673893,1.1614037
1747679463.9780853,0.51123893,0.3981794,0.6543785,-1.5711308,-0.7673893,1.1614037
1747679463.9786036,0.51123893,0.3981794,0.6543785,-1.5711308,-0.7673893,1.1614037
1747679463.979122,0.51123893,0.3981794,0.6543785,-1.5711308,-0.7673893,1.1614037
1747679463.9796402,0.51123893,0.3981794,0.6543785,-1.5711308,-0.7673893,1.1614037
1747679463.980158,0.51123893,0.3981794,0.6543785,-1.5711308,-0.7673893,1.1614037
1747679463.9807453,0.51123893,0.3981794,0.6543785,-1.5711308,-0.7673893,1.1614037
1747679463.9812999,0.51123893,0.3981794,0.6543785,-1.5711308,-0.7673893,1.1614037
1747679463.9818435,0.51123893,0.3981794,0.6543785,-1.5711308,-0.7673893,1.1614037
1747679463.9823809,0.51123893,0.3981794,0.6543785,-1.5711308,-0.7673893,1.1614037
1747679463.9829135,0.51123893,0.3981794,0.6543785,-1.5711308,-0.7673893,1.1614037
1747679463.983454,0.5571217,0.4079417,0.70660675,-1.8704698,-0.511726,0.99841833
1747679463.9840002,0.5571217,0.4079417,0.70660675,-1.8704698,-0.511726,0.99841833
1747679463.9845247,0.5571217,0.4079417,0.70660675,-1.8704698,-0.511726,0.99841833
1747679463.9850435,0.5571217,0.4079417,0.70660675,-1.8704698,-0.511726,0.99841833
1747679463.985566,0.5571217,0.4079417,0.70660675,-1.8704698,-0.511726,0.99841833
1747679463.9861166,0.5571217,0.4079417,0.70660675,-1.8704698,-0.511726,0.99841833
1747679463.9866693,0.5571217,0.4079417,0.70660675,-1.8704698,-0.511726,0.99841833
1747679463.987202,0.5571217,0.4079417,0.70660675,-1.8704698,-0.511726,0.99841833
1747679463.9877214,0.5571217,0.4079417,0.70660675,-1.8704698,-0.511726,0.99841833
1747679463.9882398,0.5571217,0.4079417,0.70660675,-1.8704698,-0.511726,0.99841833
1747679463.9887586,0.5571217,0.4079417,0.70660675,-1.8704698,-0.511726,0.99841833
1747679463.989277,0.5571217,0.4079417,0.70660675,-1.8704698,-0.511726,0.99841833
1747679463.9897954,0.5571217,0.4079417,0.70660675,-1.8704698,-0.511726,0.99841833
1747679463.9903135,0.5571217,0.4079417,0.70660675,-1.8704698,-0.511726,0.99841833
1747679463.9908311,0.5571217,0.4079417,0.70660675,-1.8704698,-0.511726,0.99841833
1747679463.9913492,0.5571217,0.4079417,0.70660675,-1.8704698,-0.511726,0.99841833
1747679463.9918668,0.5571217,0.4079417,0.70660675,-1.8704698,-0.511726,0.99841833
1747679463.992385,0.5571217,0.4079417,0.70660675,-1.8704698,-0.511726,0.99841833
1747679463.992903,0.5571217,0.4079417,0.70660675,-1.8704698,-0.511726,0.99841833
1747679463.9934213,0.5571217,0.4079417,0.70660675,-1.8704698,-0.511726,0.99841833
1747679463.9940007,0.5571217,0.4079417,0.70660675,-1.8704698,-0.511726,0.99841833
1747679463.994577,0.5375971,0.434788,0.8549936,-1.8704698,-0.511726,0.99841833
1747679463.995118,0.5375971,0.434788,0.8549936,-2.1005666,-0.43928808,0.78110456
1747679463.9956417,0.5375971,0.434788,0.8549936,-2.1005666,-0.43928808,0.78110456
1747679463.996174,0.5375971,0.434788,0.8549936,-2.1005666,-0.43928808,0.78110456
1747679463.9967182,0.5375971,0.434788,0.8549936,-2.1005666,-0.43928808,0.78110456
1747679463.9972506,0.5375971,0.434788,0.8549936,-2.1005666,-0.43928808,0.78110456
1747679463.9977703,0.5375971,0.434788,0.8549936,-2.1005666,-0.43928808,0.78110456
1747679463.9982889,0.5375971,0.434788,0.8549936,-2.1005666,-0.43928808,0.78110456
1747679463.9988124,0.46486804,0.43185928,0.9994754,-2.1005666,-0.43928808,0.78110456
1747679463.9993348,0.46486804,0.43185928,0.9994754,-2.1399815,-0.5063997,0.6703172
1747679463.9998538,0.46486804,0.43185928,0.9994754,-2.1399815,-0.5063997,0.6703172
1747679464.0003772,0.46486804,0.43185928,0.9994754,-2.1399815,-0.5063997,0.6703172
1747679464.0009277,0.46486804,0.43185928,0.9994754,-2.1399815,-0.5063997,0.6703172
1747679464.0014796,0.46486804,0.43185928,0.9994754,-2.1399815,-0.5063997,0.6703172
1747679464.0020132,0.46486804,0.43185928,0.9994754,-2.1399815,-0.5063997,0.6703172
1747679464.002533,0.46486804,0.43185928,0.9994754,-2.1399815,-0.5063997,0.6703172
1747679464.0030513,0.46486804,0.43185928,0.9994754,-2.1399815,-0.5063997,0.6703172
1747679464.0035691,0.46486804,0.43185928,0.9994754,-2.1399815,-0.5063997,0.6703172
1747679464.0041041,0.46486804,0.43185928,0.9994754,-2.1399815,-0.5063997,0.6703172
1747679464.0046499,0.46486804,0.43185928,0.9994754,-2.1399815,-0.5063997,0.6703172
1747679464.0051742,0.46486804,0.43185928,0.9994754,-2.1399815,-0.5063997,0.6703172
1747679464.005693,0.46486804,0.43185928,0.9994754,-2.1399815,-0.5063997,0.6703172
1747679464.006211,0.46486804,0.43185928,0.9994754,-2.1399815,-0.5063997,0.6703172
1747679464.0067291,0.46486804,0.43185928,0.9994754,-2.1399815,-0.5063997,0.6703172
1747679464.0072472,0.46486804,0.43185928,0.9994754,-2.1399815,-0.5063997,0.6703172
1747679464.007765,0.46486804,0.43185928,0.9994754,-2.1399815,-0.5063997,0.6703172
1747679464.008283,0.46486804,0.43185928,0.9994754,-2.1399815,-0.5063997,0.6703172
1747679464.0088007,0.46486804,0.43185928,0.9994754,-2.1399815,-0.5063997,0.6703172
1747679464.0093186,0.46486804,0.43185928,0.9994754,-2.1399815,-0.5063997,0.6703172
1747679464.0098364,0.46486804,0.43185928,0.9994754,-2.1399815,-0.5063997,0.6703172
1747679464.0103583,0.46486804,0.43185928,0.9994754,-2.1399815,-0.5063997,0.6703172
1747679464.0108786,0.46486804,0.43185928,0.9994754,-2.1399815,-0.5063997,0.6703172
1747679464.01154,0.46486804,0.43185928,0.9994754,-2.0707393,-0.5894903,0.6436856
1747679464.01209,0.46486804,0.43185928,0.9994754,-2.0707393,-0.5894903,0.6436856
1747679464.012636,0.41215166,0.4118466,1.0844073,-2.0707393,-0.5894903,0.6436856
1747679464.0131755,0.41215166,0.4118466,1.0844073,-2.0707393,-0.5894903,0.6436856
1747679464.0137084,0.41215166,0.4118466,1.0844073,-2.0707393,-0.5894903,0.6436856
1747679464.0142448,0.41215166,0.4118466,1.0844073,-2.0707393,-0.5894903,0.6436856
1747679464.0147908,0.41215166,0.4118466,1.0844073,-2.0707393,-0.5894903,0.6436856
1747679464.0153146,0.41215166,0.4118466,1.0844073,-2.0707393,-0.5894903,0.6436856
1747679464.0158331,0.41215166,0.4118466,1.0844073,-2.0707393,-0.5894903,0.6436856
1747679464.016356,0.41215166,0.4118466,1.0844073,-2.0707393,-0.5894903,0.6436856
1747679464.0169065,0.41215166,0.4118466,1.0844073,-2.0707393,-0.5894903,0.6436856
1747679464.017459,0.41215166,0.4118466,1.0844073,-2.0707393,-0.5894903,0.6436856
1747679464.017992,0.41215166,0.4118466,1.0844073,-2.0707393,-0.5894903,0.6436856
1747679464.0185113,0.41215166,0.4118466,1.0844073,-2.0707393,-0.5894903,0.6436856
1747679464.0190332,0.41215166,0.4118466,1.0844073,-2.0707393,-0.5894903,0.6436856
1747679464.0195594,0.41215166,0.4118466,1.0844073,-1.9429077,-0.63742715,0.6628603
1747679464.0200787,0.41215166,0.4118466,1.0844073,-1.9429077,-0.63742715,0.6628603
1747679464.0206006,0.39360332,0.3781667,1.1034439,-1.9429077,-0.63742715,0.6628603
1747679464.02113,0.39360332,0.3781667,1.1034439,-1.9429077,-0.63742715,0.6628603
1747679464.02165,0.39360332,0.3781667,1.1034439,-1.9429077,-0.63742715,0.6628603
1747679464.0221689,0.39360332,0.3781667,1.1034439,-1.9429077,-0.63742715,0.6628603
1747679464.0226872,0.39360332,0.3781667,1.1034439,-1.9429077,-0.63742715,0.6628603
1747679464.023205,0.39360332,0.3781667,1.1034439,-1.9429077,-0.63742715,0.6628603
1747679464.0237398,0.39360332,0.3781667,1.1034439,-1.9429077,-0.63742715,0.6628603
1747679464.0242856,0.39360332,0.3781667,1.1034439,-1.9429077,-0.63742715,0.6628603
1747679464.0248098,0.39360332,0.3781667,1.1034439,-1.9429077,-0.63742715,0.6628603
1747679464.0253284,0.39360332,0.3781667,1.1034439,-1.9429077,-0.63742715,0.6628603
1747679464.0258465,0.39360332,0.3781667,1.1034439,-1.9429077,-0.63742715,0.6628603
1747679464.0265405,0.39360332,0.3781667,1.1034439,-1.9429077,-0.63742715,0.6628603
1747679464.0270839,0.39360332,0.3781667,1.1034439,-1.9429077,-0.63742715,0.6628603
1747679464.0276093,0.39360332,0.3781667,1.1034439,-1.9429077,-0.63742715,0.6628603
1747679464.028133,0.39360332,0.3781667,1.1034439,-1.9429077,-0.63742715,0.6628603
1747679464.0287015,0.39360332,0.3781667,1.1034439,-1.9429077,-0.63742715,0.6628603
1747679464.029244,0.38774595,0.34351057,1.074157,-1.8097497,-0.6566019,0.6948182
1747679464.0297682,0.38774595,0.34351057,1.074157,-1.8097497,-0.6566019,0.6948182
1747679464.0302875,0.38774595,0.34351057,1.074157,-1.8097497,-0.6566019,0.6948182
1747679464.030806,0.38774595,0.34351057,1.074157,-1.8097497,-0.6566019,0.6948182
1747679464.0313244,0.38774595,0.34351057,1.074157,-1.8097497,-0.6566019,0.6948182
1747679464.0318425,0.38774595,0.34351057,1.074157,-1.8097497,-0.6566019,0.6948182
1747679464.032365,0.38774595,0.34351057,1.074157,-1.8097497,-0.6566019,0.6948182
1747679464.032917,0.38774595,0.34351057,1.074157,-1.8097497,-0.6566019,0.6948182
1747679464.0334697,0.38774595,0.34351057,1.074157,-1.8097497,-0.6566019,0.6948182
1747679464.034019,0.38774595,0.34351057,1.074157,-1.8097497,-0.6566019,0.6948182
1747679464.0345652,0.38774595,0.34351057,1.074157,-1.8097497,-0.6566019,0.6948182
1747679464.03509,0.38774595,0.34351057,1.074157,-1.8097497,-0.6566019,0.6948182
1747679464.0356088,0.38774595,0.34351057,1.074157,-1.8097497,-0.6566019,0.6948182
1747679464.0361278,0.38774595,0.34351057,1.074157,-1.8097497,-0.6566019,0.6948182
1747679464.036646,0.38774595,0.34351057,1.074157,-1.8097497,-0.6566019,0.6948182
1747679464.0372105,0.38774595,0.34351057,1.074157,-1.8097497,-0.6566019,0.6948182
1747679464.03773,0.38774595,0.34351057,1.074157,-1.8097497,-0.6566019,0.6948182
1747679464.0382485,0.38774595,0.34351057,1.074157,-1.8097497,-0.6566019,0.6948182
1747679464.0387666,0.38774595,0.34351057,1.074157,-1.8097497,-0.6566019,0.6948182
1747679464.0392869,0.38774595,0.34351057,1.074157,-1.8097497,-0.6566019,0.6948182
1747679464.039814,0.42533076,0.33326015,1.023393,-1.8097497,-0.6566019,0.6948182
1747679464.0403419,0.42533076,0.33326015,1.023393,-1.6883097,-0.689625,0.7086666
1747679464.040863,0.42533076,0.33326015,1.023393,-1.6883097,-0.689625,0.7086666
1747679464.0413816,0.42533076,0.33326015,1.023393,-1.6883097,-0.689625,0.7086666
1747679464.04201,0.42533076,0.33326015,1.023393,-1.6883097,-0.689625,0.7086666
1747679464.0425675,0.42533076,0.33326015,1.023393,-1.6883097,-0.689625,0.7086666
1747679464.0431166,0.42533076,0.33326015,1.023393,-1.6883097,-0.689625,0.7086666
1747679464.0436614,0.42533076,0.33326015,1.023393,-1.6883097,-0.689625,0.7086666
1747679464.0442097,0.42533076,0.33326015,1.023393,-1.6883097,-0.689625,0.7086666
1747679464.0447562,0.42533076,0.33326015,1.023393,-1.6883097,-0.689625,0.7086666
1747679464.0452805,0.42533076,0.33326015,1.023393,-1.6883097,-0.689625,0.7086666
1747679464.045799,0.42533076,0.33326015,1.023393,-1.6883097,-0.689625,0.7086666
1747679464.046317,0.42533076,0.33326015,1.023393,-1.6883097,-0.689625,0.7086666
1747679464.046835,0.42533076,0.33326015,1.023393,-1.6883097,-0.689625,0.7086666
1747679464.0473578,0.42533076,0.33326015,1.023393,-1.6883097,-0.689625,0.7086666
1747679464.0479076,0.42533076,0.33326015,1.023393,-1.6883097,-0.689625,0.7086666
1747679464.0484602,0.42533076,0.33326015,1.023393,-1.6883097,-0.689625,0.7086666
1747679464.0489955,0.42533076,0.33326015,1.023393,-1.6883097,-0.689625,0.7086666
1747679464.0495214,0.48780945,0.34985608,0.94431853,-1.6883097,-0.689625,0.7086666
1747679464.050045,0.48780945,0.34985608,0.94431853,-1.6158718,-0.7631282,0.67564344
1747679464.0505643,0.48780945,0.34985608,0.94431853,-1.6158718,-0.7631282,0.67564344
1747679464.051085,0.48780945,0.34985608,0.94431853,-1.6158718,-0.7631282,0.67564344
1747679464.0516047,0.48780945,0.34985608,0.94431853,-1.6158718,-0.7631282,0.67564344
1747679464.052123,0.48780945,0.34985608,0.94431853,-1.6158718,-0.7631282,0.67564344
1747679464.0526414,0.48780945,0.34985608,0.94431853,-1.6158718,-0.7631282,0.67564344
1747679464.0531597,0.48780945,0.34985608,0.94431853,-1.6158718,-0.7631282,0.67564344
1747679464.0536947,0.48780945,0.34985608,0.94431853,-1.6158718,-0.7631282,0.67564344
1747679464.054241,0.48780945,0.34985608,0.94431853,-1.6158718,-0.7631282,0.67564344
1747679464.0547647,0.48780945,0.34985608,0.94431853,-1.6158718,-0.7631282,0.67564344
1747679464.0552833,0.48780945,0.34985608,0.94431853,-1.6158718,-0.7631282,0.67564344
1747679464.0558023,0.48780945,0.34985608,0.94431853,-1.6158718,-0.7631282,0.67564344
1747679464.0563204,0.48780945,0.34985608,0.94431853,-1.6158718,-0.7631282,0.67564344
1747679464.0568385,0.48780945,0.34985608,0.94431853,-1.6158718,-0.7631282,0.67564344
1747679464.057371,0.48780945,0.34985608,0.94431853,-1.6158718,-0.7631282,0.67564344
1747679464.0579169,0.48780945,0.34985608,0.94431853,-1.6158718,-0.7631282,0.67564344
1747679464.0584407,0.48780945,0.34985608,0.94431853,-1.6158718,-0.7631282,0.67564344
1747679464.0589597,0.48780945,0.34985608,0.94431853,-1.6158718,-0.7631282,0.67564344
1747679464.0594778,0.48780945,0.34985608,0.94431853,-1.6158718,-0.7631282,0.67564344
1747679464.0599961,0.48780945,0.34985608,0.94431853,-1.6158718,-0.7631282,0.67564344
1747679464.0605185,0.48780945,0.34985608,0.94431853,-1.6158718,-0.7631282,0.67564344
1747679464.0610454,0.48780945,0.34985608,0.94431853,-1.6158718,-0.7631282,0.67564344
1747679464.0615728,0.5175844,0.3483917,0.8730538,-1.6478297,-0.83982724,0.5946834
1747679464.062095,0.5175844,0.3483917,0.8730538,-1.6478297,-0.83982724,0.5946834
1747679464.0626159,0.5175844,0.3483917,0.8730538,-1.6478297,-0.83982724,0.5946834
1747679464.0631425,0.5175844,0.3483917,0.8730538,-1.6478297,-0.83982724,0.5946834
1747679464.063693,0.5175844,0.3483917,0.8730538,-1.6478297,-0.83982724,0.5946834
1747679464.06426,0.5175844,0.3483917,0.8730538,-1.6478297,-0.83982724,0.5946834
1747679464.0648098,0.5175844,0.3483917,0.8730538,-1.6478297,-0.83982724,0.5946834
1747679464.065337,0.5175844,0.3483917,0.8730538,-1.6478297,-0.83982724,0.5946834
1747679464.0658586,0.5175844,0.3483917,0.8730538,-1.6478297,-0.83982724,0.5946834
1747679464.0663795,0.5175844,0.3483917,0.8730538,-1.6478297,-0.83982724,0.5946834
1747679464.0669005,0.5175844,0.3483917,0.8730538,-1.6478297,-0.83982724,0.5946834
1747679464.0674222,0.5175844,0.3483917,0.8730538,-1.6478297,-0.83982724,0.5946834
1747679464.0679429,0.5175844,0.3483917,0.8730538,-1.6478297,-0.83982724,0.5946834
1747679464.0684636,0.5175844,0.3483917,0.8730538,-1.6478297,-0.83982724,0.5946834
1747679464.0689843,0.5175844,0.3483917,0.8730538,-1.6478297,-0.83982724,0.5946834
1747679464.0695105,0.5175844,0.3483917,0.8730538,-1.6478297,-0.83982724,0.5946834
1747679464.0700376,0.5175844,0.3483917,0.8730538,-1.6478297,-0.83982724,0.5946834
1747679464.0705652,0.51075083,0.32935524,0.84815997,-1.7618129,-0.81958723,0.5190497
1747679464.071091,0.51075083,0.32935524,0.84815997,-1.7618129,-0.81958723,0.5190497
1747679464.071615,0.51075083,0.32935524,0.84815997,-1.7618129,-0.81958723,0.5190497
1747679464.0721366,0.51075083,0.32935524,0.84815997,-1.7618129,-0.81958723,0.5190497
1747679464.0728273,0.51075083,0.32935524,0.84815997,-1.7618129,-0.81958723,0.5190497
1747679464.0733938,0.51075083,0.32935524,0.84815997,-1.7618129,-0.81958723,0.5190497
1747679464.0740159,0.51075083,0.32935524,0.84815997,-1.7618129,-0.81958723,0.5190497
1747679464.0745666,0.51075083,0.32935524,0.84815997,-1.7618129,-0.81958723,0.5190497
1747679464.0751016,0.51075083,0.32935524,0.84815997,-1.7618129,-0.81958723,0.5190497
1747679464.0756238,0.51075083,0.32935524,0.84815997,-1.7618129,-0.81958723,0.5190497
1747679464.0761473,0.51075083,0.32935524,0.84815997,-1.7618129,-0.81958723,0.5190497
1747679464.0766664,0.51075083,0.32935524,0.84815997,-1.7618129,-0.81958723,0.5190497
1747679464.0772002,0.51075083,0.32935524,0.84815997,-1.7618129,-0.81958723,0.5190497
1747679464.0777206,0.51075083,0.32935524,0.84815997,-1.7618129,-0.81958723,0.5190497
1747679464.0782385,0.51075083,0.32935524,0.84815997,-1.7618129,-0.81958723,0.5190497
1747679464.0787606,0.51075083,0.32935524,0.84815997,-1.7618129,-0.81958723,0.5190497
1747679464.0793118,0.51075083,0.32935524,0.84815997,-1.7618129,-0.81958723,0.5190497
1747679464.0799234,0.51075083,0.32935524,0.84815997,-1.7618129,-0.81958723,0.5190497
1747679464.0805817,0.51075083,0.32935524,0.84815997,-1.7618129,-0.81958723,0.5190497
1747679464.081121,0.51075083,0.32935524,0.84815997,-1.7618129,-0.81958723,0.5190497
1747679464.0816455,0.51075083,0.32935524,0.84815997,-1.7618129,-0.81958723,0.5190497
1747679464.0821679,0.51075083,0.32935524,0.84815997,-1.7618129,-0.81958723,0.5190497
1747679464.082687,0.51075083,0.32935524,0.84815997,-1.7618129,-0.81958723,0.5190497
1747679464.0832098,0.4961074,0.3132475,0.87549436,-1.8726003,-0.7407577,0.4785697
1747679464.0837476,0.4961074,0.3132475,0.87549436,-1.8726003,-0.7407577,0.4785697
1747679464.0842936,0.4961074,0.3132475,0.87549436,-1.8726003,-0.7407577,0.4785697
1747679464.084818,0.4961074,0.3132475,0.87549436,-1.8726003,-0.7407577,0.4785697
1747679464.085337,0.4961074,0.3132475,0.87549436,-1.8726003,-0.7407577,0.4785697
1747679464.0858552,0.4961074,0.3132475,0.87549436,-1.8726003,-0.7407577,0.4785697
1747679464.086373,0.4961074,0.3132475,0.87549436,-1.8726003,-0.7407577,0.4785697
1747679464.086891,0.4961074,0.3132475,0.87549436,-1.8726003,-0.7407577,0.4785697
1747679464.0874085,0.4961074,0.3132475,0.87549436,-1.8726003,-0.7407577,0.4785697
1747679464.087942,0.4961074,0.3132475,0.87549436,-1.8726003,-0.7407577,0.4785697
1747679464.0885055,0.4961074,0.3132475,0.87549436,-1.8726003,-0.7407577,0.4785697
1747679464.089053,0.4961074,0.3132475,0.87549436,-1.8726003,-0.7407577,0.4785697
1747679464.0895772,0.4961074,0.3132475,0.87549436,-1.8726003,-0.7407577,0.4785697
1747679464.0900958,0.4961074,0.3132475,0.87549436,-1.8726003,-0.7407577,0.4785697
1747679464.0906143,0.4961074,0.3132475,0.87549436,-1.8726003,-0.7407577,0.4785697
1747679464.0911324,0.4961074,0.3132475,0.87549436,-1.8726003,-0.7407577,0.4785697
1747679464.0916505,0.4961074,0.3132475,0.87549436,-1.8726003,-0.7407577,0.4785697
1747679464.0921688,0.4961074,0.3132475,0.87549436,-1.8726003,-0.7407577,0.4785697
1747679464.0926867,0.4961074,0.3132475,0.87549436,-1.8726003,-0.7407577,0.4785697
1747679464.0932047,0.4961074,0.3132475,0.87549436,-1.8726003,-0.7407577,0.4785697
1747679464.0937228,0.4961074,0.3132475,0.87549436,-1.8726003,-0.7407577,0.4785697
1747679464.094254,0.4961074,0.3132475,0.87549436,-1.8726003,-0.7407577,0.4785697
1747679464.094794,0.4961074,0.3132475,0.87549436,-1.8726003,-0.7407577,0.4785697
1747679464.0957315,0.44339103,0.29177046,0.9169841,-1.9983014,-0.5916208,0.46472126
1747679464.096277,0.44339103,0.29177046,0.9169841,-1.9983014,-0.5916208,0.46472126
1747679464.09681,0.44339103,0.29177046,0.9169841,-1.9983014,-0.5916208,0.46472126
1747679464.0973294,0.44339103,0.29177046,0.9169841,-1.9983014,-0.5916208,0.46472126
1747679464.0978472,0.44339103,0.29177046,0.9169841,-1.9983014,-0.5916208,0.46472126
1747679464.098366,0.44339103,0.29177046,0.9169841,-1.9983014,-0.5916208,0.46472126
1747679464.098884,0.44339103,0.29177046,0.9169841,-1.9983014,-0.5916208,0.46472126
1747679464.0994024,0.44339103,0.29177046,0.9169841,-1.9983014,-0.5916208,0.46472126
1747679464.09992,0.44339103,0.29177046,0.9169841,-1.9983014,-0.5916208,0.46472126
1747679464.1004386,0.44339103,0.29177046,0.9169841,-1.9983014,-0.5916208,0.46472126
1747679464.1009564,0.44339103,0.29177046,0.9169841,-1.9983014,-0.5916208,0.46472126
1747679464.1014743,0.44339103,0.29177046,0.9169841,-1.9983014,-0.5916208,0.46472126
1747679464.101992,0.44339103,0.29177046,0.9169841,-1.9983014,-0.5916208,0.46472126
1747679464.1025097,0.44339103,0.29177046,0.9169841,-1.9983014,-0.5916208,0.46472126
1747679464.1031532,0.44339103,0.29177046,0.9169841,-1.9983014,-0.5916208,0.46472126
1747679464.1037207,0.44339103,0.29177046,0.9169841,-1.9983014,-0.5916208,0.46472126
1747679464.1042764,0.44339103,0.29177046,0.9169841,-1.9983014,-0.5916208,0.46472126
1747679464.1048286,0.44339103,0.29177046,0.9169841,-1.9983014,-0.5916208,0.46472126
1747679464.1053748,0.44339103,0.29177046,0.9169841,-1.9983014,-0.5916208,0.46472126
1747679464.1059105,0.41215166,0.2561381,0.9570095,-2.1314595,-0.3039996,0.5211802
1747679464.1064317,0.41215166,0.2561381,0.9570095,-2.1314595,-0.3039996,0.5211802
1747679464.10695,0.41215166,0.2561381,0.9570095,-2.1314595,-0.3039996,0.5211802
1747679464.1074688,0.41215166,0.2561381,0.9570095,-2.1314595,-0.3039996,0.5211802
1747679464.1079872,0.41215166,0.2561381,0.9570095,-2.1314595,-0.3039996,0.5211802
1747679464.1085076,0.41215166,0.2561381,0.9570095,-2.1314595,-0.3039996,0.5211802
1747679464.1090262,0.41215166,0.2561381,0.9570095,-2.1314595,-0.3039996,0.5211802
1747679464.1095483,0.39409143,0.22441064,1.0067972,-2.1314595,-0.3039996,0.5211802
1747679464.1100774,0.39409143,0.22441064,1.0067972,-2.2113543,-0.06538056,0.57337815
1747679464.110649,0.39409143,0.22441064,1.0067972,-2.2113543,-0.06538056,0.57337815
1747679464.1111977,0.39409143,0.22441064,1.0067972,-2.2113543,-0.06538056,0.57337815
1747679464.1117306,0.39409143,0.22441064,1.0067972,-2.2113543,-0.06538056,0.57337815
1747679464.1122506,0.39409143,0.22441064,1.0067972,-2.2113543,-0.06538056,0.57337815
1747679464.1127694,0.39409143,0.22441064,1.0067972,-2.2113543,-0.06538056,0.57337815
1747679464.1132877,0.39409143,0.22441064,1.0067972,-2.2113543,-0.06538056,0.57337815
1747679464.1138227,0.39409143,0.22441064,1.0067972,-2.2113543,-0.06538056,0.57337815
1747679464.1143684,0.39409143,0.22441064,1.0067972,-2.2113543,-0.06538056,0.57337815
1747679464.1148927,0.39409143,0.22441064,1.0067972,-2.2113543,-0.06538056,0.57337815
1747679464.1154113,0.39409143,0.22441064,1.0067972,-2.2113543,-0.06538056,0.57337815
1747679464.1159291,0.39409143,0.22441064,1.0067972,-2.2113543,-0.06538056,0.57337815
1747679464.116447,0.39409143,0.22441064,1.0067972,-2.2113543,-0.06538056,0.57337815
1747679464.116965,0.39409143,0.22441064,1.0067972,-2.2113543,-0.06538056,0.57337815
1747679464.1174834,0.39409143,0.22441064,1.0067972,-2.2113543,-0.06538056,0.57337815
1747679464.118001,0.39409143,0.22441064,1.0067972,-2.2113543,-0.06538056,0.57337815
1747679464.1185393,0.39409143,0.22441064,1.0067972,-2.2113543,-0.06538056,0.57337815
1747679464.1190789,0.4673086,0.1795041,1.0975864,-2.2209415,0.033688962,0.617054
1747679464.1196067,0.4673086,0.1795041,1.0975864,-2.2209415,0.033688962,0.617054
1747679464.1201277,0.4673086,0.1795041,1.0975864,-2.2209415,0.033688962,0.617054
1747679464.1206648,0.4673086,0.1795041,1.0975864,-2.2209415,0.033688962,0.617054
1747679464.1211994,0.4673086,0.1795041,1.0975864,-2.2209415,0.033688962,0.617054
1747679464.1217318,0.4673086,0.1795041,1.0975864,-2.2209415,0.033688962,0.617054
1747679464.1222668,0.4673086,0.1795041,1.0975864,-2.2209415,0.033688962,0.617054
1747679464.1227891,0.4673086,0.1795041,1.0975864,-2.2209415,0.033688962,0.617054
1747679464.123308,0.4673086,0.1795041,1.0975864,-2.2209415,0.033688962,0.617054
1747679464.1238265,0.4673086,0.1795041,1.0975864,-2.2209415,0.033688962,0.617054
1747679464.1243584,0.4673086,0.1795041,1.0975864,-2.2209415,0.033688962,0.617054
1747679464.1248949,0.4673086,0.1795041,1.0975864,-2.2209415,0.033688962,0.617054
1747679464.1254172,0.4673086,0.1795041,1.0975864,-2.2209415,0.033688962,0.617054
1747679464.1259406,0.4673086,0.1795041,1.0975864,-2.2209415,0.033688962,0.617054
1747679464.1264913,0.4673086,0.1795041,1.0975864,-2.2209415,0.033688962,0.617054
1747679464.1270409,0.4673086,0.1795041,1.0975864,-2.2209415,0.033688962,0.617054
1747679464.1275735,0.4673086,0.1795041,1.0975864,-2.2209415,0.033688962,0.617054
1747679464.1280932,0.4673086,0.1795041,1.0975864,-2.2209415,0.033688962,0.617054
1747679464.1286116,0.4673086,0.1795041,1.0975864,-2.2209415,0.033688962,0.617054
1747679464.1291294,0.4673086,0.1795041,1.0975864,-2.2209415,0.033688962,0.617054
1747679464.129653,0.55907416,0.1892664,1.2288892,-2.0835226,-0.11012163,0.55313814
1747679464.130174,0.55907416,0.1892664,1.2288892,-2.0835226,-0.11012163,0.55313814
1747679464.1306944,0.55907416,0.1892664,1.2288892,-2.0835226,-0.11012163,0.55313814
1747679464.1312141,0.55907416,0.1892664,1.2288892,-2.0835226,-0.11012163,0.55313814
1747679464.1317325,0.55907416,0.1892664,1.2288892,-2.0835226,-0.11012163,0.55313814
1747679464.1322505,0.55907416,0.1892664,1.2288892,-2.0835226,-0.11012163,0.55313814
1747679464.1327689,0.55907416,0.1892664,1.2288892,-2.0835226,-0.11012163,0.55313814
1747679464.1334276,0.55907416,0.1892664,1.2288892,-2.0835226,-0.11012163,0.55313814
1747679464.133993,0.55907416,0.1892664,1.2288892,-2.0835226,-0.11012163,0.55313814
1747679464.134544,0.55907416,0.1892664,1.2288892,-2.0835226,-0.11012163,0.55313814
1747679464.1351066,0.55907416,0.1892664,1.2288892,-2.0835226,-0.11012163,0.55313814
1747679464.1356516,0.55907416,0.1892664,1.2288892,-2.0835226,-0.11012163,0.55313814
1747679464.136177,0.55907416,0.1892664,1.2288892,-2.0835226,-0.11012163,0.55313814
1747679464.1366968,0.55907416,0.1892664,1.2288892,-2.0835226,-0.11012163,0.55313814
1747679464.1372151,0.55907416,0.1892664,1.2288892,-2.0835226,-0.11012163,0.55313814
1747679464.137734,0.55907416,0.1892664,1.2288892,-2.0835226,-0.11012163,0.55313814
1747679464.1382523,0.55907416,0.1892664,1.2288892,-2.0835226,-0.11012163,0.55313814
1747679464.1387703,0.55907416,0.1892664,1.2288892,-2.0835226,-0.11012163,0.55313814
1747679464.1392887,0.55907416,0.1892664,1.2288892,-2.0835226,-0.11012163,0.55313814
1747679464.1398137,0.55907416,0.1892664,1.2288892,-2.0835226,-0.11012163,0.55313814
1747679464.140337,0.55907416,0.1892664,1.2288892,-2.0835226,-0.11012163,0.55313814
1747679464.1408732,0.5834798,0.2126959,1.270379,-2.0835226,-0.11012163,0.55313814
1747679464.1414218,0.5834798,0.2126959,1.270379,-1.842773,-0.44035336,0.4455465
1747679464.1419482,0.5834798,0.2126959,1.270379,-1.842773,-0.44035336,0.4455465
1747679464.1424997,0.5834798,0.2126959,1.270379,-1.842773,-0.44035336,0.4455465
1747679464.1430528,0.5834798,0.2126959,1.270379,-1.842773,-0.44035336,0.4455465
1747679464.1435862,0.5834798,0.2126959,1.270379,-1.842773,-0.44035336,0.4455465
1747679464.1441329,0.5834798,0.2126959,1.270379,-1.842773,-0.44035336,0.4455465
1747679464.144678,0.5834798,0.2126959,1.270379,-1.842773,-0.44035336,0.4455465
1747679464.1452024,0.5834798,0.2126959,1.270379,-1.842773,-0.44035336,0.4455465
1747679464.1457212,0.5834798,0.2126959,1.270379,-1.842773,-0.44035336,0.4455465
1747679464.1462395,0.5834798,0.2126959,1.270379,-1.842773,-0.44035336,0.4455465
1747679464.1467574,0.5834798,0.2126959,1.270379,-1.842773,-0.44035336,0.4455465
1747679464.1472754,0.5834798,0.2126959,1.270379,-1.842773,-0.44035336,0.4455465
1747679464.1477933,0.5834798,0.2126959,1.270379,-1.842773,-0.44035336,0.4455465
1747679464.1483114,0.5834798,0.2126959,1.270379,-1.842773,-0.44035336,0.4455465
1747679464.1488347,0.5834798,0.2126959,1.270379,-1.842773,-0.44035336,0.4455465
1747679464.149359,0.5834798,0.2126959,1.270379,-1.842773,-0.44035336,0.4455465
1747679464.1498778,0.5834798,0.2126959,1.270379,-1.842773,-0.44035336,0.4455465
1747679464.1503959,0.5834798,0.2126959,1.270379,-1.842773,-0.44035336,0.4455465
1747679464.1509173,0.5834798,0.2126959,1.270379,-1.842773,-0.44035336,0.4455465
1747679464.1514366,0.5834798,0.2126959,1.270379,-1.842773,-0.44035336,0.4455465
1747679464.1519592,0.571277,0.22343442,1.2479258,-1.6595476,-0.71306086,0.37736964
1747679464.1524818,0.571277,0.22343442,1.2479258,-1.6595476,-0.71306086,0.37736964
1747679464.1530015,0.571277,0.22343442,1.2479258,-1.6595476,-0.71306086,0.37736964
1747679464.1535199,0.571277,0.22343442,1.2479258,-1.6595476,-0.71306086,0.37736964
1747679464.1540377,0.571277,0.22343442,1.2479258,-1.6595476,-0.71306086,0.37736964
1747679464.1545715,0.571277,0.22343442,1.2479258,-1.6595476,-0.71306086,0.37736964
1747679464.1551092,0.571277,0.22343442,1.2479258,-1.6595476,-0.71306086,0.37736964
1747679464.155632,0.571277,0.22343442,1.2479258,-1.6595476,-0.71306086,0.37736964
1747679464.1561503,0.571277,0.22343442,1.2479258,-1.6595476,-0.71306086,0.37736964
1747679464.1566727,0.571277,0.22343442,1.2479258,-1.6595476,-0.71306086,0.37736964
1747679464.1572237,0.571277,0.22343442,1.2479258,-1.6595476,-0.71306086,0.37736964
1747679464.157776,0.571277,0.22343442,1.2479258,-1.6595476,-0.71306086,0.37736964
1747679464.1583095,0.571277,0.22343442,1.2479258,-1.6595476,-0.71306086,0.37736964
1747679464.1588287,0.571277,0.22343442,1.2479258,-1.6595476,-0.71306086,0.37736964
1747679464.1593473,0.571277,0.22343442,1.2479258,-1.6595476,-0.71306086,0.37736964
1747679464.1598656,0.571277,0.22343442,1.2479258,-1.6595476,-0.71306086,0.37736964
1747679464.1603837,0.571277,0.22343442,1.2479258,-1.6595476,-0.71306086,0.37736964
1747679464.1609051,0.571277,0.22343442,1.2479258,-1.6595476,-0.71306086,0.37736964
1747679464.1614258,0.571277,0.22343442,1.2479258,-1.6595476,-0.71306086,0.37736964
1747679464.161951,0.571277,0.22343442,1.2479258,-1.6595476,-0.71306086,0.37736964
1747679464.1624796,0.55272865,0.2297799,1.1371238,-1.535977,-0.9122651,0.30706224
1747679464.163003,0.55272865,0.2297799,1.1371238,-1.535977,-0.9122651,0.30706224
1747679464.163524,0.55272865,0.2297799,1.1371238,-1.535977,-0.9122651,0.30706224
1747679464.164175,0.55272865,0.2297799,1.1371238,-1.535977,-0.9122651,0.30706224
1747679464.1647456,0.55272865,0.2297799,1.1371238,-1.535977,-0.9122651,0.30706224
1747679464.1653118,0.55272865,0.2297799,1.1371238,-1.535977,-0.9122651,0.30706224
1747679464.1658611,0.55272865,0.2297799,1.1371238,-1.535977,-0.9122651,0.30706224
1747679464.166387,0.55272865,0.2297799,1.1371238,-1.535977,-0.9122651,0.30706224
1747679464.1669087,0.55272865,0.2297799,1.1371238,-1.535977,-0.9122651,0.30706224
1747679464.1674294,0.55272865,0.2297799,1.1371238,-1.535977,-0.9122651,0.30706224
1747679464.1679506,0.55272865,0.2297799,1.1371238,-1.535977,-0.9122651,0.30706224
1747679464.1684718,0.55272865,0.2297799,1.1371238,-1.535977,-0.9122651,0.30706224
1747679464.1689923,0.55272865,0.2297799,1.1371238,-1.535977,-0.9122651,0.30706224
1747679464.1695132,0.55272865,0.2297799,1.1371238,-1.535977,-0.9122651,0.30706224
1747679464.1700337,0.55272865,0.2297799,1.1371238,-1.535977,-0.9122651,0.30706224
1747679464.1705594,0.55272865,0.2297799,1.1371238,-1.535977,-0.9122651,0.30706224
1747679464.171086,0.54540694,0.21171965,1.0839193,-1.5977623,-0.77697664,0.29854015
1747679464.1716087,0.54540694,0.21171965,1.0839193,-1.5977623,-0.77697664,0.29854015
1747679464.1721296,0.54540694,0.21171965,1.0839193,-1.5977623,-0.77697664,0.29854015
1747679464.1726592,0.54540694,0.21171965,1.0839193,-1.5977623,-0.77697664,0.29854015
1747679464.173218,0.54540694,0.21171965,1.0839193,-1.5977623,-0.77697664,0.29854015
1747679464.173778,0.54540694,0.21171965,1.0839193,-1.5977623,-0.77697664,0.29854015
1747679464.174328,0.54540694,0.21171965,1.0839193,-1.5977623,-0.77697664,0.29854015
1747679464.1748545,0.54540694,0.21171965,1.0839193,-1.5977623,-0.77697664,0.29854015
1747679464.175376,0.54540694,0.21171965,1.0839193,-1.5977623,-0.77697664,0.29854015
1747679464.175897,0.54540694,0.21171965,1.0839193,-1.5977623,-0.77697664,0.29854015
1747679464.1769156,0.54540694,0.21171965,1.0839193,-1.5977623,-0.77697664,0.29854015
1747679464.1774483,0.54540694,0.21171965,1.0839193,-1.5977623,-0.77697664,0.29854015
1747679464.177969,0.54540694,0.21171965,1.0839193,-1.5977623,-0.77697664,0.29854015
1747679464.178487,0.54540694,0.21171965,1.0839193,-1.5977623,-0.77697664,0.29854015
1747679464.1790054,0.54540694,0.21171965,1.0839193,-1.5977623,-0.77697664,0.29854015
1747679464.1795404,0.54540694,0.21171965,1.0839193,-1.5977623,-0.77697664,0.29854015
1747679464.1800952,0.54540694,0.21171965,1.0839193,-1.5977623,-0.77697664,0.29854015
1747679464.1806803,0.57664627,0.19414754,1.0604898,-1.7309203,-0.44674495,0.29427907
1747679464.1812193,0.57664627,0.19414754,1.0604898,-1.7309203,-0.44674495,0.29427907
1747679464.181743,0.57664627,0.19414754,1.0604898,-1.7309203,-0.44674495,0.29427907
1747679464.1822615,0.57664627,0.19414754,1.0604898,-1.7309203,-0.44674495,0.29427907
1747679464.1827798,0.57664627,0.19414754,1.0604898,-1.7309203,-0.44674495,0.29427907
1747679464.1832979,0.57664627,0.19414754,1.0604898,-1.7309203,-0.44674495,0.29427907
1747679464.1838286,0.57664627,0.19414754,1.0604898,-1.7309203,-0.44674495,0.29427907
1747679464.1843648,0.57664627,0.19414754,1.0604898,-1.7309203,-0.44674495,0.29427907
1747679464.1848876,0.57664627,0.19414754,1.0604898,-1.7309203,-0.44674495,0.29427907
1747679464.1854057,0.57664627,0.19414754,1.0604898,-1.7309203,-0.44674495,0.29427907
1747679464.1859236,0.57664627,0.19414754,1.0604898,-1.7309203,-0.44674495,0.29427907
1747679464.1864417,0.57664627,0.19414754,1.0604898,-1.7309203,-0.44674495,0.29427907
1747679464.18696,0.57664627,0.19414754,1.0604898,-1.7309203,-0.44674495,0.29427907
1747679464.187478,0.57664627,0.19414754,1.0604898,-1.7309203,-0.44674495,0.29427907
1747679464.187996,0.57664627,0.19414754,1.0604898,-1.7309203,-0.44674495,0.29427907
1747679464.1885188,0.57664627,0.19414754,1.0604898,-1.7309203,-0.44674495,0.29427907
1747679464.1891332,0.57664627,0.19414754,1.0604898,-1.7309203,-0.44674495,0.29427907
1747679464.189683,0.57664627,0.19414754,1.0604898,-1.7309203,-0.44674495,0.29427907
1747679464.1902158,0.57664627,0.19414754,1.0604898,-1.7309203,-0.44674495,0.29427907
1747679464.1907358,0.57664627,0.19414754,1.0604898,-1.7309203,-0.44674495,0.29427907
1747679464.1912546,0.57664627,0.19414754,1.0604898,-1.7309203,-0.44674495,0.29427907
1747679464.1917725,0.57664627,0.19414754,1.0604898,-1.7309203,-0.44674495,0.29427907
1747679464.1922908,0.57664627,0.19414754,1.0604898,-1.7309203,-0.44674495,0.29427907
1747679464.19281,0.57664627,0.19414754,1.0604898,-1.7309203,-0.44674495,0.29427907
1747679464.1933281,0.57664627,0.19414754,1.0604898,-1.7309203,-0.44674495,0.29427907
1747679464.193846,0.57664627,0.19414754,1.0604898,-1.7309203,-0.44674495,0.29427907
1747679464.1944532,0.57664627,0.19414754,1.0604898,-1.7309203,-0.44674495,0.29427907
1747679464.195862,0.62399334,0.19170697,1.0829431,-1.8704698,-0.14953639,0.2644517
1747679464.19648,0.62399334,0.19170697,1.0829431,-1.8704698,-0.14953639,0.2644517
